0.685267,-0.008849,-0.002671,0.060234,0.012168,0.012258,0.156720,-0.217781,0.037997,-0.011117,-0.011074,-0.139794,0.143417,0.031714,-0.039590,0.555612,0.043075,-0.032148,0.293946,-0.109708
0.007941,0.022141,-0.059288,-0.067244,0.091900,-0.026952,-0.024984,-0.022084,-0.054179,-0.063997,0.018583,-0.038916,-0.027728,-0.077708,-0.025036,0.035632,0.153057,-0.014613,0.013163,0.969391
-0.112598,-0.216716,0.086426,-0.308579,0.079291,-0.013372,0.432717,0.344851,0.071081,-0.249224,-0.328487,-0.226185,-0.158909,-0.259216,-0.247785,0.241501,0.242677,0.034416,-0.153124,-0.055814
-0.206322,-0.108854,0.232797,-0.058331,0.152093,0.355538,0.270504,0.266310,-0.174898,-0.195007,0.316522,-0.012679,-0.195292,-0.325988,-0.143258,-0.021733,0.385712,0.005158,-0.207100,0.261331
0.972128,0.046928,0.028324,-0.001892,0.033351,-0.028939,0.168562,0.015945,0.086307,0.019481,0.021041,-0.045913,0.032164,0.040313,0.001450,0.049941,0.057788,0.002735,-0.016890,-0.046626
-0.182303,-0.159965,0.191723,-0.032746,0.191757,0.294689,-0.102410,0.268681,-0.175747,-0.281478,0.217716,-0.326212,-0.304087,-0.337722,-0.259493,-0.050909,0.278396,-0.006737,-0.247236,-0.134151
0.245675,-0.283928,0.166073,-0.193161,-0.002997,0.278897,0.233634,0.321646,-0.087237,-0.326588,0.232303,-0.273842,-0.244437,-0.307690,-0.075221,0.104112,-0.081389,0.223820,0.112682,-0.273392
-0.112162,0.279002,-0.042601,-0.156273,-0.006562,0.078502,0.457884,0.201338,0.044000,0.073785,0.406325,0.366322,-0.022945,-0.088725,0.017099,-0.209018,0.294509,-0.112964,-0.225098,0.343110
0.072818,-0.330283,0.141318,-0.185085,-0.053378,0.171962,0.272419,0.452290,-0.246205,-0.237766,0.032060,-0.182150,0.087777,-0.320621,-0.271724,0.334689,0.190046,0.088153,-0.164730,-0.038103
0.394850,0.050090,-0.010965,0.191815,0.089426,0.340095,0.231704,0.200690,0.339019,0.020634,0.201009,-0.207421,-0.115157,0.266638,-0.052127,0.419547,0.338865,0.004072,0.100532,-0.014584
0.061291,-0.296885,0.143753,-0.133866,0.049132,0.324100,0.224168,0.332095,-0.192469,-0.238621,0.153166,-0.276619,-0.213529,-0.339605,-0.269091,0.140176,0.325785,0.102285,-0.172243,-0.091163
-0.080587,0.119262,0.042436,-0.000908,-0.016352,-0.028590,0.136050,-0.100171,0.010438,0.021702,0.881663,-0.028805,0.052606,0.134692,-0.052622,-0.025801,-0.010138,-0.044083,0.368137,-0.084840
0.957551,0.111043,-0.053761,-0.102841,0.056862,-0.048331,0.084686,-0.057749,0.055358,-0.011192,0.068927,-0.052785,0.112424,-0.025331,-0.028283,-0.019595,0.039547,-0.078444,-0.084779,-0.033572
0.335758,-0.296030,0.107667,0.273642,-0.002596,-0.040057,0.200034,-0.120570,-0.091109,-0.275202,0.453158,-0.360852,-0.011574,0.067957,0.129420,0.308348,0.084485,0.127565,0.272309,-0.152491
0.121969,0.186070,0.050193,0.136116,0.168714,0.196975,0.303813,-0.053294,-0.044403,0.014395,0.309004,-0.135345,0.064140,-0.146465,-0.358939,0.488260,0.357695,-0.148099,0.246835,-0.217853
-0.171969,-0.281281,-0.226726,-0.220069,0.186768,0.248864,-0.078709,0.375425,0.155320,-0.269279,-0.295024,0.219774,-0.224885,-0.341441,0.019763,0.073280,0.196328,0.287462,0.039355,-0.141065
0.271796,0.013525,0.237637,0.249072,-0.044763,0.366000,0.124961,-0.189730,0.214251,-0.032145,0.399914,-0.314831,0.376653,0.098714,-0.135536,0.201909,0.081638,-0.227603,-0.139823,-0.158461
0.098435,0.252193,0.265161,-0.025200,0.092373,0.112581,0.441008,0.275374,0.045355,-0.099254,0.297903,-0.161816,0.029385,-0.069904,-0.068674,0.185624,0.418422,-0.106551,0.015625,0.453653
0.019344,-0.252174,0.193449,-0.173428,-0.070102,0.244569,0.145772,0.273360,0.048534,-0.209110,0.276765,-0.309742,-0.262464,-0.377887,-0.233566,0.224699,0.160575,0.202651,-0.198883,-0.257048
-0.138446,-0.280121,0.037720,-0.237970,-0.206294,-0.185425,0.321053,0.336664,-0.078691,-0.283440,-0.140708,-0.151148,-0.136469,-0.323724,-0.016132,0.351269,0.354403,0.197792,-0.088231,0.046920
-0.073841,0.058638,0.014041,-0.236642,0.135198,0.023459,0.054354,-0.070441,-0.124242,-0.111444,-0.038235,-0.184459,-0.060356,-0.197026,-0.059536,-0.064611,0.605491,-0.096850,-0.110670,0.637492
0.920083,-0.060436,-0.006893,-0.129640,0.088777,0.095884,0.145112,-0.020515,0.125444,0.028907,0.224577,-0.055236,0.049024,-0.002834,0.069153,0.053035,0.039204,-0.040003,0.105119,0.011652
-0.134518,0.067651,-0.110426,0.000173,0.130518,-0.055681,0.284268,-0.269848,0.224723,-0.086028,0.655257,-0.262860,0.060231,0.085168,0.073943,0.088472,0.351374,-0.173326,0.161936,-0.176375
-0.082599,-0.016946,-0.003353,-0.183258,0.197395,-0.194594,-0.019845,0.044939,-0.098493,-0.285673,0.102068,-0.271984,-0.052127,-0.251076,0.031880,0.126031,0.718998,-0.118866,-0.042228,0.298027
-0.077124,-0.272814,0.102818,-0.260741,-0.147958,0.106265,0.255935,0.223681,0.235085,-0.268136,-0.228099,-0.041958,-0.276750,-0.352545,-0.070156,0.267007,0.366689,0.255580,-0.183904,0.026469
0.207847,-0.231604,-0.021406,-0.144416,-0.142682,0.237427,0.328346,0.334975,0.100009,-0.283905,0.199278,-0.272952,-0.105964,-0.299095,-0.283284,0.270145,-0.047948,-0.176936,0.112725,-0.282933
0.933404,0.019138,-0.014920,-0.078049,0.056123,0.005409,0.081138,-0.040140,0.271320,-0.015329,-0.025646,-0.074412,0.064356,0.037321,0.109066,-0.030947,-0.040311,0.006378,-0.036381,-0.096337
0.672588,-0.111985,-0.094692,-0.021642,0.086311,-0.128444,0.230781,-0.190650,0.445346,-0.066547,0.125659,-0.261269,0.072645,-0.075159,-0.035367,0.300173,0.042101,0.014335,-0.073327,-0.125081
-0.094264,-0.265743,0.110824,-0.254363,-0.185900,0.008967,0.310113,0.405130,-0.051663,-0.242114,0.058902,-0.210041,-0.228363,-0.362997,-0.262024,0.285897,0.209113,0.049451,-0.061686,-0.235391
-0.201213,-0.214495,0.009766,-0.262319,0.277836,0.260211,0.253733,0.001738,0.169523,-0.301410,-0.184931,-0.096013,-0.299074,-0.349870,-0.207273,0.074184,0.264239,0.184658,-0.327513,-0.028356
0.088087,0.020482,-0.039411,-0.075277,0.053301,0.029446,0.036028,-0.096209,0.949199,0.003690,-0.045073,-0.127998,0.096248,0.036875,0.182138,-0.046191,-0.025937,-0.023532,-0.043181,-0.043696
-0.176574,-0.180514,0.186137,0.280026,0.136656,-0.118744,-0.123494,0.143984,-0.263896,-0.208576,0.380551,-0.317028,-0.107686,-0.356407,-0.169844,0.243661,0.285980,-0.189950,-0.216223,0.066993
-0.249653,0.051450,0.127661,-0.033401,0.002970,0.134390,0.208842,0.360903,-0.170601,-0.155205,-0.001636,-0.185425,-0.176527,-0.436365,-0.201354,0.055659,0.346861,-0.005156,-0.296997,0.405385
-0.188084,-0.276319,0.235910,-0.269680,0.264814,0.057420,0.029407,0.103080,0.347120,-0.225253,-0.062746,0.030020,-0.311125,-0.258114,-0.303955,0.145609,0.122121,0.316543,-0.136500,-0.296901
0.042050,0.073906,-0.070477,-0.100301,0.140680,-0.046450,-0.012202,0.007884,-0.045582,-0.059439,-0.041790,0.087094,-0.020988,-0.110436,0.030079,0.003780,0.955068,-0.015369,-0.012784,-0.120542
0.142835,-0.294068,-0.360518,-0.130078,-0.184533,-0.092327,0.292337,0.071396,0.095254,-0.274311,-0.265732,-0.178282,-0.258849,-0.276304,-0.073207,0.229346,0.271859,0.221107,-0.122376,-0.295463
0.186690,0.030586,0.081145,-0.051517,-0.064676,-0.124923,-0.044691,-0.033908,0.864523,0.202450,0.188465,-0.243646,0.141525,0.054546,0.032004,0.028263,-0.070816,-0.017063,0.115476,-0.072802
-0.267070,-0.127250,0.140292,-0.044953,0.309619,0.195685,-0.033053,0.327412,-0.368864,0.052691,0.199087,0.053623,-0.152490,-0.344397,-0.141357,0.003423,0.350400,-0.104672,-0.299908,0.285388
0.256919,-0.003314,-0.006421,-0.068666,0.055611,0.010776,0.066580,-0.044706,0.837985,0.020812,0.405349,-0.089150,0.087686,0.094655,0.123072,0.029018,-0.006421,-0.025179,-0.042874,-0.097609
0.046981,-0.062644,0.032709,-0.120339,0.034880,0.036372,0.083469,-0.116620,0.080997,0.089906,0.916456,-0.108411,0.093055,-0.028857,0.131979,-0.007862,0.052531,-0.098350,0.220625,0.029021
-0.055054,-0.270720,-0.228725,-0.172202,0.159945,-0.322331,0.035152,0.285470,0.262384,-0.283316,-0.231833,-0.182284,-0.159450,-0.084285,0.293457,0.059509,-0.275621,0.188343,0.315338,-0.245664
-0.241186,-0.138007,0.235767,-0.099131,0.195796,0.166754,0.236436,0.237356,0.040976,-0.344738,0.287961,-0.299882,-0.319272,-0.399023,-0.183776,0.140335,0.252852,-0.032014,-0.003040,0.077604
-0.211907,-0.073471,0.090305,0.426994,0.037396,0.037127,0.263671,0.105507,-0.106730,-0.256601,0.525918,-0.314568,0.103776,-0.007735,-0.036043,0.208760,0.276499,-0.275079,0.059516,-0.107877
-0.270212,-0.240592,0.018586,-0.219390,-0.027931,0.048525,0.232924,0.273942,0.085130,-0.351863,-0.020115,-0.106013,-0.384678,-0.365420,-0.233821,0.094844,0.195674,0.136470,-0.334877,-0.176808
0.117552,-0.191215,0.269595,0.014496,0.252410,-0.068539,-0.187600,0.222061,-0.323130,-0.318935,0.329053,-0.303708,-0.224610,-0.388605,-0.068394,0.246775,0.156946,-0.034388,-0.040827,-0.150487
0.451042,-0.273388,0.071001,-0.138260,-0.091062,0.246730,0.166101,0.225018,-0.033726,-0.352081,0.281901,-0.213637,-0.008218,-0.352143,-0.116550,0.207980,0.162609,0.115692,-0.166861,-0.226902
0.227913,-0.245845,-0.135397,0.198376,0.079704,0.058692,0.263964,0.275403,0.043175,-0.302838,0.122001,-0.310498,-0.337582,-0.069173,-0.190791,0.238260,0.206123,-0.322268,-0.286527,-0.171417
-0.235003,-0.137196,0.229302,0.131352,-0.031811,-0.093321,0.381845,0.246601,0.201538,-0.147014,0.426076,-0.319790,0.093104,-0.084975,-0.144706,-0.280029,0.083517,-0.214588,-0.124336,0.331686
-0.281009,-0.028866,0.064540,-0.085331,0.104226,0.161958,0.094172,0.431457,-0.161274,0.154632,0.049604,0.109999,-0.009822,-0.172409,-0.038821,-0.121266,0.587347,0.199930,-0.084319,0.417210
-0.189610,-0.237130,-0.009658,-0.193360,0.268373,-0.258642,0.112326,0.352549,0.130199,-0.272508,-0.131597,-0.069880,-0.211963,-0.266980,0.326083,-0.225081,-0.274642,0.272316,-0.074207,-0.229796
-0.194817,0.215309,-0.102071,-0.222979,0.128223,-0.065657,-0.042776,0.025149,-0.131096,-0.091686,0.029640,0.026589,-0.029001,-0.182385,-0.099228,-0.042916,0.562575,-0.139881,-0.234531,0.606879
-0.343323,0.105956,0.285791,-0.089953,0.299377,0.236095,0.166286,0.291420,-0.107524,-0.245962,0.306304,0.033108,-0.179528,-0.124272,-0.297030,0.167783,0.399783,-0.175973,-0.025673,-0.026639
0.391892,-0.008447,-0.020855,-0.097740,0.099677,0.010212,0.042160,-0.103785,0.850989,-0.070908,-0.034759,-0.148793,0.062911,0.016497,0.189069,0.038411,-0.072247,-0.014280,-0.003948,-0.119679
0.496399,-0.114376,0.238477,-0.270626,0.074498,0.073579,0.340080,0.141124,0.079288,-0.146788,0.268175,-0.290444,-0.021087,-0.311343,0.095209,0.260528,0.185065,0.057823,-0.203551,0.162508
-0.180221,-0.209622,0.117688,0.241561,0.185939,0.281272,0.238593,0.220084,0.113863,-0.252084,0.402252,-0.288709,-0.258778,-0.143174,-0.199669,0.227108,0.234767,-0.234658,-0.118767,0.086364
0.327336,0.074822,-0.010660,-0.122237,-0.022987,-0.074429,-0.012837,-0.073750,-0.021090,0.048725,0.647393,-0.114973,0.190153,-0.022970,-0.171883,0.485563,-0.028464,-0.147899,0.294727,-0.117561
0.986885,0.094209,0.007172,-0.018355,0.028162,-0.000904,0.002726,0.003012,-0.036282,0.064043,-0.016371,-0.015841,0.075309,0.019352,-0.034390,0.027477,0.004703,-0.038756,-0.020209,-0.011486
0.412129,-0.051136,0.307625,0.099629,0.098306,0.142276,0.270612,-0.014643,0.255634,-0.238711,-0.056681,-0.274502,0.096400,0.060206,0.208055,0.199693,0.369905,0.133529,0.405554,0.059263
-0.225784,-0.285850,0.129586,-0.333745,0.056583,0.127994,0.017665,0.286088,0.227106,-0.335691,-0.087635,-0.225044,-0.361881,-0.265070,-0.129987,0.034547,0.001785,0.297913,-0.061901,-0.320785
-0.265274,-0.098590,0.122190,-0.046888,-0.000806,-0.009942,0.343086,0.243139,-0.103976,0.020235,0.463217,0.171269,-0.014733,-0.332013,-0.024047,-0.065293,0.515841,-0.016623,-0.143002,0.261963
-0.274645,-0.196898,-0.021551,-0.270465,0.422420,-0.284350,0.118799,0.052252,0.263760,-0.259713,-0.229465,0.065658,-0.249858,-0.230575,0.326131,0.120889,0.116253,0.211013,0.217211,0.016471
-0.126731,-0.286189,0.152095,-0.084489,0.158197,0.050779,0.310095,0.017607,0.330285,-0.268743,-0.147927,-0.128771,-0.321222,-0.233224,0.196119,0.215764,0.242676,0.183844,-0.425047,-0.109385
0.019409,-0.197734,0.257739,0.122774,-0.052587,0.257005,-0.154194,0.277946,0.091630,-0.208618,0.255148,-0.338457,-0.313667,-0.274048,-0.166214,-0.203902,0.356100,0.132271,-0.278425,-0.114404
-0.098038,-0.295904,-0.053361,-0.316027,0.390338,-0.154481,0.065761,-0.223084,0.057885,-0.365151,-0.291726,-0.014456,-0.255657,-0.159628,0.253253,0.149477,0.205778,0.308872,0.145972,-0.106837
0.017899,0.013600,0.058938,-0.147602,0.063319,0.011775,0.061107,-0.023701,-0.067808,-0.132882,-0.063169,-0.161356,-0.102603,-0.151681,-0.085244,-0.018038,0.881202,0.059533,-0.140386,0.269470
0.416228,-0.237143,-0.058548,-0.140418,0.145854,0.021048,-0.052314,-0.205067,0.255756,0.143652,0.387678,-0.299165,0.180049,-0.149383,0.148716,0.389591,-0.108320,0.044311,0.230327,-0.244229
-0.334277,-0.156043,0.126392,0.125372,-0.050557,0.143159,0.022764,-0.013270,-0.098226,-0.064509,0.771270,-0.261826,0.275726,0.007966,-0.128566,0.028289,0.114587,-0.114581,0.023478,-0.104992
-0.314949,-0.181764,0.213142,-0.034095,0.031224,0.219311,0.027363,0.397103,-0.180767,-0.211419,0.113490,0.042701,-0.301569,-0.336424,-0.264706,0.013964,0.329276,-0.013639,-0.362203,0.086014
-0.225440,-0.226954,0.206649,-0.122318,0.223419,0.189567,0.127769,0.243194,-0.305579,-0.221818,0.333038,-0.202649,-0.227224,-0.361005,-0.242394,0.279696,0.183670,0.008352,-0.168619,-0.054257
0.141958,0.038347,0.019057,0.018404,0.020418,0.021090,0.119104,0.042994,0.011746,0.004535,0.972099,-0.030494,0.075414,0.029713,0.001121,-0.002796,0.068731,-0.005779,0.057998,0.003895
-0.129221,-0.221879,0.016138,-0.212447,0.144022,0.166334,0.267580,0.208745,0.004925,-0.351487,0.197756,-0.217339,-0.215619,-0.367885,-0.281428,0.359482,0.212494,-0.146533,-0.058552,-0.234242
-0.192969,-0.248370,-0.073128,-0.186080,0.183583,0.058446,0.205320,0.304148,-0.314965,-0.257388,-0.012853,-0.211064,-0.218675,-0.357728,-0.239588,0.196397,0.274937,0.162683,-0.275543,0.171505
0.916708,0.058251,-0.017242,-0.007036,0.020530,0.027928,0.030100,0.026097,-0.001864,0.066425,0.359423,-0.038629,0.078965,0.063517,0.038073,-0.017626,0.036597,-0.015354,0.035275,-0.056358
0.281618,0.053507,-0.140434,-0.217567,0.176594,0.136872,0.406047,-0.104687,0.084757,0.058135,0.569364,-0.139533,0.055937,-0.222521,-0.022166,0.165948,0.420528,-0.095031,0.012406,0.064086
0.077038,0.066397,-0.064610,-0.073777,0.056541,0.007123,0.037424,0.339883,-0.000084,0.016703,0.229154,-0.053633,-0.006116,-0.094965,-0.003650,0.056029,0.812409,-0.061879,-0.060497,0.352843
-0.032674,0.025923,-0.016343,-0.063820,0.150174,-0.017490,-0.054002,0.005842,-0.042200,-0.040541,0.019037,-0.029519,-0.019437,-0.060743,0.103309,0.012895,-0.055831,-0.035547,-0.030924,0.971190
0.011446,-0.302912,-0.254160,-0.311536,-0.063836,0.009776,0.197700,0.010485,0.293812,-0.274008,-0.231849,-0.131412,-0.283983,-0.234908,0.302335,0.209272,0.281745,0.214685,0.057404,-0.266219
0.935085,-0.030371,0.094882,-0.057547,-0.032801,0.090126,0.128218,0.030318,0.054942,-0.049699,-0.180869,-0.065659,0.000717,0.037885,0.135647,0.073891,0.078070,0.044551,0.061622,0.078326
-0.104830,0.124455,0.042909,-0.054744,-0.043397,-0.021683,0.117701,-0.105498,0.540436,0.100982,0.750213,-0.128533,0.150240,0.113929,0.079236,-0.035487,0.025987,0.017004,0.124118,0.016710
0.208358,0.013542,-0.037501,-0.139695,0.042069,0.063698,0.099180,-0.116106,0.127884,0.101214,0.037332,-0.131740,0.101901,0.123868,0.895591,-0.060004,-0.118818,-0.092488,-0.004341,-0.082996
0.034454,-0.031252,-0.039150,-0.114881,0.024029,-0.087525,0.069253,0.028641,0.056683,-0.030402,0.127988,0.211037,-0.013566,-0.070632,0.132101,0.004704,0.226015,-0.123793,-0.069114,0.900204
0.403836,-0.160329,0.388743,0.032390,-0.025005,0.044336,0.374220,-0.250450,0.233384,-0.126623,0.491365,-0.296175,0.019691,-0.094405,-0.016955,0.138556,0.069311,-0.042850,0.059254,-0.122826
0.432952,-0.219470,0.177158,-0.043986,-0.069047,0.182724,0.339396,-0.084352,0.077655,-0.189201,0.381609,-0.202069,-0.141743,-0.224445,-0.106277,0.414897,0.075382,-0.066510,-0.067499,-0.271585
0.430234,-0.312948,0.204940,0.207487,-0.071959,0.298780,-0.047863,0.070087,0.032597,-0.095231,0.417273,-0.377636,-0.172192,0.004741,-0.082140,-0.042748,0.024478,-0.243653,0.165174,-0.279116
-0.010269,0.031231,-0.058814,0.199588,0.124611,-0.022575,0.299335,-0.174384,0.070169,-0.092775,0.435425,-0.184096,0.096412,0.179899,-0.104527,0.580013,0.096798,-0.025094,0.423183,-0.066902
0.035258,0.090009,-0.072615,-0.144519,0.117977,0.166082,-0.105339,-0.044327,-0.086175,-0.084585,0.174929,-0.197948,0.005620,-0.163457,-0.023297,-0.044229,0.852799,0.026531,-0.163682,0.203862
0.406834,0.043150,0.012883,-0.124236,0.111813,0.027319,-0.037845,-0.259605,0.287113,0.043755,0.733614,-0.203926,0.107190,-0.131386,0.013684,0.034066,-0.065319,-0.125693,-0.033405,-0.139797
0.428317,0.222491,0.222889,-0.144521,0.056047,0.219505,-0.060148,0.051698,0.073426,0.050859,0.510555,-0.064879,0.372505,-0.095649,-0.118218,0.135194,0.364575,-0.158912,0.136344,0.095337
-0.162831,-0.291148,-0.121328,0.061445,-0.198610,0.102261,0.266441,0.352828,0.141889,-0.308948,0.083033,-0.163151,-0.244426,-0.295954,0.341505,0.204152,-0.115099,0.279106,0.020419,-0.280260
-0.154116,-0.057398,-0.049049,-0.047432,0.047297,0.048564,0.068099,0.251196,-0.035430,0.092334,0.128571,0.399098,0.003632,-0.089310,0.050785,-0.130819,0.810478,-0.092077,-0.130595,0.016873
-0.201546,0.331512,-0.041412,-0.041437,0.083916,-0.100227,0.334653,0.350480,-0.025587,0.246527,0.105133,0.374469,0.175364,-0.232107,0.063979,-0.184103,0.257115,-0.102065,-0.247960,0.347559
-0.214508,-0.252914,-0.127032,-0.199619,-0.034452,0.195642,-0.065207,0.163349,0.002512,-0.309756,-0.095623,-0.104791,-0.316267,-0.394648,-0.049587,0.254278,0.377034,0.274430,-0.287588,0.156515
0.101978,-0.099152,0.229990,0.103979,0.197947,0.214654,0.195486,0.112456,0.039523,-0.209442,0.412639,-0.297744,-0.237319,-0.383295,-0.081386,0.246917,0.219077,-0.203082,-0.226911,-0.253060
0.196048,-0.102525,-0.053334,0.115148,0.106279,-0.021823,0.015216,-0.094110,0.878663,0.037478,-0.000143,-0.222594,0.175832,0.040712,0.116058,0.005036,0.034990,-0.014726,0.141203,-0.153755
-0.247072,0.011728,0.204594,-0.083842,0.163220,-0.004933,-0.000958,0.098951,-0.120457,0.035090,0.042570,0.054750,-0.190078,-0.313217,0.015691,-0.232575,0.586979,0.255850,-0.267719,0.403326
0.044276,-0.079507,-0.089384,-0.057086,0.116954,0.004414,0.127099,-0.054614,0.007436,0.040544,0.054289,0.328915,-0.037246,-0.067816,0.107473,0.000274,0.883664,-0.110222,-0.045280,0.149017
-0.323356,-0.206249,0.189725,-0.172382,-0.163755,0.215136,0.171310,0.362811,-0.187371,-0.129489,0.178452,0.043117,-0.216341,-0.386618,-0.294511,0.040797,0.335577,0.159161,-0.185613,0.102266
-0.203300,-0.134781,-0.119790,-0.199595,-0.160432,-0.141581,0.283236,0.271292,0.028093,-0.261429,-0.046844,0.446250,-0.149091,-0.252609,0.161165,0.179631,0.288233,0.068005,-0.235436,0.358927
-0.194991,-0.219504,0.192482,-0.217526,0.316319,0.399822,0.182575,0.190908,0.013028,-0.237161,-0.026856,-0.245922,-0.173711,-0.301228,-0.240941,0.196258,0.242626,0.157554,-0.254728,0.126732
0.168528,-0.159909,-0.256485,-0.154671,0.099186,0.240644,0.209445,0.265230,0.159824,-0.312091,-0.150840,-0.226119,-0.277426,-0.382371,-0.262765,0.191647,0.251711,0.192254,-0.178968,-0.127416
0.065055,-0.177885,0.169040,0.064916,0.145313,-0.002015,0.129654,0.322886,0.088148,-0.268506,0.362072,-0.279312,-0.236600,-0.370154,0.215866,0.185248,0.281190,-0.095941,-0.262109,-0.263234
-0.088086,-0.161074,0.264623,0.055476,0.280560,0.230606,0.131593,0.274409,-0.009181,-0.277166,0.253238,-0.323936,-0.256835,-0.160334,-0.252260,-0.152103,0.190479,-0.278734,-0.334083,0.136692
0.157040,0.005692,0.121891,-0.085841,-0.084414,-0.101635,0.070978,-0.103768,0.048144,-0.006972,0.922841,-0.088567,0.053964,0.184016,-0.015926,0.055644,0.109987,-0.016019,-0.001749,-0.074101
-0.027605,0.054706,-0.026991,-0.070100,0.163312,-0.036814,0.024887,-0.060409,-0.023686,0.011505,-0.018140,-0.033925,-0.009088,-0.056027,0.095492,0.036254,0.969072,-0.034721,0.008038,0.045935
0.928510,0.080590,0.080744,-0.087676,-0.030494,0.062665,0.196916,-0.010495,0.092074,0.097232,-0.070097,-0.132427,0.098224,-0.021230,0.114359,-0.023039,0.080979,-0.010463,-0.001286,-0.051646
-0.214486,-0.259619,0.281524,-0.248191,0.320342,0.105259,0.252194,0.221666,0.310696,-0.293633,-0.185071,-0.073328,-0.190604,-0.159331,-0.319566,0.135110,-0.035578,0.100288,-0.076399,-0.312519
-0.140354,-0.048430,-0.073629,-0.094351,0.088818,0.291016,0.241779,-0.158083,-0.081743,-0.122613,0.400128,-0.225107,0.025884,-0.272311,-0.064625,-0.004204,0.476084,-0.003832,-0.162425,0.472275
-0.263548,-0.247198,0.250463,-0.093833,-0.215910,0.323917,0.024827,0.191236,0.127419,-0.010894,0.379186,-0.348042,0.114696,-0.321660,-0.051104,0.153399,0.191542,0.246535,0.113623,-0.273426
0.359041,-0.056991,-0.097379,0.042180,0.079657,0.269547,0.232679,0.215711,0.487982,0.014841,0.139659,-0.296468,-0.160500,0.013989,-0.215705,0.063408,0.307207,0.085607,0.350379,0.173747
-0.033118,0.031820,0.016692,0.165289,0.092168,0.267397,0.174732,-0.062210,0.168709,0.058729,0.659378,-0.232142,0.222402,-0.018794,-0.051845,0.161641,0.085261,-0.107682,0.445519,-0.198319
-0.057491,0.063535,-0.080973,-0.108715,0.197321,-0.073014,0.042724,0.192006,-0.075573,-0.144048,0.214560,0.190339,-0.009826,-0.070345,0.042102,-0.039526,0.750657,-0.054436,-0.067149,0.450844
0.175470,-0.273471,-0.059904,-0.174378,-0.010042,-0.057563,0.079883,0.156054,0.293917,-0.327976,-0.247955,-0.232105,-0.271256,-0.163290,0.306476,0.175724,-0.153516,0.261411,0.279530,-0.349112
0.456020,-0.257614,-0.284893,-0.275865,-0.112403,0.007281,0.211984,0.179963,0.064420,-0.252053,-0.137698,-0.196865,-0.201003,-0.311831,-0.122043,0.245745,0.088965,0.159683,0.102450,-0.310115
0.875303,-0.069132,-0.071737,0.037461,0.256454,0.013115,0.071690,-0.065542,0.137594,0.076618,0.033514,-0.138619,0.110057,0.043946,-0.084676,0.151642,0.011893,-0.120108,0.179967,-0.104091
-0.086145,0.103523,-0.094283,-0.207830,0.122948,0.010174,0.235597,0.008925,-0.001772,0.110317,0.476782,0.206085,-0.010134,-0.151028,0.089971,0.003121,0.681523,-0.082096,-0.082607,0.260681
0.909292,-0.008578,-0.024031,-0.069174,0.005153,0.150359,-0.009651,-0.045684,0.022540,0.125140,0.091328,-0.242960,0.095636,0.060904,-0.087482,-0.010930,0.005305,-0.122771,0.148895,-0.038724
-0.289453,0.225219,0.147081,-0.048289,0.173962,0.199379,0.303443,0.173954,-0.006439,0.056482,0.278842,-0.038211,0.004659,-0.103920,0.228815,-0.269129,0.323742,-0.175220,-0.200675,0.505314
-0.191464,-0.175531,-0.284584,-0.167643,-0.009945,0.273380,0.189940,0.199204,-0.295117,-0.200719,-0.183173,0.030272,-0.194925,-0.356466,-0.096484,0.108149,0.373927,0.268527,-0.191773,0.276073
0.502745,-0.296151,-0.061970,-0.256496,0.016867,0.215692,-0.038653,0.243301,0.175179,-0.087936,0.166348,-0.263838,0.003182,-0.266178,-0.099837,0.289036,-0.195427,-0.160000,-0.045140,-0.341339
0.980953,-0.016896,0.017298,-0.061219,0.014377,-0.012804,0.053489,-0.078613,0.041309,0.028586,0.039265,-0.076847,0.036294,-0.002376,0.003900,-0.000338,-0.045306,-0.083890,0.056218,0.020652
-0.280718,-0.136619,0.196432,-0.141110,0.191522,0.076883,0.173376,0.279923,-0.260650,-0.297258,0.086988,-0.265940,-0.283873,-0.333513,-0.143251,0.186426,0.335329,0.023279,-0.271104,0.157670
-0.225982,-0.098392,0.025116,0.103442,0.023156,-0.014059,-0.186211,0.172205,-0.153896,0.085816,0.033139,0.189611,-0.089649,-0.156512,0.036933,-0.082102,0.711664,-0.025377,-0.093669,0.488095
-0.030173,-0.274376,-0.027773,-0.146600,-0.180802,-0.179129,-0.025141,0.418882,0.212854,-0.313793,-0.044057,-0.045565,-0.219759,-0.207482,0.534208,0.174625,-0.005241,0.228924,-0.200792,-0.113656
0.276506,-0.217031,0.078419,0.431345,0.167687,0.220043,0.231509,0.276802,0.027272,-0.104485,0.178373,-0.254432,-0.221234,-0.142243,-0.293616,0.274760,0.034783,-0.235098,-0.074015,-0.276455
0.378275,-0.237472,-0.149606,-0.020359,-0.042941,-0.180749,-0.031270,0.149824,-0.004545,-0.265912,0.360640,-0.224525,-0.057349,-0.174342,0.289547,-0.041156,-0.297553,0.098322,0.411303,-0.286335
-0.115381,0.132571,0.151309,-0.184772,0.216601,0.301637,0.113848,0.350925,-0.233553,-0.240946,0.071253,-0.240119,-0.298921,-0.261488,-0.148175,0.018224,0.404810,-0.015234,-0.326929,0.108293
-0.307053,-0.247937,0.220311,-0.358845,0.240231,0.187413,0.069439,0.227738,0.130449,-0.348438,-0.124474,0.203524,-0.329461,-0.041834,-0.323559,-0.028726,0.067172,0.266886,0.125345,-0.121714
-0.265978,0.357609,0.149151,-0.077089,0.016823,-0.006694,0.330682,0.342160,-0.106131,-0.128085,0.335770,-0.071178,0.340782,-0.125521,0.020391,0.132836,0.326154,-0.195158,-0.216212,0.244528
