0.905300,0.080069,0.031777,-0.083861,0.020875,0.078265,-0.078403,0.024169,-0.042516,-0.062662,0.330002,-0.057321,0.048626,0.010684,-0.138724,0.069142,0.045998,0.066827,-0.040187,-0.008049
0.025599,0.035707,-0.038760,-0.013491,0.038791,-0.001643,-0.017363,0.967945,-0.040771,0.004106,-0.040053,-0.123429,-0.039588,-0.026459,0.019970,0.014020,0.188648,0.007486,0.025027,-0.002781
-0.220241,0.146799,0.191167,-0.297533,-0.236121,0.187953,0.319869,-0.047606,0.193025,-0.249750,-0.085967,-0.298381,-0.195237,0.035486,-0.181244,0.294837,0.250616,0.196136,-0.245780,0.303834
0.087595,0.216854,0.262349,-0.133248,-0.022985,0.168666,0.271194,0.335694,0.113112,-0.313375,-0.096224,-0.238946,-0.140988,0.061787,-0.113200,0.205971,0.472094,0.311356,-0.176620,0.190289
0.983634,0.008986,0.027782,0.017292,0.028451,0.047391,0.012349,-0.020914,-0.020738,0.006477,0.037672,-0.053715,0.060244,0.037129,-0.036374,0.069407,0.078974,0.056991,0.035465,0.031624
-0.141281,-0.073307,-0.059676,0.178681,-0.106837,0.373890,0.307303,0.051233,0.193273,-0.404590,-0.165044,-0.106324,-0.090989,-0.315229,0.067029,0.248380,0.282225,0.327438,-0.131496,-0.270789
0.297621,0.134777,0.082693,-0.036430,-0.219237,0.206135,0.257506,-0.040272,0.251969,-0.343336,0.064796,-0.323840,-0.167771,-0.366094,-0.015430,0.300502,0.134364,0.267960,0.208042,-0.224312
-0.057140,0.236535,0.068085,-0.143157,-0.024092,0.041389,0.178996,0.802598,-0.053935,-0.144725,0.076434,0.035763,-0.013361,-0.033109,-0.021278,0.134245,0.391444,0.006353,-0.111049,0.144342
-0.185398,-0.288987,0.223264,-0.021342,0.085932,0.093552,0.179538,0.200832,-0.011877,-0.270707,0.461171,-0.238598,0.213234,-0.129294,-0.309809,0.174728,0.318499,-0.122571,-0.199038,0.235157
0.476257,0.233931,0.021991,-0.001241,-0.059220,0.287439,0.179391,-0.193215,0.051977,-0.158464,0.379638,-0.160464,-0.008380,0.046850,-0.349368,0.101731,0.325391,-0.058652,-0.158104,0.309281
0.222188,0.074030,0.104958,-0.097128,-0.212267,0.189943,0.322177,0.210538,0.164469,-0.296279,0.305610,-0.280876,0.047113,-0.146961,-0.334304,0.232183,0.226412,0.281042,-0.190122,-0.229006
0.945056,0.040436,-0.000933,0.017126,0.008786,0.073261,0.004456,-0.077071,0.000432,-0.006110,0.192073,-0.061955,0.134469,0.040655,-0.085800,-0.004636,0.046362,0.053977,0.097205,0.105540
-0.037036,0.039165,-0.038782,-0.055302,0.033973,0.099598,-0.013414,-0.004120,-0.044422,0.060914,0.947754,-0.030709,0.240951,0.018861,-0.064924,0.030147,0.104632,0.005982,-0.025119,0.035292
0.231516,0.004228,0.178224,0.384746,-0.147865,0.041854,-0.203924,-0.267607,0.180809,-0.358354,0.086769,-0.299651,-0.082575,-0.053494,-0.062408,0.273395,0.236856,0.202180,0.395801,-0.171436
0.072046,0.228054,0.144169,-0.259331,-0.198419,0.205580,0.243253,-0.172403,0.055429,-0.169485,0.542010,-0.047760,-0.056090,-0.194548,-0.355416,0.101092,0.296236,-0.244018,0.129184,-0.121893
-0.213885,0.117142,0.194601,-0.190098,-0.200439,0.221659,0.245036,0.216968,0.256368,-0.241510,-0.197391,-0.082107,0.157965,-0.378625,-0.258063,-0.121273,-0.274557,0.315694,-0.190014,-0.198942
0.268101,0.246369,-0.083114,-0.197459,-0.209696,0.089302,0.353374,-0.072306,-0.037699,-0.383770,0.497664,-0.129492,0.252551,-0.044842,0.145093,0.264372,0.099169,0.146531,-0.177668,-0.082039
0.307654,0.270264,-0.052084,-0.151186,0.066420,0.252527,0.354944,0.393856,-0.154633,-0.242798,0.173495,-0.081171,0.052751,0.176167,-0.092421,-0.036629,0.444289,0.177518,0.208808,-0.147271
-0.319864,-0.081639,-0.187799,0.018649,0.195527,0.220292,0.248003,0.115519,-0.241952,-0.273524,-0.205366,-0.181440,0.281358,-0.025541,0.208631,0.320903,0.200337,0.317513,-0.024044,-0.342778
0.072928,-0.164113,0.252640,-0.249579,-0.164877,-0.229800,0.232839,0.162838,0.269655,-0.284247,0.050376,-0.209499,0.313994,-0.169955,-0.299066,0.170526,0.299645,0.301911,-0.000636,0.232459
-0.044754,0.120149,-0.080180,-0.152565,0.049731,-0.022978,-0.128450,0.350562,-0.191940,-0.142765,-0.004104,0.295164,-0.024219,-0.063116,0.295087,-0.044012,0.731036,0.162884,-0.070809,0.086936
0.966127,0.026387,-0.006401,-0.084406,0.106169,0.026256,0.043498,0.034400,-0.117386,0.072618,0.007179,-0.053282,0.075531,-0.008143,0.040728,0.089760,-0.024397,0.054377,-0.038402,-0.035264
0.378320,0.104887,0.092521,-0.214362,0.103611,-0.205281,0.225361,-0.090711,0.061296,-0.215615,0.410479,-0.131410,0.053365,0.309332,0.264263,0.341441,0.168631,0.061051,0.326651,0.140165
-0.069832,0.040735,-0.207308,-0.132782,0.118693,-0.261205,0.058143,0.510618,-0.179742,-0.091982,-0.045036,-0.261616,-0.094430,-0.054321,0.161037,0.174520,0.594930,0.169910,-0.078235,-0.134164
-0.077746,-0.059356,0.275800,-0.240669,-0.215088,0.217256,0.214118,-0.169293,0.367038,-0.316428,-0.082038,-0.172739,0.230336,-0.187663,-0.257442,0.045696,0.236870,0.355308,-0.224575,-0.166255
-0.064298,-0.120085,0.110638,-0.239520,-0.253015,0.199003,0.281997,-0.163996,0.148081,-0.312367,0.038741,-0.315274,0.218443,-0.270211,-0.321831,0.332532,0.237808,0.278128,-0.070647,-0.087272
0.090689,-0.051769,0.102893,-0.015278,0.028151,0.056730,0.019305,-0.078560,-0.080230,-0.058377,0.111167,-0.060845,0.049818,0.025315,-0.016893,0.107800,0.959490,0.074785,0.019459,0.013914
0.299721,0.037812,-0.069520,0.498638,0.126099,-0.075835,0.307346,-0.098242,-0.003018,-0.135888,0.415493,-0.304008,0.039148,0.019456,-0.092982,0.242426,0.332829,0.095488,0.077455,0.225280
0.049395,-0.112456,0.204866,-0.218331,-0.265840,0.206739,0.378601,-0.092081,0.243886,-0.171514,0.301070,-0.278624,0.283801,-0.111663,-0.357462,0.145490,0.181336,0.173740,-0.259005,0.027650
-0.183301,-0.104888,0.188001,-0.238803,-0.067202,0.227753,0.363005,0.098206,0.296398,-0.359463,-0.190241,-0.132920,-0.276574,-0.167900,-0.004031,0.213265,0.062780,0.319472,-0.265120,-0.260431
0.026597,-0.035697,-0.024518,-0.040851,0.007912,0.087852,0.939153,-0.047431,-0.068310,-0.075745,0.106055,-0.092485,0.089778,0.021368,-0.042774,0.029015,0.240200,0.061700,0.007589,0.027499
-0.159149,-0.088855,-0.298639,0.252982,0.214871,-0.112890,0.265354,0.250626,-0.270304,-0.205832,0.227454,-0.206278,-0.123683,-0.273087,0.312498,0.329260,0.260452,0.169515,-0.104407,-0.091223
-0.108911,0.283888,0.140560,-0.176206,-0.223684,-0.135623,0.233305,0.283359,0.142316,-0.269408,0.083516,-0.175926,-0.026795,-0.370877,-0.367973,0.217739,0.306362,0.231447,-0.215303,0.089255
-0.197101,0.285278,0.334829,-0.258037,-0.186010,0.165217,0.123803,-0.010803,0.470733,-0.255424,-0.105232,-0.192042,0.103473,-0.122824,-0.319988,0.252550,0.071732,-0.145721,-0.265667,-0.004808
0.033318,0.017432,-0.045386,-0.038504,0.062392,0.076214,-0.005564,0.952694,-0.007564,-0.011069,-0.012757,-0.124968,-0.045814,0.053679,0.039200,0.000896,0.226357,0.043895,-0.014977,-0.042649
-0.062920,-0.272441,0.181488,-0.140877,-0.307715,0.214320,0.265960,-0.196141,0.272466,-0.279011,0.253410,-0.300234,0.144284,-0.112141,-0.342992,-0.126860,0.209683,0.128725,-0.228266,-0.181635
0.000611,0.033111,-0.057822,-0.131768,-0.065035,0.148439,0.031088,-0.123953,-0.071677,-0.105484,0.043048,-0.085123,0.072140,-0.028250,-0.089964,0.087511,0.927817,0.038235,0.075994,0.142845
-0.170091,0.190271,-0.191017,-0.075539,0.315344,0.248110,0.112657,0.303007,-0.256833,-0.130724,-0.139887,0.220944,-0.239695,-0.240364,0.348833,0.252898,0.208051,0.300399,-0.169813,-0.111799
0.113185,0.015971,0.062285,0.019714,0.028973,0.098670,0.955139,-0.042984,-0.055569,-0.010601,0.104259,-0.084630,0.107310,0.103767,-0.096078,0.005679,0.018751,0.060787,0.006597,0.032925
0.962677,0.030980,-0.057361,-0.064762,0.017346,0.066635,0.019673,-0.001078,-0.017937,0.039445,-0.026934,-0.120090,0.115679,-0.014437,-0.021624,0.136336,0.090089,-0.036194,-0.013631,0.019936
-0.179204,-0.337637,0.356349,-0.144649,-0.215106,-0.313570,0.282259,-0.138898,0.304603,-0.262814,-0.155480,-0.287166,-0.179422,0.045334,-0.264707,-0.186542,0.056037,0.163970,-0.153159,-0.036461
-0.175843,0.157910,0.229926,-0.212909,0.198228,0.176772,0.225386,0.037930,0.194923,-0.387257,-0.202157,-0.278386,-0.289006,0.074016,0.170648,0.321820,0.243689,0.204033,0.301060,-0.059120
-0.352818,0.266477,0.209660,-0.165302,-0.248363,0.087310,0.294660,0.083765,-0.047108,-0.267864,0.408222,-0.259936,0.177627,-0.022268,0.158054,0.119184,0.066821,0.019858,0.381988,-0.199721
-0.275257,-0.216771,0.171335,-0.134485,-0.002992,0.100019,0.302878,0.277358,0.238306,-0.347311,-0.243233,-0.329745,-0.083331,-0.086471,0.026464,0.143166,0.177863,0.273279,-0.336274,-0.225396
-0.219921,-0.143887,-0.046403,-0.015133,0.308434,-0.110172,-0.101984,-0.014807,-0.138810,-0.354322,-0.143902,-0.320672,-0.086474,-0.392410,0.283539,0.222820,0.257128,0.356049,-0.116205,-0.210743
0.334450,-0.107241,0.137146,0.146957,0.057659,-0.119948,0.129992,-0.101321,0.226383,-0.337555,0.327199,-0.293773,0.326898,-0.326549,-0.132299,0.111579,0.211672,0.287128,-0.140376,-0.205923
0.246335,0.241785,0.216901,0.078642,-0.260271,-0.005616,0.217694,-0.256972,-0.007834,-0.322184,0.167748,-0.330118,-0.099496,0.062461,-0.360916,0.367550,0.175078,-0.193623,-0.209410,0.119585
-0.003941,0.396317,0.250448,0.041571,-0.183223,-0.111258,0.394453,0.029303,-0.138221,-0.086204,0.361149,-0.230520,-0.141166,0.078341,0.284297,0.194770,0.194516,0.104851,0.336973,-0.242390
-0.194177,0.325658,-0.135691,-0.159997,0.106224,0.129505,0.247905,0.243904,-0.197912,-0.133708,-0.047461,0.365208,-0.052649,-0.161319,0.215589,-0.167242,0.374940,0.231209,0.338842,-0.241778
-0.287342,0.025200,0.179666,-0.170938,-0.076623,0.077755,0.231857,0.341278,0.301400,-0.233546,-0.151411,-0.226446,-0.262315,0.126477,0.310619,0.034946,-0.200261,0.336204,-0.248324,-0.237175
-0.201448,0.149017,-0.177827,-0.195791,-0.016803,0.337935,0.114103,0.392029,-0.075325,-0.116863,-0.011394,0.484241,0.033221,-0.027763,0.089468,0.105527,0.486448,0.178155,-0.022310,-0.205511
-0.314919,0.266683,-0.036379,-0.242024,0.151121,0.167662,0.315981,0.183348,-0.144088,-0.388771,0.099117,0.112753,-0.116285,-0.321285,0.125760,0.202834,0.279370,0.058499,0.303304,-0.209261
0.074648,-0.038520,-0.023011,-0.032492,0.076332,0.102746,0.088227,-0.114185,-0.179802,-0.048260,0.083514,-0.128520,0.094624,0.061751,-0.104395,0.033201,0.923040,0.137046,-0.002905,-0.021039
0.419870,0.130909,0.104176,-0.186654,-0.020524,0.043004,0.195632,-0.092008,-0.180286,-0.188618,0.225790,-0.207479,0.141202,-0.247956,-0.125589,0.145637,0.619502,0.116446,-0.183182,0.021499
0.260524,0.185763,0.094549,-0.139911,-0.204299,-0.050291,0.309524,-0.081879,0.168400,-0.344677,0.147338,-0.251507,-0.225753,-0.116840,-0.359087,0.306416,0.218413,0.067088,-0.220687,0.319133
0.837094,0.028489,-0.129458,-0.182086,-0.206119,0.082078,-0.011920,0.033992,-0.055357,-0.122484,0.036206,-0.083356,0.123873,0.019005,-0.173426,0.055671,0.305678,0.019235,0.152400,0.076067
0.987912,0.030783,-0.001271,-0.001855,0.027908,0.043013,-0.048369,0.023899,0.048896,0.014982,0.019206,-0.023644,0.087119,0.007849,-0.031288,0.015122,0.012764,0.042452,0.033238,0.045461
0.136854,0.134455,0.035797,0.074104,0.193001,0.068269,0.207425,0.103141,-0.343212,-0.200460,0.537548,-0.091013,0.046777,0.263956,0.167972,0.255633,-0.089277,0.326988,0.340692,0.096129
-0.231005,-0.230800,0.187000,-0.257947,-0.085775,0.198420,0.310874,0.144984,0.329264,-0.333356,-0.200893,-0.312746,-0.091662,0.065436,-0.151014,0.195378,0.091697,0.247914,-0.278896,-0.220110
-0.264978,0.108307,0.256083,-0.193367,-0.102496,-0.221425,0.116277,0.440750,-0.020108,0.014526,0.148888,-0.212732,0.169439,0.010100,0.150759,0.285821,0.460489,0.271581,0.236613,-0.068615
-0.320220,0.154430,0.235802,-0.227074,-0.156618,0.114167,0.269362,0.285732,0.356873,-0.268765,-0.237890,-0.243901,-0.066964,0.029678,0.106723,0.114732,-0.241446,0.345702,-0.210896,-0.082521
-0.170261,-0.264056,0.370429,0.079195,-0.169089,0.043251,0.223244,-0.018183,0.323462,-0.313479,-0.079602,-0.183509,-0.393809,0.134739,-0.167397,0.103322,0.165957,0.271604,-0.282177,0.203434
-0.266622,-0.230437,0.036902,0.234843,0.210237,0.256237,0.041896,0.194483,0.144397,-0.345445,-0.169879,-0.086181,-0.212683,-0.252675,0.155679,0.145048,0.348246,0.342166,-0.153032,-0.277971
-0.168225,0.177489,0.309799,-0.262604,-0.281645,0.169625,0.315162,0.252381,0.379687,-0.280287,-0.086541,-0.268675,0.088655,-0.124884,-0.129034,-0.019087,-0.028063,0.262251,-0.269822,-0.137497
-0.111450,0.076825,-0.045435,-0.015337,0.032732,0.137964,0.247228,0.732132,-0.092711,-0.171432,-0.135741,-0.196270,-0.036623,-0.013695,-0.077051,0.047029,0.289862,0.376375,0.043459,-0.173080
0.245606,0.036156,0.271946,-0.013883,0.041849,0.236117,0.048709,-0.044596,-0.028032,-0.048093,0.721710,-0.205153,0.100101,-0.070254,0.033272,0.349220,0.186671,-0.071643,-0.135730,-0.199719
0.177119,0.145427,-0.124787,-0.085432,-0.125273,0.171853,0.018526,0.169501,-0.142362,-0.254117,0.150406,-0.216181,0.230476,-0.084636,-0.195772,0.645081,0.212105,-0.000152,0.367331,-0.038092
-0.216452,-0.027879,-0.149982,-0.075404,0.250513,0.276162,0.184045,0.318117,-0.185013,-0.273641,-0.244739,0.146396,-0.240836,-0.309967,0.218753,0.229830,0.083304,0.336730,0.018911,-0.290204
-0.197162,0.131602,0.152917,-0.202570,0.189706,0.235334,0.240255,0.248690,-0.228827,-0.290655,0.291537,-0.327924,-0.039112,-0.290563,0.078808,0.266404,0.275167,0.220696,-0.114371,0.196055
0.024794,0.008978,0.007752,0.059240,0.028142,0.056355,-0.012844,-0.003985,0.019744,-0.003648,0.984638,-0.042170,0.077350,0.039737,0.008759,0.021704,0.043117,0.043839,0.083298,0.032617
0.102216,0.097929,0.156672,-0.256044,-0.266609,0.027185,0.248090,-0.025019,0.247834,-0.333706,-0.073478,-0.299396,0.294303,-0.206786,-0.277317,0.274788,0.164134,0.322588,0.274197,-0.008434
0.003749,0.170387,0.173646,-0.195735,-0.216346,0.211234,0.286613,0.208323,-0.169086,-0.319589,0.210758,-0.185042,-0.148784,-0.438655,-0.071112,0.155284,0.196750,0.309549,-0.222563,-0.219866
0.236571,-0.006335,-0.024749,-0.029482,0.031609,0.096773,-0.035833,0.029136,0.018556,0.011333,0.006686,-0.049145,0.100671,-0.024828,-0.007476,0.036978,0.885833,0.023112,0.041038,0.357757
0.008777,0.095267,0.317365,-0.076561,0.195485,0.149970,0.173809,-0.071101,-0.172216,-0.006496,0.420247,-0.160766,0.016017,0.082805,-0.100945,0.190853,0.687533,0.103229,-0.068885,0.119628
0.035387,-0.060845,-0.003404,-0.069005,0.016304,-0.004293,0.040556,0.908865,-0.003857,-0.040267,0.121785,-0.027409,-0.016851,-0.002610,-0.048453,0.124685,0.320941,0.142754,-0.048874,0.033658
0.012800,0.032804,-0.024127,-0.039525,0.082491,-0.074910,0.011779,0.671655,0.000334,0.024685,-0.046969,-0.086303,-0.031105,-0.032691,0.031832,0.016361,0.697164,-0.014064,-0.008433,0.181806
-0.124400,0.038470,0.364375,-0.228232,-0.230329,0.163024,0.339341,-0.238674,0.403297,-0.308282,0.026791,-0.242884,-0.006329,-0.028828,-0.303029,0.105858,0.249644,-0.091465,-0.233330,-0.002983
0.913374,-0.042200,0.041364,0.002273,0.031101,0.082132,0.044452,0.022415,-0.070046,-0.022004,0.355633,-0.017943,0.103257,0.018635,0.052711,0.049705,0.041427,0.026686,0.032811,0.010440
0.098836,0.035065,-0.099798,-0.129043,-0.050733,-0.000949,0.527624,-0.001013,-0.148203,-0.042834,-0.087177,-0.120902,0.210593,0.055580,0.025597,0.008632,0.748705,0.112619,-0.005772,0.118186
0.897947,-0.040550,-0.085358,-0.091975,0.010810,0.065718,0.207287,-0.051979,-0.217547,-0.100678,0.022818,-0.125986,0.110574,0.057380,-0.082682,0.081872,0.080054,0.098551,0.029084,0.079461
-0.026953,-0.056084,-0.032443,-0.115856,-0.007700,-0.063273,-0.077636,0.901725,-0.027609,-0.122818,0.000160,-0.037648,-0.042833,0.088424,0.024760,0.071958,0.324426,-0.013129,-0.068085,0.125244
0.053291,-0.063136,0.445631,-0.087285,-0.048669,0.147197,0.002638,-0.119017,-0.200034,-0.212922,0.059638,-0.176893,0.126702,0.565166,-0.172853,0.239922,0.272356,0.193998,0.105537,0.287585
0.460092,-0.067080,-0.048006,-0.203917,-0.180726,0.183641,-0.133007,-0.124893,-0.246949,-0.167164,0.463483,-0.239182,-0.054998,0.223941,-0.168492,-0.100435,0.375853,0.062760,-0.193412,0.070977
0.006293,-0.206039,-0.306494,0.398397,0.138788,0.333814,0.145188,-0.002360,0.125843,-0.334026,-0.069001,-0.341139,-0.169210,-0.169292,0.070643,0.237828,0.120328,0.120574,0.391737,-0.056606
0.707761,0.130273,0.003650,0.046097,0.180300,0.058102,0.240354,-0.130216,-0.171766,-0.072276,0.494446,-0.091298,0.062833,-0.042203,-0.070396,-0.034907,0.074223,0.062565,0.207579,-0.131906
0.000681,-0.051838,-0.156732,-0.090004,0.005223,0.183927,-0.045683,0.891280,-0.062753,-0.070126,-0.037009,-0.220799,-0.011950,-0.059305,-0.023288,0.070796,0.198317,0.050300,-0.049035,-0.147876
0.511333,0.041399,-0.074224,-0.179299,-0.059904,-0.051735,0.423020,-0.150641,-0.049683,-0.267785,0.216241,-0.231545,0.201539,-0.140676,-0.138067,0.136818,0.451431,-0.006908,0.112922,0.043984
0.427072,0.204833,-0.201147,-0.245930,-0.011030,0.053759,0.132983,-0.020981,-0.207794,-0.216773,0.489794,-0.017889,0.268643,0.255747,-0.049103,0.240039,0.157975,0.091104,0.297221,-0.063137
-0.205132,-0.364267,0.202520,0.118214,-0.253256,-0.110475,0.230143,0.263491,0.288403,-0.260299,0.005469,-0.247800,-0.241887,-0.214328,0.203554,0.268817,-0.153249,0.291203,-0.180190,0.015602
-0.117110,-0.050303,-0.015492,-0.112693,-0.017176,0.062492,-0.013192,0.912341,-0.008052,-0.068931,-0.029128,0.027490,-0.006484,0.088929,0.068346,0.075521,0.306141,0.100925,-0.017907,-0.071419
-0.192261,0.387006,0.081630,-0.206099,0.048457,-0.154858,0.440057,0.632038,-0.020456,-0.066683,-0.057072,0.139984,0.087887,-0.076292,0.157001,0.109979,0.242605,-0.009501,-0.054770,0.068678
-0.181694,0.214359,0.124699,-0.214714,-0.202765,0.329235,0.299494,0.161403,0.256389,-0.295467,-0.189125,-0.248243,0.135614,-0.281966,-0.190549,0.181661,0.156766,0.322770,-0.179072,-0.125185
0.044291,-0.083213,0.204568,-0.127888,0.227308,0.156003,0.349251,-0.169969,0.187428,-0.331786,0.186184,-0.383475,0.082482,-0.077827,0.112053,0.229137,0.304492,0.349378,0.232994,-0.179230
-0.133029,0.042154,0.111129,0.054992,0.124400,0.117846,0.833219,-0.103702,-0.066751,-0.054778,-0.028223,-0.165180,0.053135,0.141885,-0.127219,0.153007,0.014639,0.102086,0.348160,0.029038
-0.262195,0.084496,0.149799,-0.084612,0.092449,0.208540,0.200422,0.330862,0.003349,-0.029460,-0.080760,0.132080,-0.120757,-0.060026,0.204417,-0.110198,0.709908,0.227066,-0.182869,0.083122
-0.023249,-0.025358,-0.019784,-0.095314,0.030607,0.021248,-0.089443,0.925191,0.035654,-0.076081,-0.022615,0.041272,-0.058100,0.063882,0.034021,0.092459,0.294926,-0.007801,-0.046845,0.091101
-0.283027,-0.190587,-0.007709,-0.195097,0.225000,0.134736,0.229226,0.283993,-0.225196,-0.234255,0.097291,0.065658,0.271267,-0.301959,0.161807,0.094127,0.161190,0.302864,0.381357,-0.247309
-0.185072,0.014574,-0.035204,-0.282300,-0.076853,-0.009507,0.215486,0.497932,-0.045667,-0.285110,-0.196761,0.294668,-0.028765,-0.108567,0.094954,0.289448,0.196741,0.377713,-0.272812,0.118773
-0.092259,0.301036,0.214238,-0.226355,-0.134247,0.183656,0.338940,-0.185254,0.165353,-0.349273,-0.059013,-0.304375,0.063785,-0.013983,-0.018510,0.181226,0.281517,0.347537,-0.268664,0.218303
0.077949,0.279441,0.179906,-0.261874,-0.264458,0.170937,0.302851,-0.097738,0.305238,-0.332277,-0.124652,-0.214623,-0.160193,-0.103393,-0.355026,0.252914,0.215752,0.176622,-0.209116,-0.038076
-0.074826,0.130696,0.166986,-0.146160,0.190601,0.017963,0.177536,0.117959,-0.125161,-0.316665,0.471267,-0.296585,0.132687,-0.068413,0.143150,0.344581,0.269575,0.335081,0.072591,-0.261261
-0.329432,0.274731,0.087376,0.180656,0.279665,0.180913,0.214606,0.129591,-0.131563,-0.336131,0.056059,-0.261571,-0.137057,-0.249651,0.199240,0.279754,0.191077,-0.204255,0.336640,0.097227
0.883284,0.085596,-0.045404,-0.157169,-0.168573,0.057622,0.088625,-0.021980,-0.086995,-0.027715,0.126917,-0.066808,0.137576,0.179820,-0.116188,0.066979,0.182531,0.104126,0.053794,0.020856
-0.026748,0.046047,-0.022803,-0.024978,0.059301,-0.097481,0.047738,0.971938,-0.010327,0.039868,-0.054555,-0.069881,-0.014990,-0.037867,0.022443,0.013312,0.149319,-0.038039,0.000567,0.020489
0.102072,-0.004794,0.048913,-0.112813,-0.016576,0.009670,-0.004322,-0.018261,-0.096673,-0.066268,0.063606,-0.092601,0.139829,0.199200,-0.010406,0.069790,0.937937,0.043902,-0.038062,0.006848
-0.217354,-0.132485,0.407427,-0.209858,-0.117940,0.129541,0.186717,-0.147005,0.333254,-0.305742,-0.145895,-0.211826,0.201922,0.062823,-0.325748,0.198185,0.121298,0.319389,-0.216966,-0.115787
0.010230,0.222981,-0.043305,-0.197819,0.022365,0.154927,0.321546,0.376472,-0.118349,-0.207888,0.362016,-0.148996,0.082670,-0.033768,0.015265,0.296651,0.499389,0.173234,-0.231178,-0.003282
-0.252321,-0.138021,0.249008,-0.210244,-0.141093,0.189114,0.168184,0.059412,0.123547,-0.201820,0.230966,-0.236890,0.294740,-0.107600,0.109505,0.305887,0.330578,0.188129,0.359554,-0.283145
-0.124610,0.304160,0.044875,0.081509,0.110728,0.241798,0.201394,-0.059223,0.128928,-0.154061,0.188832,-0.204765,-0.230759,-0.251754,-0.141610,0.314172,0.619566,-0.006367,-0.145015,-0.101219
0.496830,0.078873,0.064163,0.080619,0.093721,0.174379,0.322956,-0.244555,0.161216,-0.054810,0.272198,-0.261830,0.312750,-0.054531,-0.136225,0.197161,0.377004,0.208743,0.102454,0.083447
-0.045409,0.039892,-0.115234,-0.098947,0.067767,-0.027696,-0.046675,0.768820,-0.010627,-0.011199,0.034171,-0.112269,-0.045531,-0.085213,0.038248,-0.128279,0.568535,0.008062,-0.033218,-0.094823
-0.199172,-0.335700,0.315990,-0.008470,-0.187121,0.089776,0.152719,-0.026774,0.276717,-0.333304,-0.214348,-0.276098,-0.233326,0.199196,-0.124426,0.310011,0.274191,0.237617,-0.175384,-0.051481
0.095988,-0.214350,0.113969,0.085877,-0.208772,0.151369,0.212208,-0.259211,0.308774,-0.307223,-0.019008,-0.301814,0.315583,-0.293054,-0.311005,0.233172,0.172855,0.220598,-0.168813,-0.144803
-0.000243,0.036295,-0.046421,-0.005776,0.129306,0.180013,-0.056258,-0.041590,-0.039578,0.081953,0.863777,-0.146175,0.110723,0.006643,-0.126115,0.203298,0.193208,0.034786,0.238791,0.040190
0.033325,0.031592,-0.055160,-0.146321,-0.043998,-0.067661,0.080010,0.914319,-0.171778,-0.146581,0.069470,-0.130984,-0.002169,0.031213,0.126140,0.036687,0.159867,0.074044,0.045768,-0.014009
0.035209,0.025698,-0.051263,0.453550,-0.057315,0.144698,-0.041377,0.050430,0.089840,0.014467,0.049558,-0.083519,0.118124,0.083163,-0.100662,0.012625,0.779900,-0.001566,-0.003191,0.322733
-0.223067,0.419277,-0.092433,-0.155766,0.139696,0.203533,0.383044,0.306058,-0.083392,-0.235992,0.003333,-0.073996,-0.116530,-0.007889,0.436895,0.396254,0.084825,0.040787,-0.011356,0.040605
-0.198959,0.117115,0.200590,-0.261192,-0.263845,0.025943,0.216556,0.262652,0.259767,-0.172360,-0.124545,-0.016392,0.263032,-0.307457,-0.284273,0.207263,0.204554,0.390090,-0.169848,-0.169586
0.405537,-0.086052,0.064397,-0.138192,-0.183190,0.056623,0.132176,-0.230893,0.214567,-0.238819,0.431617,-0.295321,0.163977,-0.172025,-0.396848,0.127442,0.200112,0.165892,-0.137143,0.064648
0.972884,0.038537,-0.017685,-0.037431,0.004710,0.036772,0.020995,-0.009595,0.007894,0.029142,0.064636,-0.047742,0.120583,0.007582,-0.032678,0.073470,0.120771,-0.025389,0.010060,0.068018
-0.236273,0.231367,-0.128092,-0.130935,0.219665,0.286254,0.266348,0.187760,-0.108568,-0.325459,-0.147184,-0.361014,-0.153918,-0.302929,0.128831,0.207523,0.161123,0.171661,-0.122132,-0.324860
-0.117293,0.000038,0.070526,0.020865,0.040683,-0.021984,0.008541,0.788496,0.033500,-0.191169,-0.131088,0.121639,-0.057210,0.027552,-0.089737,-0.023679,0.450490,0.242772,-0.108382,-0.031253
-0.270562,-0.289018,0.264823,-0.076450,0.175889,-0.058532,0.223494,0.336587,0.240218,-0.299861,-0.034669,-0.254844,0.153893,0.131493,0.145451,0.316930,0.161012,0.326747,-0.231169,0.084942
0.140921,0.128832,0.305577,0.312517,-0.220497,0.175799,0.192041,-0.277204,0.303880,-0.252737,0.084751,-0.266243,0.017578,-0.078865,-0.407771,0.221965,0.218392,-0.259619,0.057457,0.067034
0.448451,-0.324181,0.208104,0.007366,-0.106789,-0.183115,0.095090,-0.028302,0.217241,-0.232624,0.400329,-0.288653,0.332810,-0.211611,-0.196599,-0.043339,0.001634,0.230764,-0.011031,0.036324
-0.027318,0.251930,0.099657,-0.200816,0.081944,0.214019,0.285717,0.412733,0.008464,-0.368389,-0.085237,-0.360100,0.133456,-0.092144,-0.205549,0.206262,0.347519,0.191563,-0.099257,-0.172893
-0.288416,-0.219377,0.098114,-0.235582,-0.138115,0.176061,0.030198,0.445912,0.238979,-0.173198,-0.259420,-0.098158,-0.209139,0.306644,0.291419,0.189105,0.255165,0.149750,-0.191360,-0.084212
-0.189691,0.349588,-0.102098,-0.269729,-0.010308,0.012799,0.286869,0.230948,-0.133284,-0.256973,0.193315,-0.089721,0.258859,-0.008629,-0.108185,0.401636,0.357586,0.138524,0.286106,0.156511
