0.878313,-0.106519,-0.080598,-0.004484,-0.068998,0.012176,-0.006075,-0.034678,0.123068,0.151909,0.218842,-0.277963,-0.057804,-0.096958,0.056474,0.053386,-0.009747,0.082384,-0.078815,0.096448
0.101598,-0.067502,-0.012287,-0.082843,0.071254,-0.034607,0.093203,-0.002321,-0.009938,-0.003882,-0.015692,0.001006,-0.045939,-0.030385,-0.018620,0.977926,0.023359,-0.033205,-0.035023,0.013624
0.002282,-0.340924,-0.303140,0.298175,0.256371,-0.298482,-0.000982,-0.169767,-0.118744,-0.012898,-0.254062,0.360115,-0.235457,0.127551,0.098035,-0.330333,-0.133108,0.144187,-0.233247,-0.165755
-0.046654,-0.202400,-0.101569,0.330270,0.202550,0.123902,-0.126530,-0.205923,0.036367,-0.297108,-0.057101,0.002720,-0.270992,-0.177125,0.381055,0.279473,0.103225,-0.078352,-0.232498,0.480457
0.213089,0.022464,-0.091557,0.033224,-0.015616,0.038104,0.079479,-0.037012,0.063887,0.010848,0.866743,-0.070796,-0.073162,0.162361,0.037748,0.154460,0.028751,0.046031,0.334736,-0.052667
0.010301,-0.370830,0.088689,0.263545,0.376971,-0.237079,-0.243377,-0.025869,-0.193956,-0.265170,0.171263,-0.194797,-0.386081,0.066637,-0.001884,0.237579,-0.305357,0.110811,-0.107132,0.157115
0.193306,-0.347348,-0.237750,0.314701,-0.023644,-0.118033,-0.058297,-0.321145,-0.215612,-0.088055,-0.028226,-0.323880,-0.257938,0.111521,0.261032,-0.160260,-0.199772,0.423520,0.103173,-0.052423
0.169761,0.113681,-0.122576,-0.010906,0.099478,-0.103421,0.552608,-0.028594,0.028732,0.175877,-0.194555,0.611390,-0.022407,0.026861,0.043433,0.238130,0.085044,-0.134933,-0.185528,0.230748
0.373697,-0.359764,-0.209352,0.317687,0.270535,-0.191372,-0.196220,-0.097545,0.038805,-0.089658,-0.244715,0.266198,-0.169392,0.009650,0.194566,-0.223665,-0.158674,0.137497,-0.329975,0.135686
0.649810,-0.218742,-0.241161,-0.024091,0.007017,0.095291,-0.030182,-0.184711,-0.019985,-0.169493,0.003138,-0.299252,-0.050062,0.308260,0.329167,0.091406,0.017555,-0.025571,0.232410,0.197735
0.277023,-0.437779,-0.133151,0.240207,0.337113,0.094201,0.008679,-0.336100,-0.102334,-0.078960,-0.263048,0.023353,-0.145489,-0.013285,0.162902,0.297506,-0.088916,0.290925,-0.161252,0.281494
0.715957,0.031172,-0.048860,-0.003015,-0.044160,0.125959,0.000216,-0.053274,0.086457,-0.040657,0.631957,-0.202668,-0.063799,0.015711,0.007431,0.086806,0.015033,0.008853,-0.032697,-0.023030
0.970374,0.021995,-0.117716,-0.052211,-0.015558,-0.031126,0.060236,-0.062911,0.041235,0.013641,0.101069,-0.074689,-0.058723,0.077928,-0.009403,-0.026845,0.058630,-0.004538,-0.010427,-0.030553
0.355829,-0.228299,-0.027389,0.248773,-0.005806,-0.172647,-0.126119,-0.258176,0.230267,-0.216401,0.419265,-0.312823,0.127041,0.035903,-0.155903,-0.220088,-0.175561,0.274915,0.272727,-0.042187
0.152398,-0.214273,-0.189975,-0.031976,0.285093,0.273845,-0.022885,0.296176,0.211051,-0.326048,0.309716,-0.175362,-0.179406,0.188080,0.177497,0.204827,-0.084435,0.009857,0.393423,0.262072
0.093733,-0.267467,-0.277632,0.320357,0.246943,-0.275129,-0.129115,-0.159889,-0.205002,-0.122137,-0.244656,0.297447,-0.263658,-0.222945,0.189121,-0.125248,-0.026056,0.282031,-0.297794,-0.127297
0.546531,-0.183072,-0.247852,0.136144,0.273233,-0.031814,0.136728,0.124886,0.093143,0.058608,-0.074259,-0.413102,-0.189815,0.195618,0.158197,-0.062743,-0.168783,0.227589,-0.260819,0.194975
0.277135,-0.251400,-0.090034,0.167400,0.082888,-0.155295,0.182256,-0.019498,0.219367,-0.105684,0.034772,-0.183986,-0.092067,0.176803,0.146438,0.557649,-0.100225,0.003087,0.155787,0.508384
0.107572,-0.377007,-0.232964,0.245078,0.224570,-0.356082,-0.048892,-0.248708,-0.152845,0.032208,-0.030423,-0.355031,-0.082735,0.258240,0.149224,0.055915,-0.331750,0.308109,0.083162,0.168175
0.021703,-0.273244,-0.314748,0.194552,0.183666,-0.249635,-0.119688,-0.178088,-0.119611,-0.224431,-0.053943,0.515208,-0.200400,0.107355,0.317570,-0.060252,-0.060302,0.169936,-0.225260,-0.270944
-0.065959,-0.290527,-0.202553,-0.074871,0.034449,-0.128799,0.136705,-0.015473,0.076547,-0.005466,-0.088120,-0.253478,-0.012378,-0.038962,0.098193,0.728683,0.037172,-0.071670,0.032740,0.447346
0.272660,-0.024608,-0.115552,0.062663,-0.010345,0.000819,0.222733,-0.091889,0.045327,0.075078,0.875607,-0.024953,0.011960,0.180016,0.028438,-0.071411,0.089822,0.014112,0.160959,-0.044468
0.494257,0.086272,-0.095779,0.376991,-0.092718,-0.288965,0.087426,-0.019924,0.246261,-0.159608,0.246829,-0.287863,-0.163292,-0.062991,0.144864,-0.041638,-0.199366,0.248817,0.218040,0.253724
0.319107,-0.396231,-0.020075,0.178110,0.026759,-0.268581,0.260161,-0.024300,0.022859,-0.222389,-0.068235,0.078089,-0.026144,-0.112411,0.286094,0.432263,-0.216489,-0.057988,-0.107701,0.404149
-0.049169,-0.298974,-0.296552,0.179181,0.282144,-0.191860,-0.263444,-0.188080,0.104153,-0.238620,-0.090431,0.374090,-0.322605,-0.250976,0.289557,0.058592,0.153773,0.110125,-0.167899,-0.180952
0.127689,-0.179526,-0.418047,0.323937,0.260169,-0.293050,0.031535,-0.356614,-0.192042,0.093288,0.042437,-0.189550,-0.129196,0.121976,0.339779,-0.140828,-0.123822,0.228684,0.013011,-0.268461
0.193441,-0.015342,-0.089561,0.069269,-0.050169,0.001673,0.076314,-0.130032,0.060002,0.208678,0.878571,0.009968,-0.005947,0.218186,0.077099,-0.085728,0.048989,0.174037,0.104203,-0.025672
0.441930,-0.137520,-0.029757,0.165663,-0.105168,-0.004746,0.056783,-0.214592,-0.114372,-0.244099,0.502822,-0.108273,-0.004684,0.093447,0.477854,0.058120,-0.127518,0.054179,0.304350,0.087062
-0.150014,-0.268938,-0.279317,0.203282,0.358371,-0.281695,-0.213842,-0.227554,0.083287,0.049940,-0.194590,0.063352,-0.250053,0.085695,0.241478,-0.232823,-0.140495,0.365959,-0.289675,0.096235
-0.134859,-0.277565,-0.261727,0.201812,0.373985,-0.189623,-0.054708,-0.214624,0.334074,-0.305125,-0.221761,0.305122,-0.301276,-0.194085,-0.104580,-0.168137,0.009202,0.118539,-0.176936,0.102925
0.131765,-0.033545,-0.114540,0.051490,-0.054023,-0.029375,0.065196,-0.075325,0.044152,0.769688,0.504078,0.071156,-0.017592,0.176963,-0.117437,-0.011760,-0.020487,0.216590,0.014936,-0.073485
0.251468,-0.385566,0.046539,0.198823,0.276690,-0.259188,-0.065308,0.120987,0.249130,-0.264380,0.094443,-0.375078,-0.223083,0.073082,0.014107,0.155085,-0.284136,0.179814,-0.105062,0.314229
0.049141,-0.211948,-0.116968,0.133818,0.391704,-0.053428,0.438862,-0.228169,-0.168651,-0.184577,-0.170872,0.236853,-0.171220,0.112128,0.364202,0.206184,0.042031,-0.026084,-0.374172,0.113240
-0.024218,-0.281447,-0.198986,0.043671,0.265519,-0.141921,-0.065051,-0.090972,0.225260,-0.389772,-0.165585,0.380336,-0.248180,-0.302720,0.257693,-0.144093,0.001460,0.174385,-0.132346,-0.335385
0.073008,0.006602,-0.034230,-0.132288,0.099990,-0.019282,0.033086,-0.039559,-0.033208,0.118052,-0.007598,0.121231,-0.003187,0.010444,0.013716,0.963301,-0.002526,-0.055440,-0.042284,-0.002733
0.191898,-0.333987,-0.374655,0.200938,0.346537,-0.314306,-0.219404,-0.178285,-0.131439,-0.164477,-0.234638,0.243586,-0.293678,0.112470,0.189180,-0.083430,0.186131,0.185452,0.003923,-0.051673
0.583838,-0.173194,-0.023111,0.027029,-0.047929,0.008671,-0.188363,-0.018613,0.001847,0.006348,0.605294,-0.277575,-0.062743,0.146141,-0.160694,-0.082886,-0.054987,0.181841,0.184517,0.134456
-0.058328,-0.263398,-0.136849,0.350865,0.346445,-0.101741,0.208515,0.105183,0.009967,-0.155438,-0.248918,-0.090146,-0.252530,0.009546,-0.124558,0.077534,-0.276907,-0.073305,-0.384928,0.436477
0.144651,0.194378,-0.074897,0.048762,-0.051780,-0.041977,0.000002,-0.078020,0.051452,0.120094,0.177951,-0.015632,0.059585,0.229991,0.738378,-0.027729,0.025923,0.145591,0.498350,-0.034003
0.828583,-0.002181,-0.052654,-0.053921,-0.051540,-0.009914,0.040296,-0.016333,0.065654,0.046280,0.503905,-0.136428,0.003515,0.036457,-0.063265,-0.055409,-0.011046,0.090620,-0.060917,-0.060627
-0.000039,-0.267586,-0.315165,0.186497,0.146684,-0.302452,-0.261984,-0.208314,-0.166645,0.119437,0.146663,0.081528,-0.118606,0.187219,0.371412,-0.336187,0.007157,0.320595,-0.100538,-0.293332
-0.084050,-0.341721,0.044961,0.326879,0.257037,-0.306831,-0.094376,-0.243517,0.117326,-0.223909,0.196680,-0.271321,-0.346479,-0.094871,0.205248,0.019999,-0.272200,0.195885,0.131732,0.247549
0.135243,-0.182844,-0.148258,0.354168,0.281321,-0.092221,0.088201,-0.042902,0.423707,-0.124890,0.126435,-0.342011,-0.176588,0.163393,-0.175501,-0.059039,-0.231607,0.081796,0.467619,0.065926
-0.018276,-0.247792,-0.239750,0.166212,0.393548,-0.342544,-0.274985,-0.269582,-0.079949,-0.063630,-0.190492,0.323524,-0.339271,-0.136856,-0.112104,-0.177653,-0.247612,0.122419,-0.146817,0.073755
0.304095,-0.320975,0.042584,0.260759,0.274743,-0.127154,-0.204637,-0.172482,0.208362,-0.272622,0.165146,-0.356257,-0.287319,0.096168,0.088406,-0.048403,-0.303500,0.229940,-0.085028,0.212866
0.378578,-0.339990,-0.265729,0.177779,0.238002,-0.031248,-0.161872,-0.101362,-0.131580,-0.311569,0.123306,-0.349564,-0.271727,0.119738,0.297296,0.219497,-0.057179,0.238852,-0.015792,-0.087616
0.133527,-0.240217,-0.302317,0.191635,0.215441,-0.310188,-0.083154,-0.291962,-0.057515,-0.169267,0.022152,-0.308721,-0.292852,0.318150,0.316519,-0.014065,-0.170149,0.306725,0.086439,-0.126229
0.098013,-0.297698,-0.321721,0.291213,0.233298,-0.082017,0.412835,-0.118790,0.237519,-0.024054,-0.230356,-0.269451,-0.126505,0.301466,0.191246,-0.012235,-0.171748,0.213009,0.087945,0.242662
-0.094826,-0.290049,-0.185966,0.132024,0.215645,-0.147071,0.442422,0.192078,-0.033886,-0.173430,-0.211110,-0.268944,-0.125407,0.158095,0.028006,0.307415,-0.096125,-0.125368,-0.160268,0.468322
-0.037950,-0.265180,-0.275119,0.269118,0.238715,-0.212883,-0.175978,-0.200311,0.069343,0.164752,-0.132059,0.160666,-0.189184,-0.152218,0.257998,-0.331792,-0.284988,0.321942,-0.282600,-0.176597
0.046984,-0.260810,-0.136964,-0.098662,0.094216,0.017900,0.134770,0.337588,-0.094320,-0.163072,-0.175953,-0.210023,0.124367,0.049787,-0.057191,0.604316,-0.115034,-0.161740,-0.188262,0.433756
-0.161097,-0.281156,-0.128236,0.254689,0.410736,-0.048940,0.105274,0.365139,0.079183,-0.120939,-0.036932,-0.096521,-0.392642,0.219742,-0.102718,0.066811,-0.197967,-0.021650,-0.331807,0.315243
0.244359,0.073890,-0.127921,0.104571,-0.027866,-0.067997,-0.046712,-0.108733,0.118464,0.086229,0.074045,-0.076413,-0.017013,0.214635,0.839924,-0.040257,0.103847,0.244571,0.174421,-0.029364
0.574745,-0.288259,-0.099219,-0.072546,0.120941,-0.132760,0.158165,-0.254622,-0.129460,-0.076502,0.111047,-0.290378,-0.188132,0.119340,0.329127,0.309841,-0.219964,-0.022196,-0.116547,0.116972
0.165321,-0.244201,-0.237158,0.249430,0.368557,0.057508,-0.109587,-0.291913,0.363988,-0.029746,-0.042026,-0.273969,-0.132517,0.164072,0.318701,-0.039824,0.020505,0.114546,-0.262636,0.343306
0.713689,-0.017954,-0.042056,-0.107833,0.005538,-0.050033,-0.094292,0.150663,0.167528,0.009526,0.300114,-0.293565,-0.020948,-0.101267,-0.114264,0.017381,-0.087304,-0.107159,0.428765,0.106789
0.968409,0.077345,-0.007493,-0.029144,0.036439,0.065704,-0.035814,-0.060056,-0.005866,0.054799,-0.022031,-0.022330,-0.021205,0.085063,0.021977,0.093569,0.088847,-0.010105,0.125661,-0.005456
0.231872,-0.294855,-0.093835,0.248683,-0.096406,0.016323,0.346428,-0.182501,0.271569,-0.260138,0.402528,-0.192636,-0.067540,0.275462,0.253349,-0.006844,-0.216577,0.165429,0.254921,0.035764
-0.155045,-0.326186,-0.204479,0.196062,0.290102,-0.374439,-0.392403,-0.206568,0.137524,-0.067827,-0.144946,0.102334,-0.207874,-0.200084,0.116144,-0.338255,-0.192468,0.235064,0.074412,0.065694
0.027407,-0.277311,-0.148455,0.253409,0.240188,-0.251622,0.514966,-0.192927,0.032295,-0.143055,-0.242373,0.265142,-0.045412,-0.034066,0.141710,0.292868,-0.215932,0.087036,-0.015632,0.314011
0.114887,-0.270101,-0.294459,0.136616,0.168283,-0.169194,-0.097326,-0.054147,0.255599,-0.189139,0.017274,0.662672,-0.166478,-0.128484,0.117361,-0.229083,-0.181132,0.072686,-0.098184,-0.200952
-0.055754,-0.256664,-0.228410,0.062129,0.331388,-0.112423,-0.155734,-0.142286,0.184073,-0.199501,-0.272955,0.384990,-0.196317,-0.046373,0.348485,-0.361417,0.205965,0.076009,0.265815,-0.003518
0.287171,-0.363627,0.090565,0.193311,0.284357,-0.188369,-0.175567,-0.177124,-0.055732,-0.231077,0.107783,-0.301497,-0.294806,-0.097749,0.214768,0.256595,-0.300250,0.176923,-0.029154,0.267292
0.190514,-0.295858,-0.342269,0.185790,0.284652,-0.265825,-0.054696,-0.148261,-0.031892,-0.162326,-0.136835,0.502973,-0.240188,-0.103212,0.086523,-0.250297,-0.187364,0.167802,-0.152017,-0.154666
0.156831,-0.310506,-0.071156,-0.107656,0.090782,-0.094500,0.092566,-0.081052,-0.034718,-0.130108,-0.202016,0.080255,-0.128597,-0.014076,0.075585,0.815143,0.023133,-0.049797,-0.164170,0.218563
0.766799,-0.081562,-0.166549,-0.004083,0.055074,0.078551,0.017933,-0.227047,-0.009483,0.084047,0.016836,-0.363319,-0.011192,0.110829,-0.029087,-0.067132,-0.170158,0.277767,0.205231,-0.105403
0.430943,-0.126890,-0.021392,0.154010,0.138009,-0.088621,0.010090,0.158052,0.394195,0.060715,0.416849,-0.228313,-0.170737,-0.054403,-0.239040,-0.119909,-0.099902,0.057184,0.453019,0.122294
-0.146608,-0.244028,-0.141198,0.398113,0.344586,-0.351702,0.036141,-0.035500,-0.209260,-0.059436,-0.218608,-0.037723,-0.304682,0.078942,-0.193171,0.009887,-0.301620,0.090113,-0.262197,0.307689
0.008935,-0.380850,-0.052646,0.290565,0.336031,-0.287064,-0.145471,-0.114258,0.215377,-0.209397,-0.095543,-0.066206,-0.346604,-0.055916,0.069107,-0.021514,-0.272477,0.186520,-0.373561,0.239391
0.477071,0.073321,-0.021086,0.005140,0.013378,0.046891,0.048116,0.000774,0.028677,0.057358,0.836339,-0.007961,-0.051162,0.108119,0.033004,-0.008035,0.069988,0.012710,0.191239,-0.033635
-0.028269,-0.339725,-0.379789,0.198626,0.292530,-0.176341,-0.105414,-0.259946,0.099535,-0.326674,-0.058410,0.041581,-0.352823,-0.177662,0.256881,-0.086394,-0.158265,0.316238,0.092301,-0.141084
0.137495,-0.331783,-0.179152,0.287857,0.308951,-0.081192,0.112801,-0.220136,0.121095,-0.193165,-0.222736,0.075260,-0.359282,-0.016518,-0.151839,0.075760,-0.256064,0.195120,-0.406882,0.241318
0.328182,-0.012048,0.019279,0.000619,-0.030009,0.063609,-0.006070,-0.057994,-0.003183,0.078644,0.925604,-0.015089,-0.028090,0.105998,0.025504,0.022650,0.018649,-0.025144,0.077605,-0.008747
0.568737,0.071108,-0.231407,0.143793,0.028421,-0.164945,0.053455,-0.119512,0.214455,-0.093882,0.137144,-0.246855,-0.022862,-0.014049,0.539558,0.138687,-0.028603,0.022269,0.266801,0.184328
0.372915,-0.007299,-0.024088,-0.110870,0.036652,-0.034430,0.392052,0.080864,0.020497,0.114705,-0.132939,0.524001,0.004513,-0.095700,-0.043652,0.567691,0.069353,-0.077753,-0.057887,0.178452
0.254801,-0.027632,0.023522,-0.084500,0.062968,-0.064557,0.086151,-0.061791,-0.023970,0.125917,-0.091584,0.079101,-0.021679,-0.009788,0.057227,0.918857,-0.057249,-0.043434,-0.072639,0.132638
-0.000024,-0.285668,-0.387145,0.082853,0.083004,-0.097393,-0.132058,-0.239351,-0.061143,-0.081901,-0.093204,0.494353,-0.238697,0.127349,0.334975,-0.330332,0.142057,0.252478,0.136405,-0.099868
0.144055,-0.159401,-0.030471,-0.010752,-0.108854,0.151712,0.143430,-0.153306,-0.003304,-0.047960,0.765909,-0.062654,-0.037621,0.262620,-0.028279,0.384677,-0.062171,0.088637,0.191156,0.116524
-0.024492,-0.095802,0.038534,0.127422,0.028858,-0.026390,-0.002229,-0.093604,0.081174,0.026708,0.947494,-0.046196,-0.043128,0.131223,-0.015517,0.088687,0.096985,0.033397,0.131547,-0.003347
0.230504,0.029216,-0.151075,0.168099,-0.031934,-0.074138,0.070003,-0.108153,0.118463,0.204510,0.747597,-0.103978,0.010470,0.209210,0.306519,-0.025735,0.010060,0.291920,0.146212,-0.032522
0.003127,-0.110849,-0.004186,0.001140,0.027795,-0.160601,0.167437,0.001733,0.052380,0.312775,-0.089223,0.617534,-0.029157,-0.049533,0.095329,0.648855,-0.054680,-0.055894,0.025583,-0.055016
0.257525,-0.166466,-0.167406,0.007223,-0.015964,-0.123415,-0.196867,-0.127962,0.325036,-0.013908,0.500830,-0.315325,-0.023009,0.178630,0.203813,-0.009221,-0.037515,0.181455,0.482193,-0.101327
0.419085,-0.253668,-0.027796,-0.071737,-0.091124,0.086964,-0.090498,-0.272418,-0.175089,-0.228642,0.193392,-0.196007,-0.059256,-0.012568,0.453362,0.237190,-0.195916,0.205523,0.386915,-0.035911
0.465542,-0.305462,-0.096440,0.184160,0.009387,-0.048504,-0.077599,-0.226010,0.031008,0.000870,0.280651,-0.371055,-0.135394,0.213443,-0.007666,0.112775,-0.313465,0.278420,0.325777,-0.105928
0.550465,-0.072786,-0.111443,0.408471,0.012918,-0.147445,0.176071,-0.008342,0.156698,-0.220771,0.096347,-0.353792,-0.003366,0.331496,0.111686,0.206456,-0.071503,0.066159,0.277621,0.011708
0.269630,-0.128718,-0.034742,0.016184,0.034379,-0.079840,-0.038754,-0.007460,-0.023042,-0.165560,-0.138984,-0.144036,0.049324,-0.078777,0.014249,0.543215,-0.002174,-0.139687,-0.035415,0.712354
0.750303,-0.069960,-0.015547,-0.144296,0.122346,-0.023649,-0.126867,-0.106055,-0.006237,-0.045501,0.154410,-0.183255,-0.109966,-0.026563,0.123922,0.435486,-0.154567,0.152564,0.050741,-0.202825
0.585204,-0.199963,0.014268,0.014100,0.104929,-0.245261,0.045341,0.224979,0.260591,-0.145101,0.380141,-0.355010,-0.075252,0.221191,-0.095443,-0.070164,-0.027995,-0.105950,0.088574,0.212927
-0.056152,-0.291428,-0.379600,0.287534,0.081812,-0.353568,-0.100124,-0.253378,-0.018177,0.241674,-0.143285,0.073468,-0.216475,-0.042108,0.193128,-0.373540,-0.163912,0.362176,0.066733,-0.081203
-0.094511,-0.091704,-0.016930,0.052896,0.064291,-0.054654,0.468588,0.248693,0.003862,0.252998,-0.234665,0.389138,0.045028,-0.054306,-0.093697,0.609809,-0.047401,-0.128848,-0.075733,0.101511
0.137025,-0.126143,-0.160280,0.198375,0.179907,-0.166326,0.619730,0.077609,0.008052,0.260056,-0.202759,0.233910,-0.046909,-0.105755,0.101125,0.064812,-0.154245,-0.170446,-0.288432,0.350404
-0.037596,-0.389663,-0.182642,0.124224,0.266779,-0.153755,-0.153568,-0.205769,0.088151,-0.248265,-0.133650,0.293954,-0.349820,-0.252977,0.185657,0.291509,-0.011261,0.103666,-0.262961,0.278762
0.209078,-0.237769,-0.027627,0.306729,0.295406,-0.281513,-0.227027,-0.141700,0.180944,-0.243784,-0.048559,-0.352569,-0.328976,0.021887,-0.032655,-0.166092,-0.257959,0.316690,0.171808,0.119277
0.418249,-0.169789,-0.185359,0.149179,0.086214,-0.136807,0.024328,-0.140587,0.108921,0.203381,0.263219,-0.205442,0.041102,0.190833,0.529812,-0.052159,0.003080,0.375447,0.243827,-0.080330
-0.066184,-0.267526,-0.060179,0.091766,0.269023,-0.116182,-0.071875,0.142012,0.079708,-0.133010,-0.234446,-0.063494,-0.180470,-0.181551,0.211905,0.641745,-0.005143,-0.081918,-0.180569,0.395156
-0.123233,-0.012782,-0.054999,0.000025,0.079474,-0.066578,0.345589,-0.030374,0.074205,0.185960,-0.080841,0.738718,-0.033773,-0.088450,0.061824,0.313694,0.069517,-0.136503,0.035014,0.349735
-0.025618,-0.337279,-0.242473,0.300498,0.344812,-0.310276,0.122186,0.084187,-0.136479,-0.108256,-0.237576,0.018677,-0.285971,0.078816,-0.155841,0.002650,-0.269700,0.081257,-0.327932,0.336168
0.012067,-0.221649,-0.203651,0.296542,0.092150,-0.161775,0.064925,-0.048369,-0.016389,-0.070550,-0.226591,0.601477,-0.004988,-0.025327,0.280540,-0.275499,-0.204414,-0.014330,-0.236284,0.329613
-0.053798,-0.310915,-0.144170,0.341831,0.385831,0.026767,-0.242866,-0.057511,0.253007,-0.197088,-0.276531,0.072099,-0.325533,0.056170,0.157842,-0.071428,-0.044293,0.281018,-0.364841,0.114986
-0.015022,-0.225393,-0.276997,0.169751,0.315592,-0.260756,0.170767,-0.294680,-0.153454,-0.229100,-0.168098,-0.065048,-0.412470,0.215490,0.206919,0.067835,0.042384,0.235379,-0.307755,-0.188200
0.268371,-0.184502,-0.118893,0.343696,0.286845,-0.397266,-0.147780,-0.005915,-0.244764,-0.199313,-0.115844,-0.269718,-0.211472,0.201931,0.187673,0.075876,-0.243021,0.351826,0.054758,0.039795
0.051042,-0.321508,-0.094911,0.198409,0.316850,-0.367905,0.173746,-0.076128,0.024539,-0.004535,-0.094282,-0.325901,-0.366007,0.244493,-0.040586,-0.088556,-0.296760,0.224858,-0.285323,0.186909
0.109629,-0.231250,0.043273,-0.024188,-0.012632,-0.044930,0.031415,-0.058241,0.076475,-0.065312,0.507069,-0.247436,0.001243,0.104421,0.068569,0.033494,0.028139,0.077784,0.753524,-0.075252
0.044115,-0.010416,0.038823,-0.064097,0.047405,0.000646,0.075495,-0.093290,-0.052644,0.133294,-0.050856,0.052574,-0.055862,-0.018307,0.069152,0.956416,-0.025027,-0.016623,-0.050998,-0.152700
0.200550,-0.090507,-0.042447,0.016480,-0.061759,-0.009996,0.056187,-0.135798,0.061843,0.096703,0.840404,-0.133773,-0.032167,0.176428,0.224524,-0.040451,-0.000400,0.055570,0.297590,0.103899
-0.140906,-0.323141,-0.224013,0.082506,0.431078,-0.311872,-0.202409,0.024471,0.203955,-0.373372,-0.047281,0.202620,-0.185269,0.076270,0.352119,-0.035531,-0.049072,0.181132,-0.184456,-0.187478
0.358717,-0.252907,-0.228832,0.074786,0.187730,-0.112689,0.235045,0.239824,0.129627,-0.202493,-0.258642,-0.046758,-0.023868,-0.123009,0.164645,0.398723,-0.106338,-0.088167,-0.185999,0.454253
0.468028,-0.319074,-0.233133,0.324251,0.019190,-0.240129,0.047698,-0.110056,-0.119556,-0.147795,-0.036564,-0.330094,-0.129176,0.199866,0.015285,0.207230,-0.187085,0.207593,0.337547,0.094621
0.565545,-0.247205,-0.127124,0.289445,0.153426,-0.163037,0.157044,-0.116476,-0.006210,-0.103804,0.381747,-0.270767,-0.193712,0.218197,0.044414,0.058021,-0.252705,-0.013767,-0.074407,0.202092
0.761372,0.063156,-0.085046,0.197335,0.023176,-0.155641,-0.198339,0.015408,0.051153,0.017438,0.113407,-0.355553,-0.039300,-0.046595,0.301158,-0.050549,-0.163318,0.070416,0.172429,-0.072689
0.007481,-0.061104,-0.025945,-0.070156,0.091226,-0.119178,-0.048765,0.082009,-0.032976,-0.049944,-0.138367,0.495772,0.008256,0.058816,-0.036908,0.812353,-0.010262,-0.081127,-0.135750,0.023388
0.217839,-0.320055,-0.298462,0.195426,0.053343,-0.233314,-0.272422,-0.212337,0.049562,-0.019246,-0.138439,0.068006,-0.162715,0.286301,0.251292,-0.356752,-0.134118,0.231266,0.335263,-0.192106
0.279844,-0.355438,-0.421084,0.013393,0.272461,-0.288312,-0.167311,-0.240511,-0.124969,-0.109200,-0.131773,-0.017245,-0.266529,0.100906,0.273692,-0.098157,-0.030780,0.248338,0.079199,-0.307907
0.345288,0.146510,-0.023792,0.111492,0.098063,-0.165468,0.068360,-0.011809,0.303304,0.111983,0.161635,-0.207314,-0.004492,0.191103,0.524123,0.087334,-0.081746,0.092605,0.527772,-0.134880
0.025169,-0.082690,-0.144214,-0.084950,0.062494,-0.184391,0.324947,0.221337,0.138991,-0.013491,0.122401,-0.174960,0.120025,0.132365,0.036951,0.029649,-0.012941,-0.102984,0.049066,0.812147
0.524110,-0.085043,-0.057957,-0.050843,-0.068457,0.043493,-0.080484,-0.080191,0.008700,0.033698,0.637923,-0.161613,0.005832,0.042729,0.157098,0.076461,-0.001499,0.214591,0.424053,0.010594
0.072915,-0.346875,-0.277826,0.308508,0.128692,-0.145262,0.390043,-0.035761,0.301151,0.055457,-0.167873,-0.054723,-0.084538,0.083266,0.348087,0.233883,0.008383,0.018264,-0.193610,0.397675
-0.019273,-0.290643,-0.286045,0.062079,0.253848,-0.256056,0.359634,-0.199293,-0.050807,-0.227635,-0.257002,0.329914,-0.268378,-0.231376,0.132207,0.118985,0.126727,-0.136746,-0.251687,0.214071
0.396244,-0.369970,-0.245057,0.185706,0.220480,0.239254,0.016939,-0.324326,-0.229455,0.215799,-0.001895,-0.090962,-0.235296,0.125123,0.272447,0.050891,-0.031150,0.334251,-0.179399,0.005737
0.963577,-0.040617,-0.052797,-0.075863,-0.034502,-0.009991,-0.044702,-0.091586,0.050562,-0.007596,0.132365,-0.097997,0.043379,0.079986,-0.051071,0.055970,-0.010936,0.042761,-0.019876,0.059575
-0.114014,-0.397945,-0.115877,0.268886,0.336514,-0.117508,-0.181483,-0.065845,-0.060987,-0.304574,-0.221183,0.052319,-0.310604,0.015807,-0.117965,0.241577,-0.209218,0.046557,-0.318881,0.337378
-0.143266,-0.131787,0.148399,0.073512,0.008255,0.084542,-0.107239,-0.063007,-0.049670,-0.050851,-0.161885,0.521439,-0.014381,-0.281792,-0.008912,0.532463,-0.060758,-0.156687,-0.217461,0.412427
0.199816,-0.318202,-0.258643,0.236331,0.165487,-0.242166,-0.213052,-0.012155,-0.055080,-0.107067,-0.206684,0.260256,-0.042171,0.130770,0.520792,-0.331252,-0.187501,0.207727,-0.027974,0.025157
0.420306,-0.181159,-0.272000,0.249256,0.258595,-0.149934,-0.139872,-0.188733,0.011133,0.090309,-0.169988,-0.330740,-0.120942,0.296574,0.253169,-0.049512,-0.153588,0.267396,0.203118,-0.240490
0.400803,-0.160469,-0.374457,0.125890,-0.061003,-0.114353,-0.283693,-0.117589,0.170052,0.120765,-0.035275,-0.252783,-0.037717,0.002824,0.282136,-0.339479,-0.032333,0.340232,0.307062,-0.174414
-0.141120,-0.153423,-0.086013,0.230252,0.266549,-0.202508,-0.147071,-0.239117,-0.195008,-0.231788,-0.138454,-0.069776,-0.385847,-0.026968,0.079543,0.368504,-0.030867,-0.143035,-0.218737,0.478007
0.346788,-0.222146,-0.155427,0.172376,0.040804,-0.232995,0.204998,-0.148373,0.116650,-0.120408,-0.026312,0.509165,-0.204631,-0.281831,0.173589,-0.335953,-0.218793,-0.022557,-0.007506,-0.236106
-0.086418,-0.241153,-0.098985,0.397170,0.143275,-0.254394,0.374837,0.371695,0.206008,-0.218299,0.131532,-0.098571,-0.168090,0.181994,0.011482,-0.165336,-0.084309,-0.066666,-0.085424,0.422050
