0.192152,-0.048289,0.038070,0.017556,-0.043829,0.060985,0.098906,-0.124247,0.038789,-0.018629,0.529613,-0.246980,0.035650,0.115080,0.000504,-0.014291,0.175538,0.040645,0.731007,-0.056855
-0.031893,-0.024233,-0.021793,-0.116658,0.030146,-0.053516,-0.059983,-0.038753,-0.044643,-0.069194,0.068100,-0.057502,-0.038416,-0.067809,-0.019136,0.110254,0.249150,0.018452,0.023183,0.937638
-0.086973,-0.263803,0.182265,0.186601,0.078613,-0.056933,0.458667,0.040016,0.033360,0.058696,-0.404637,-0.145709,-0.269653,-0.023426,-0.269906,-0.204522,0.332664,0.185371,-0.047932,-0.329575
-0.156692,-0.225814,0.237848,0.243468,0.185486,0.391428,0.162256,0.081389,-0.215933,0.093363,0.236805,0.082221,-0.200496,-0.220592,-0.063761,-0.027323,0.352890,0.018560,-0.165238,0.473290
0.227608,0.043841,-0.019884,-0.021314,-0.004552,-0.022221,0.151407,-0.014572,0.146825,-0.000541,0.088858,-0.109075,-0.008450,0.134593,0.092693,0.012338,0.189482,0.018798,0.903893,-0.014504
-0.139095,-0.309271,0.202911,0.261062,0.238108,0.303955,-0.232984,0.295964,-0.089849,-0.014871,0.093015,-0.297609,-0.328125,-0.251561,-0.324418,0.124702,0.122086,-0.207496,-0.067993,-0.157708
0.338994,-0.293668,0.196853,0.156187,-0.202141,0.217888,0.132306,0.071011,-0.156892,-0.203161,0.264884,-0.289371,-0.277303,-0.391974,-0.115119,-0.098392,0.057840,0.279516,-0.070910,-0.255042
-0.030501,0.068528,-0.127607,-0.164458,-0.001264,0.046453,0.528109,-0.030846,0.010197,0.693257,-0.016200,0.085679,-0.045842,0.003094,-0.004077,-0.083582,0.127187,-0.151227,-0.161180,0.326470
0.359497,-0.365165,0.205486,0.259992,0.237577,0.122276,0.059941,0.415875,-0.166309,-0.101311,-0.107374,0.015012,-0.029131,0.026943,-0.237956,-0.034679,0.284513,0.245033,-0.278592,-0.227983
0.378394,-0.212635,-0.074879,0.302036,0.035229,0.384437,0.059097,0.167669,0.349811,0.050195,0.148848,-0.254250,-0.112295,0.121987,-0.009929,0.275732,0.348727,0.134493,0.220456,0.174728
0.099649,-0.380148,0.285205,0.035951,0.252832,0.258636,0.351172,0.153578,-0.322902,0.008736,0.024242,-0.121844,-0.154015,-0.116718,-0.275781,0.270061,0.219143,0.315955,-0.149619,0.094097
0.017463,0.034809,-0.024115,-0.025285,-0.008536,-0.023351,0.043286,-0.036813,0.049530,-0.040307,0.297644,-0.084233,0.004454,0.258848,0.001909,0.103646,-0.006273,0.002638,0.900566,-0.069405
0.054947,0.036126,-0.024178,-0.111522,0.019786,-0.048838,0.122971,-0.076044,0.129662,-0.033627,0.319409,-0.097425,0.052110,0.068088,0.079784,0.011062,0.063652,-0.052385,0.898006,0.049659
0.530334,-0.266833,0.065033,0.247225,-0.094826,-0.093515,-0.122465,-0.138371,-0.013778,-0.123331,0.475301,-0.330680,0.087940,-0.073010,-0.243715,0.194472,0.003774,-0.127415,0.111314,-0.201831
0.315750,-0.107783,-0.123083,0.141838,0.198702,0.283690,-0.058325,0.225396,0.171366,-0.227778,0.092940,-0.181992,-0.183701,0.203639,-0.218159,0.269134,0.404125,0.079699,0.433288,-0.059940
-0.090364,-0.292316,-0.230566,0.296638,0.250520,-0.079973,-0.182986,0.130504,-0.207861,-0.235571,-0.242766,0.267521,-0.251675,0.143703,-0.302694,-0.004797,0.209945,0.308386,-0.280958,-0.150343
0.280529,-0.267834,0.224637,-0.213482,0.112638,0.326544,-0.059484,0.008687,0.144230,0.243099,0.165452,-0.330539,0.140672,0.222101,0.257850,0.120839,0.306818,-0.156443,-0.342848,0.166455
-0.115146,-0.149284,0.091575,-0.158642,-0.005458,0.107036,0.350796,-0.016324,-0.062041,-0.226029,0.268993,-0.233522,-0.149013,-0.102433,0.040001,0.344492,0.442085,-0.096436,-0.035748,0.505246
0.173073,-0.357841,0.217199,0.324534,0.129856,0.226476,0.059532,0.282971,0.013303,0.145287,0.148820,-0.357714,-0.317711,-0.339465,-0.168552,0.096195,-0.027042,0.075308,-0.258330,-0.198389
-0.155753,-0.273544,-0.271198,0.123863,-0.178908,0.008960,0.353471,0.283490,-0.332405,-0.097670,-0.045760,-0.083979,-0.271246,-0.094655,-0.145829,0.238623,0.351922,0.271326,0.215063,-0.202459
-0.102392,-0.142984,-0.012015,-0.253791,0.038020,-0.120397,0.117147,-0.182610,-0.019350,-0.184615,-0.043283,-0.160266,-0.046176,-0.159139,0.029679,0.169048,0.384568,-0.039605,-0.060785,0.754599
0.928672,-0.000152,-0.101330,-0.062039,0.021368,-0.059375,0.151753,-0.095703,0.170368,-0.033287,-0.101390,-0.074906,0.040756,0.053371,0.132989,-0.034649,0.084459,-0.015015,-0.100915,-0.017887
0.274406,-0.093131,0.122676,-0.098884,0.000611,0.024621,0.147654,-0.167993,0.196514,0.095268,0.595406,-0.395713,-0.016923,0.045658,0.300352,-0.049672,0.091294,-0.142848,0.394438,-0.049077
-0.116214,-0.199307,0.081129,-0.218140,0.070316,-0.230612,0.109366,-0.217873,-0.047545,-0.175014,0.044087,-0.150388,-0.079861,-0.189543,0.093375,0.369046,0.309920,0.027686,-0.059330,0.655776
-0.109247,-0.303721,-0.275751,0.181414,-0.015598,-0.248473,0.050519,0.218433,-0.184240,0.072703,0.020793,0.250708,-0.341776,0.075693,-0.112067,0.271077,0.427071,0.256349,-0.336874,-0.043979
0.422582,-0.266241,0.069243,0.366381,0.019581,0.277176,0.231470,0.146158,-0.035290,0.078219,0.038590,-0.286483,-0.241312,0.052310,-0.362596,-0.101959,-0.027764,-0.070590,0.228543,-0.328040
0.085504,0.024398,-0.051956,-0.067006,0.021027,0.039321,0.020070,-0.104415,0.285368,0.053352,0.090445,-0.098586,0.054122,0.160035,0.908917,-0.095221,-0.028670,0.010576,0.052375,-0.044905
0.300851,0.024184,-0.095802,0.018285,-0.004130,-0.132641,0.025553,-0.116610,0.172506,-0.145334,0.720855,-0.185178,0.140137,0.038164,0.422936,0.227916,-0.065444,-0.001909,0.080767,-0.000484
-0.129819,-0.288112,0.181534,0.150191,0.120463,-0.145893,0.309549,0.368397,-0.223274,0.164666,-0.078656,-0.001100,-0.300492,-0.244915,-0.299992,-0.046286,0.176018,0.348209,-0.029570,-0.314033
-0.183351,-0.261044,-0.030207,0.155467,0.394047,0.023703,0.050517,-0.037084,0.135590,-0.306460,-0.167372,-0.076211,-0.333504,-0.275737,-0.295632,-0.189857,0.345518,0.210567,-0.304439,-0.012933
0.136787,-0.002389,-0.035612,-0.060533,0.035180,0.048137,-0.006597,-0.114596,0.107651,0.113594,-0.081118,-0.056557,0.028374,0.108284,0.947425,-0.079283,-0.067096,-0.001675,0.060886,-0.026595
-0.024774,-0.302427,0.199921,0.307678,0.058784,0.054670,-0.181832,0.123710,-0.157858,-0.051712,0.270364,-0.357561,-0.206285,-0.334949,-0.216630,0.265581,0.334031,-0.127274,-0.132574,0.269038
-0.201430,-0.151621,-0.085699,0.207227,0.156925,0.089865,0.347676,0.195031,-0.237475,-0.039060,-0.019631,0.034005,-0.195924,-0.388338,-0.192933,0.083130,0.361621,0.185651,-0.248818,0.417850
-0.153410,-0.305550,-0.005404,-0.236263,0.416220,-0.036807,0.102805,-0.077454,0.175611,-0.098820,-0.174883,0.228283,-0.334911,-0.261475,-0.078064,0.126680,-0.204727,0.304581,0.076408,-0.411819
-0.006581,0.016059,-0.068330,-0.149233,0.071304,-0.057824,0.130048,-0.029125,-0.023585,-0.048657,0.137604,0.029513,-0.015911,-0.062046,0.046335,0.050702,0.274862,-0.007091,-0.027675,0.915781
0.075686,-0.315246,-0.342287,0.066772,-0.104905,-0.254285,0.195014,0.226048,-0.270972,-0.233852,-0.153797,-0.109461,-0.278276,-0.086931,-0.037180,0.095856,0.334625,0.329049,-0.135667,-0.332435
0.115858,-0.018632,0.008834,-0.088868,-0.078549,0.022098,-0.091774,0.208008,-0.016433,0.102344,0.872043,-0.254682,0.032842,0.173290,0.010391,-0.062674,0.052994,-0.012162,0.185751,-0.106003
-0.147814,-0.226467,0.177981,0.250906,0.292396,0.107834,-0.064868,0.237146,-0.267040,0.110079,-0.119776,0.046676,-0.192038,-0.297876,-0.202389,-0.208456,0.339507,-0.085211,-0.296482,0.392758
0.156061,0.003242,-0.025857,-0.045741,0.034563,0.014627,0.023845,-0.029017,0.118199,0.040584,0.079676,-0.089834,0.037132,0.254161,0.930587,-0.009407,-0.002722,0.003691,0.050234,-0.073592
0.943401,-0.037788,-0.057774,-0.158619,0.012143,-0.022174,0.093400,-0.100085,0.096909,-0.044471,0.149374,-0.117848,0.034256,0.043454,-0.013204,-0.015206,0.003840,-0.050584,0.083683,0.008721
-0.045799,-0.285750,-0.333220,-0.101664,0.048253,-0.318222,-0.139546,0.324441,0.141661,-0.303270,-0.043500,-0.174805,-0.145995,0.272635,0.223065,0.029436,-0.190096,0.321693,0.228160,-0.290020
-0.111043,-0.306919,0.237310,0.373550,0.192336,0.205359,0.156797,0.245145,-0.131703,-0.016530,0.342478,-0.332227,-0.321638,-0.013145,-0.241086,-0.196992,0.171294,-0.200111,0.110849,-0.079097
-0.061241,-0.238980,0.125229,0.253402,0.130454,0.217364,-0.158960,-0.131800,0.066745,-0.050457,0.337806,-0.332510,-0.168577,0.044451,-0.179335,-0.166559,0.387473,-0.246963,0.466708,0.037701
-0.192626,-0.356375,0.150281,0.171751,-0.000938,-0.089491,0.171435,0.093508,-0.131435,0.159032,-0.032209,-0.051937,-0.478543,-0.156710,-0.385170,-0.083880,-0.116436,0.093189,-0.435079,-0.266226
-0.028725,-0.301148,0.224199,0.274429,0.231306,0.179457,-0.239808,0.255572,-0.027768,-0.273674,0.281458,-0.296581,-0.251619,-0.342491,-0.244556,0.085046,0.197668,-0.145536,-0.145134,-0.050579
0.472293,-0.293114,0.175220,0.093165,-0.116934,0.002212,-0.023915,0.301800,-0.221995,-0.356559,0.349319,-0.271392,-0.207558,-0.102916,-0.091919,-0.057653,0.167917,0.113902,-0.209281,-0.154275
0.306543,-0.334287,0.070717,0.292255,-0.042554,-0.126789,0.223282,0.302640,0.032768,0.090079,0.259126,-0.383088,-0.368279,0.125776,-0.131961,-0.167382,0.195822,0.151281,0.148319,-0.203316
-0.150749,-0.329972,0.195460,-0.123898,0.104806,0.108549,0.287816,0.250434,-0.071697,-0.012473,0.132814,-0.241802,0.017811,0.149322,0.336845,-0.028142,0.187322,-0.225585,0.071579,0.580636
-0.184785,-0.208598,0.041299,-0.124203,0.158353,0.109045,0.267155,0.189801,-0.118235,-0.000829,-0.073912,0.010735,-0.153760,-0.002330,-0.072094,-0.122748,0.461554,-0.032190,-0.146502,0.679592
-0.118227,-0.277003,-0.007883,-0.142618,0.243754,-0.266326,0.122267,0.413464,0.112354,-0.316256,-0.143118,0.024437,-0.226860,0.082526,0.272398,-0.107198,-0.211247,0.357272,-0.237508,-0.257439
-0.217926,-0.062145,-0.183295,-0.233576,0.150653,-0.015171,0.076205,-0.111290,-0.112982,-0.105654,-0.059332,-0.016874,-0.059515,-0.155934,-0.080639,0.507570,0.513619,-0.057801,-0.199073,0.439177
-0.219316,-0.246666,0.200569,-0.001569,0.372190,0.323694,-0.003322,0.328724,-0.118346,0.091577,0.051479,-0.118087,-0.370808,0.064536,-0.275650,0.162603,0.392769,-0.235967,0.050752,0.062087
0.121360,-0.021537,-0.077683,-0.118668,0.040773,-0.033012,0.053091,-0.090024,0.269175,-0.005786,0.855760,-0.095659,0.094603,0.251150,0.225848,-0.025605,0.025184,0.035786,0.095738,-0.047770
0.414738,-0.295980,0.082674,-0.231568,0.064861,-0.042093,0.359136,-0.033276,-0.089736,-0.033288,0.351700,-0.310026,-0.211321,-0.189340,0.181682,0.272434,-0.030246,0.217709,-0.177138,0.217879
-0.115768,-0.310942,0.242958,0.373034,0.263307,0.282468,0.066393,-0.062973,-0.160476,0.143513,0.338365,-0.269176,-0.170891,0.162084,-0.358949,0.069283,0.333176,0.022578,-0.012239,-0.012529
0.263224,-0.025997,-0.043736,-0.213641,-0.031586,0.059677,-0.119080,0.144599,0.017047,0.032027,0.446569,-0.191595,0.148588,0.154209,-0.176778,0.377492,0.031043,-0.146909,0.596564,-0.085687
0.153100,0.081490,0.069274,-0.054116,0.012652,0.006740,0.076242,0.013722,-0.010505,0.033711,0.961983,-0.011117,0.071066,0.093192,-0.052429,0.070068,0.057972,-0.039202,0.047935,0.024800
0.115577,-0.081496,0.097782,-0.119188,-0.139182,0.035777,0.385062,-0.073767,0.357302,-0.283250,0.549048,-0.286678,0.000950,0.103655,0.247470,-0.075902,0.229361,0.077955,0.195599,0.125071
-0.281856,-0.410992,0.249239,0.236171,0.173207,0.020311,-0.003480,0.128323,0.160451,0.051505,-0.115798,-0.169356,-0.407042,-0.045760,-0.032632,-0.028457,-0.210623,0.359962,-0.003298,-0.415654
-0.181777,-0.211547,0.081336,0.104045,0.186262,-0.190269,0.478099,-0.033088,0.058786,0.159478,0.245991,-0.125502,-0.189928,0.004755,0.039215,0.047651,0.062403,-0.070510,-0.041606,0.669733
-0.119130,-0.258248,-0.263094,-0.255003,0.421942,-0.381882,-0.082178,-0.037929,0.317069,-0.153084,-0.184817,0.287773,-0.258104,-0.037026,0.076831,0.123520,0.163945,0.218341,0.020114,-0.218559
-0.152115,-0.345606,-0.208556,0.293366,0.133882,0.108410,-0.006640,-0.203210,0.016360,-0.146806,-0.124814,-0.067878,-0.382694,-0.182486,0.191837,-0.188978,0.386085,0.325047,-0.189745,-0.268040
-0.082901,-0.328992,0.169230,0.302130,-0.130084,0.306600,-0.229725,0.203252,-0.266245,0.026309,0.213432,-0.379370,-0.295680,0.031751,-0.170928,0.158489,0.242451,-0.153182,-0.270223,-0.029467
0.041122,-0.237373,-0.292885,-0.226544,0.358316,-0.356956,-0.027650,-0.045914,-0.098499,-0.396534,-0.230920,0.080051,-0.190551,-0.135530,-0.151418,0.137401,0.172278,0.299240,-0.220013,-0.235352
0.003519,-0.197254,0.072009,-0.189882,0.010761,-0.087316,0.027199,-0.107954,-0.061690,-0.184697,0.027327,0.030541,-0.148614,-0.052566,-0.087743,0.204576,0.422151,0.049821,-0.168831,0.759282
0.778011,-0.242442,0.021638,-0.071194,0.063124,0.022674,-0.024104,-0.049520,-0.049451,0.350726,0.162952,-0.363657,0.018174,0.044978,-0.091318,0.108044,0.052667,0.039024,0.049843,-0.097226
0.768168,-0.179526,0.144461,0.084146,-0.010353,0.168673,-0.070668,0.179878,-0.041993,0.014723,0.292612,-0.340984,-0.088787,0.043083,0.082516,0.157277,0.157497,-0.050152,0.106468,-0.004394
-0.185198,-0.271428,0.233457,0.313483,0.060363,0.106593,0.055623,0.326811,-0.139225,0.113173,-0.086617,-0.068386,-0.330762,-0.098134,-0.334695,-0.258899,0.343202,-0.047195,-0.375672,0.103684
-0.120330,-0.332934,0.286728,0.098506,0.273397,0.183875,0.011971,0.249315,-0.136642,0.063458,0.076573,-0.022378,-0.297579,-0.305699,-0.341331,0.293074,0.239061,0.104536,-0.331235,-0.143670
0.986485,0.039267,-0.004003,-0.034228,0.007999,-0.000461,0.047055,0.061858,0.050835,0.028254,-0.046942,-0.030022,0.008166,0.089347,-0.012537,0.030471,0.039905,-0.006926,0.017539,0.021030
-0.116877,-0.259072,0.138353,0.229840,0.240101,0.164837,0.223714,0.047233,-0.108064,-0.027760,0.137875,-0.240179,-0.327308,-0.366247,-0.339848,0.296956,0.043967,0.318141,0.044071,-0.266412
-0.109303,-0.273951,0.119213,-0.022583,0.204831,-0.023151,0.150721,0.169968,-0.270891,-0.038137,-0.122858,0.071462,-0.245566,-0.431875,-0.356314,0.062780,0.290726,0.262004,-0.364978,0.212250
0.974023,0.050712,0.000346,-0.033146,0.006894,0.017182,-0.002829,-0.026992,0.068868,0.108607,-0.017301,-0.071680,0.023144,0.116398,0.023481,-0.000641,-0.008113,-0.025746,0.085186,-0.043974
0.628229,0.034839,-0.290806,-0.090159,0.064668,-0.038914,0.124711,-0.138390,0.321349,-0.008548,0.336914,-0.086314,0.094088,0.025183,0.104228,0.077877,0.044436,-0.107149,0.423130,0.166756
0.067218,-0.029386,-0.061714,-0.124536,0.019486,-0.003931,0.100079,-0.024082,0.002073,0.272212,0.090670,0.254590,-0.010578,-0.070944,-0.069529,0.116903,0.134801,-0.048670,-0.067139,0.876627
-0.029943,-0.061017,0.047441,-0.123807,0.043829,-0.036509,0.095507,-0.057039,-0.050309,0.080596,0.006875,-0.033812,-0.029056,-0.039721,0.090321,0.906020,0.247932,-0.012988,-0.035762,0.239970
-0.001081,-0.317079,-0.312401,-0.016638,0.349578,-0.061887,0.130633,-0.011080,0.160393,-0.220199,-0.156478,-0.169310,-0.290840,-0.088176,0.260837,0.097613,0.322551,0.329909,0.133096,-0.361221
0.916159,-0.051372,0.031095,-0.081242,-0.027928,0.017828,0.117764,-0.070927,0.062396,-0.072264,0.210306,-0.094924,-0.063820,0.072838,0.131562,0.119089,0.136659,0.046336,0.050179,0.062335
0.679475,0.001556,0.093687,-0.057410,-0.031668,-0.065411,0.039072,-0.029259,0.127396,0.011714,0.562275,-0.032490,0.162172,0.200670,0.310412,0.072108,0.084530,-0.011267,0.097732,-0.007132
0.120299,-0.002532,-0.076534,-0.081151,-0.016996,-0.007006,0.122214,-0.118954,0.239917,0.087639,0.859504,-0.083185,0.158598,0.305189,0.094415,-0.060815,0.006151,-0.005031,0.022985,0.035339
0.043228,-0.080228,-0.038524,-0.155606,0.018688,-0.078152,0.590068,-0.104091,0.082555,0.167254,-0.024640,0.205295,-0.009739,-0.004731,0.170505,0.150567,0.350737,-0.102956,-0.033937,0.579962
0.241785,-0.167091,-0.171851,0.110596,-0.053595,-0.083428,0.072962,-0.069844,0.337318,-0.069689,0.709314,-0.221739,0.088055,0.194984,-0.062176,-0.124019,0.102316,-0.013046,0.297228,-0.129945
0.222895,-0.225723,0.156662,-0.144793,-0.126399,-0.149016,0.138248,-0.098110,-0.009765,-0.094949,0.289533,-0.232006,0.041421,-0.156209,0.061120,0.682820,0.121279,-0.238855,-0.123734,-0.238758
0.551060,-0.355384,0.125758,-0.001379,-0.174656,0.222057,-0.176356,0.024102,-0.002055,0.068077,0.262685,-0.381219,-0.179929,-0.060968,-0.101206,-0.067823,-0.134195,-0.200157,0.236014,-0.242988
0.309180,-0.101162,0.163519,0.072744,0.006496,-0.090574,0.328070,0.027691,0.133088,-0.193864,0.352337,-0.231638,0.021933,0.201606,-0.000157,0.620618,0.245167,-0.005837,-0.127995,0.097937
0.075413,-0.059438,0.096877,-0.194221,0.003250,0.092019,-0.163139,-0.124745,-0.063887,-0.210934,0.286445,-0.006962,-0.030954,-0.085316,-0.039283,0.153727,0.615921,0.136887,-0.200762,0.539010
0.324809,0.052858,-0.149097,-0.017749,0.061381,-0.147182,-0.139415,-0.156748,0.079943,0.250569,0.745525,-0.135128,-0.032126,0.217198,-0.046200,0.216401,-0.085958,0.001305,-0.179291,-0.140621
-0.007741,-0.043429,0.070760,-0.281854,-0.056238,0.047251,-0.111730,0.296101,0.060770,-0.055600,0.662656,-0.172317,0.010382,0.077067,-0.103843,0.126078,0.457352,-0.142010,0.228286,0.135211
-0.061690,-0.286700,-0.330883,0.336342,-0.279262,-0.197340,0.128513,0.008699,-0.102174,-0.317546,0.161173,-0.174897,-0.211298,-0.252040,0.178194,-0.131145,0.016940,0.345303,-0.224415,-0.251038
-0.109246,-0.052385,-0.067262,-0.117874,0.037922,-0.016548,0.350471,-0.125748,-0.019619,0.073391,0.024515,0.363100,-0.043742,-0.041477,0.033660,0.037222,0.205471,-0.100606,-0.094775,0.787947
-0.114650,0.146526,-0.105398,0.163192,0.199333,-0.199817,0.358306,-0.003148,-0.084023,0.315719,0.105415,0.305444,-0.068390,-0.207940,0.022054,-0.304347,0.368822,-0.065069,-0.273337,0.390431
-0.182589,-0.285015,0.016618,0.069044,0.037089,-0.041170,-0.220831,0.067819,-0.173162,-0.284826,-0.051184,0.253932,-0.320891,-0.311869,-0.263627,0.163055,0.323352,0.227878,-0.338257,0.280204
0.359389,-0.259994,0.232265,0.289929,0.219267,0.078617,-0.151976,0.217280,0.019639,0.180514,0.260046,-0.304787,-0.238553,-0.413135,-0.273725,0.005139,0.064880,-0.080735,0.134276,-0.126029
0.350362,-0.075405,-0.181977,0.039545,-0.007195,-0.099575,-0.004741,-0.001189,0.087252,0.047165,0.784588,-0.231944,0.131279,0.201359,0.276217,-0.012012,0.064212,0.021643,0.077700,-0.053173
-0.205657,-0.229267,0.019626,0.050562,0.193733,-0.059911,-0.084440,0.114315,-0.167729,0.087088,-0.069637,0.228012,-0.222951,-0.129579,-0.045547,0.108466,0.482157,0.118315,-0.316081,0.567104
0.010037,-0.003498,-0.103721,-0.096873,0.085376,0.013912,0.081774,-0.049361,0.030463,0.239355,0.072472,0.069563,0.023388,-0.036121,0.148167,-0.098752,0.059020,-0.087496,-0.002048,0.922024
-0.161130,-0.280665,0.227806,0.307843,0.208511,0.049680,0.093595,0.336814,-0.218000,0.057458,-0.119491,-0.010762,-0.287374,-0.309278,-0.296801,0.003136,0.301567,0.084731,-0.363349,0.136939
-0.153924,-0.141984,-0.186990,0.131062,-0.112106,0.006967,0.300343,0.096477,-0.085580,-0.158906,-0.123094,0.569548,-0.223274,-0.143375,-0.055187,-0.069150,0.327385,0.104252,-0.360116,0.306260
-0.120046,-0.333824,0.353638,-0.033926,0.442412,0.248817,-0.014297,0.156652,0.003292,0.030071,0.009871,-0.057164,-0.296831,-0.025345,-0.242345,-0.307488,0.267863,0.253075,-0.255881,0.134063
-0.003933,-0.299904,-0.298697,0.234638,0.228158,-0.069199,0.306749,0.208584,0.020456,-0.176114,-0.012810,-0.099983,-0.393687,0.193157,-0.187184,-0.045478,0.353399,0.351569,-0.082489,-0.212187
0.227153,-0.328102,0.331205,0.330174,-0.047675,-0.142680,0.021220,0.478277,-0.030940,0.108406,0.236375,-0.326042,-0.262607,-0.025214,0.034154,0.137881,0.180472,0.041487,-0.226628,-0.141055
0.215051,-0.342328,0.249110,0.194590,0.247789,0.219585,-0.013660,0.271093,-0.178372,0.107520,-0.031905,-0.345944,-0.337521,-0.018596,-0.223922,-0.213612,0.127872,-0.215878,-0.330943,-0.082231
0.101392,-0.098647,0.112964,-0.132908,-0.029504,0.146870,-0.068656,0.213623,0.036863,0.061739,0.594016,-0.119122,0.019355,0.258404,0.137080,0.539748,0.349647,-0.070578,0.007465,0.000989
-0.067117,0.020774,-0.016720,-0.133680,0.037547,-0.058766,0.061014,-0.049063,-0.022527,0.034929,0.007565,-0.068234,-0.001642,-0.088689,0.115177,-0.058121,-0.137460,0.017059,-0.009075,0.956922
0.920101,-0.016672,-0.027890,-0.108124,-0.052832,0.002322,0.053420,-0.039252,0.201631,0.098541,0.067861,-0.148767,0.053902,0.114586,0.163953,0.025076,0.060703,-0.015569,0.089703,-0.029251
-0.162301,-0.274354,0.011712,-0.123695,0.348178,-0.021441,0.250971,0.195825,0.162924,-0.167452,0.045611,-0.016292,-0.326976,0.295050,-0.260647,-0.260453,-0.247813,0.128232,0.036347,-0.440548
0.025838,-0.218958,0.031056,-0.056749,0.096753,0.112586,-0.000541,-0.107803,-0.014240,-0.038941,-0.024544,0.018228,-0.044111,-0.082866,-0.094778,0.142376,0.523999,0.055582,-0.182562,0.749555
0.100961,-0.351779,0.201764,0.328726,-0.169264,0.329233,0.195652,0.157917,-0.019378,-0.010073,0.435024,-0.430873,-0.243943,0.164392,-0.024828,0.111494,0.022321,0.081367,0.132352,-0.132046
0.758860,-0.207005,0.000967,0.076994,0.000242,0.016426,-0.004889,0.075733,-0.145399,0.075144,0.303670,-0.289646,-0.169792,-0.116821,0.230795,-0.049449,0.141164,0.031601,-0.212186,-0.047826
0.856933,-0.035906,-0.142353,0.036314,0.029023,0.095109,-0.108530,-0.013591,-0.005914,-0.017118,0.202712,-0.218725,0.075582,0.013313,0.075236,-0.116737,-0.195286,-0.020306,0.199965,-0.167240
-0.086146,-0.023823,-0.098412,-0.168952,0.107940,-0.090085,0.113333,0.002977,-0.035068,0.116159,0.198007,0.076418,-0.016454,0.048671,0.087798,0.789325,0.426188,-0.024136,-0.121686,0.176022
0.241521,-0.318506,-0.305646,0.209558,-0.053565,-0.242996,-0.129415,0.041274,0.043791,-0.266740,-0.189841,-0.242993,-0.193094,0.200115,0.305182,0.056345,-0.162349,0.328310,0.145290,-0.354218
0.206131,-0.342000,-0.367724,-0.157244,0.029168,-0.029013,0.239551,0.123367,-0.308153,-0.158102,0.028495,-0.209680,-0.300315,-0.185831,-0.126810,0.119876,0.048083,0.334375,0.165795,-0.380514
0.799413,0.012392,-0.161356,-0.034290,0.096304,0.005263,0.071938,0.074985,0.314930,0.213687,0.328560,-0.059287,0.064683,0.103829,0.128832,0.022827,0.091952,-0.098480,-0.078459,-0.027775
-0.057777,-0.067298,-0.163498,-0.256312,0.003635,-0.005308,0.302784,-0.010273,0.019283,0.075473,0.304946,-0.069301,0.088874,-0.056336,0.075476,-0.078110,0.595052,0.042090,-0.057660,0.567418
0.754684,0.007914,-0.052701,-0.096611,-0.017559,0.016981,0.019147,-0.113112,0.055361,0.098048,0.553385,-0.095847,0.054269,0.153451,-0.073840,0.105416,-0.048372,-0.080224,0.148303,-0.050936
-0.174908,-0.184832,0.130758,-0.131511,0.124330,0.075643,0.353870,-0.142401,-0.129945,0.252657,0.187786,-0.001771,-0.128620,0.048309,0.271490,-0.083425,0.460967,-0.145301,-0.135958,0.516286
-0.118623,-0.178609,-0.218062,-0.018421,0.162421,-0.057809,0.156415,-0.021351,-0.243690,-0.327697,-0.165127,0.309023,-0.212628,-0.290507,-0.230743,-0.170641,0.287972,0.189062,-0.268437,0.399079
0.436460,-0.392137,0.029646,-0.268673,0.134801,0.157733,0.047253,0.086157,0.015193,0.033147,0.477261,-0.164382,-0.167596,0.302264,-0.015083,0.047273,-0.185511,0.104663,0.039708,-0.323993
0.183671,-0.016775,-0.003302,-0.117932,-0.022690,-0.036452,0.075604,-0.102899,0.058710,-0.008850,0.942708,-0.104817,-0.005463,0.109247,0.029645,0.049592,-0.047799,-0.037305,0.100742,0.039721
-0.208677,-0.286998,0.302158,0.065080,0.262258,-0.020788,-0.058678,0.154990,-0.304609,-0.030590,-0.047104,-0.040984,-0.296620,-0.288610,-0.196473,0.250408,0.369198,0.046392,-0.315196,0.271773
-0.184114,-0.129573,0.102738,0.139231,0.057115,-0.045584,-0.185861,-0.072147,-0.141937,0.074659,-0.000861,0.378930,-0.070922,-0.172540,-0.079282,-0.010769,0.361470,-0.069983,-0.141911,0.712794
0.060619,-0.308566,-0.162284,0.303237,-0.182653,-0.166946,-0.055256,0.376637,-0.195186,-0.307011,-0.109283,-0.024160,-0.182190,-0.000580,0.457410,-0.027565,0.071470,0.275301,-0.269188,-0.187787
0.327434,-0.342931,0.011159,0.499675,0.164781,0.232887,0.051828,0.304863,-0.043979,0.271332,0.021465,-0.273954,-0.199064,0.133753,-0.208526,-0.037061,0.044227,-0.062004,0.089189,-0.284911
0.325271,-0.232364,-0.262236,0.117519,-0.098518,-0.092212,-0.227807,-0.042226,0.013972,-0.235373,0.344202,-0.265078,-0.105540,-0.202707,0.361686,-0.113051,-0.163750,0.279216,0.203446,-0.315294
-0.126397,-0.193913,0.258123,0.131746,0.185611,0.146840,0.140815,0.044233,-0.258034,-0.242815,0.030363,0.003132,-0.296817,-0.361978,-0.224879,0.101932,0.456294,0.083939,-0.365852,0.170232
-0.053654,-0.156187,0.080093,-0.296243,0.275479,-0.161471,0.605840,-0.123140,-0.034336,-0.245951,-0.069612,0.115732,-0.220562,-0.162301,-0.276687,0.055090,-0.173869,0.267005,-0.035793,-0.238937
-0.267774,0.130552,0.248845,-0.010843,-0.004970,0.105482,0.376361,0.318674,0.098270,-0.084098,0.402931,-0.161236,-0.095297,-0.002548,0.136142,-0.030048,0.407384,-0.182069,0.099558,0.390169
