0.870079,0.154367,0.080279,-0.073571,-0.011293,0.165363,0.054077,0.045261,-0.038003,0.067771,0.335414,-0.094183,0.044050,-0.049985,-0.131187,0.095008,0.079411,0.093652,0.000609,0.040843
0.020042,0.018885,-0.037522,0.035335,0.024177,-0.095954,-0.019110,0.974323,-0.010892,-0.008204,-0.000690,-0.089480,-0.034443,-0.022397,0.002967,0.009541,0.087944,0.138355,-0.000471,0.016278
-0.042327,0.203374,0.234422,-0.253294,-0.233714,0.229105,0.266981,-0.141376,0.162834,-0.285659,0.197409,-0.299632,0.238117,0.043007,-0.242432,0.230864,0.294880,0.064356,-0.294555,0.232407
0.384095,0.187503,0.299276,-0.211388,-0.097169,0.055259,0.193082,0.317045,0.124749,-0.302555,-0.154385,-0.211883,-0.055108,0.078001,0.140541,0.220596,0.299501,0.340178,-0.154438,0.223896
-0.018888,0.010024,0.023541,0.022327,0.023909,0.086130,-0.005458,-0.006667,-0.035239,0.014611,0.963954,-0.041052,0.087902,0.037236,-0.014964,0.086379,0.139478,0.089983,0.077190,0.088153
-0.083706,-0.046494,0.074105,0.102607,-0.238601,0.337073,0.135600,-0.226918,0.028548,-0.397656,-0.169855,-0.008317,0.033977,-0.340078,0.153088,0.316548,0.251999,0.355072,0.070118,-0.334030
0.424381,0.054707,0.020129,-0.205409,-0.242247,0.147850,-0.083772,-0.184638,0.188469,-0.293104,0.263231,-0.289804,0.246384,-0.352275,-0.255433,0.181856,0.088820,0.188519,-0.082591,-0.211141
-0.069716,0.158929,0.140260,-0.114998,-0.008308,0.040371,0.253178,0.791714,-0.060456,-0.172682,0.108360,0.075968,-0.010891,0.241899,-0.050872,0.081055,0.346196,0.042008,-0.055375,0.030225
-0.058349,-0.246613,0.177624,0.338506,-0.135812,0.079205,0.061727,-0.204874,0.028904,-0.264228,0.456102,-0.195769,0.196232,-0.025649,0.060339,-0.132330,0.430830,0.216424,-0.194233,0.267647
0.338550,0.179594,-0.062751,-0.025929,-0.086598,0.337110,0.095301,-0.176108,0.014801,-0.099827,0.530599,-0.133645,-0.034879,0.039250,-0.317345,-0.009621,0.354138,0.041756,-0.100066,0.370099
0.360054,0.092080,0.156140,-0.130828,-0.250259,0.234183,0.291753,0.121443,0.154847,-0.273880,0.347828,-0.240613,0.154080,-0.054554,-0.233229,0.158324,0.277311,0.243048,-0.204196,-0.203303
0.932786,0.019827,0.015033,-0.000209,0.000679,0.097983,0.059122,-0.025594,0.007331,0.027070,0.171687,-0.068579,0.068572,-0.015863,-0.071460,0.014494,0.153329,0.067096,0.065131,0.195062
0.187033,0.029481,-0.026839,-0.028145,0.015200,0.094547,-0.041140,0.011237,-0.041939,0.075165,0.940019,-0.006267,0.107471,-0.026693,-0.068536,0.101182,0.134790,0.104771,-0.013433,0.063572
0.338977,-0.009566,0.284905,0.002956,-0.206190,-0.005002,-0.285425,-0.194489,0.206788,-0.271661,0.412269,-0.255504,-0.088986,-0.063888,-0.181841,0.223693,0.231571,0.188353,0.249800,-0.208745
0.124892,0.221309,0.046509,-0.182541,-0.215319,0.356623,0.256810,-0.132412,-0.004532,-0.159287,0.494683,-0.000325,-0.035280,-0.140118,-0.366843,0.062786,0.367134,-0.164729,0.179725,-0.138536
-0.200178,0.143859,0.222566,0.010904,-0.243470,0.201420,0.233545,-0.042654,0.242794,-0.228327,-0.187322,-0.290363,0.295909,-0.300901,-0.266162,-0.213147,-0.238177,0.303243,-0.185259,-0.159697
0.351969,0.119835,-0.255357,-0.206445,-0.292863,0.029514,0.363303,-0.012669,-0.128652,-0.325441,0.309328,0.021577,0.241296,0.123530,0.143441,0.312739,0.183854,0.254277,-0.160800,-0.018684
-0.119588,0.183556,-0.039392,-0.079258,-0.029936,0.193843,0.154162,0.433194,-0.190820,-0.218316,0.538626,0.002050,0.115427,0.016133,-0.108236,0.103761,0.325585,0.181213,0.288426,-0.248965
-0.150455,0.158464,-0.279429,0.186265,0.010652,0.193850,0.170759,-0.044303,-0.267597,-0.209555,-0.247276,-0.042937,0.312263,0.017428,0.217255,0.289952,0.166486,0.288940,0.356566,-0.353167
0.078518,-0.031475,0.325035,-0.260809,-0.258266,-0.225416,0.192241,-0.184303,0.279576,-0.273029,0.179221,-0.201121,0.281579,-0.099959,-0.284129,-0.024169,0.320618,0.176555,-0.121604,0.293448
-0.085811,0.088516,-0.168983,-0.014102,-0.051830,-0.154002,-0.128364,0.702159,-0.084742,-0.052792,-0.041669,0.241826,-0.147152,0.353151,0.312809,-0.038354,0.247201,0.192113,0.079055,0.000051
0.168042,0.055491,0.029803,-0.073347,0.054642,0.148826,0.108246,0.046245,-0.159158,0.093556,0.926511,-0.012400,0.119448,-0.025837,0.030547,0.031477,0.060532,0.100653,0.002790,0.010059
0.429655,0.098436,0.054506,-0.204112,0.018368,-0.194078,0.286298,-0.144370,-0.167392,-0.132581,0.467329,-0.000875,-0.092969,0.183728,0.138504,0.243580,0.017752,0.208960,0.350145,0.262243
-0.121120,0.165445,-0.253032,-0.046377,0.051702,-0.294572,0.107428,0.400542,-0.054958,-0.027716,-0.048013,-0.271622,-0.201720,-0.064222,0.348862,0.047165,0.484120,0.368137,0.104075,0.031885
-0.039041,-0.066302,0.315315,-0.160317,-0.235439,0.235558,0.304600,-0.167818,0.309391,-0.290114,0.087571,-0.259610,0.273330,-0.203124,-0.137356,-0.254846,0.214406,0.280886,-0.204808,-0.124667
0.016780,0.077957,0.181781,-0.234404,-0.328225,0.230424,0.175121,-0.278571,0.279886,-0.283775,0.052679,-0.271482,0.293865,-0.247692,-0.275363,0.189940,0.287624,0.079594,-0.166659,0.157371
0.062391,-0.026737,0.100693,0.041697,0.019401,0.133954,0.045173,-0.080356,-0.117027,-0.035395,0.047565,-0.015826,0.012712,0.936491,-0.001382,0.165330,0.107106,0.103454,0.032568,0.107184
0.336006,0.174429,-0.035947,0.456251,0.047232,0.141983,0.068985,-0.073610,-0.105545,0.066777,0.582746,-0.170446,0.168344,-0.031977,-0.093757,0.256478,0.138581,0.120188,0.263608,0.152752
0.377609,-0.063487,0.192223,-0.203353,-0.220877,0.136343,0.299625,-0.254114,0.272985,-0.129813,0.349818,-0.252144,0.257516,-0.126592,-0.333967,0.081324,0.120466,0.036063,-0.221355,0.103603
-0.146416,0.261014,0.262641,-0.167538,-0.266451,0.214347,0.305620,-0.092368,0.239216,-0.355337,-0.234737,-0.198102,-0.159542,0.030599,0.154582,0.187552,-0.171789,0.290311,-0.226600,-0.257050
-0.025625,-0.041918,0.153645,-0.002634,0.004753,0.118736,0.012392,-0.077395,-0.095504,-0.096090,0.044061,-0.017704,0.010247,0.073881,-0.028208,0.162334,0.944632,0.072223,0.008749,0.052590
-0.143939,-0.148794,-0.302644,0.250437,0.191378,-0.175784,0.255881,0.242458,-0.278248,-0.178212,0.218195,-0.153042,-0.203516,-0.007388,0.311787,0.353662,0.246442,0.248130,0.204278,-0.055112
0.059089,0.337479,0.190067,-0.290406,-0.277988,-0.059365,0.345271,0.331405,0.103469,-0.273534,0.133078,-0.012318,-0.028541,-0.116489,-0.312772,0.227634,0.314055,0.193062,-0.160208,0.152728
-0.184782,0.333053,0.393313,-0.270515,-0.228746,0.130405,-0.047247,-0.150262,0.370900,-0.227949,-0.036916,-0.241237,0.233315,-0.052174,-0.254425,0.292470,0.055255,-0.124833,-0.230951,0.066542
-0.039708,0.033883,-0.062904,-0.016323,0.036657,-0.095574,-0.022783,0.901139,-0.003444,-0.008564,0.076913,-0.116695,-0.053816,0.133959,0.046902,-0.005337,0.185585,0.296352,0.070501,0.008926
-0.094115,-0.152200,0.242151,-0.142121,-0.306796,0.242620,0.171226,-0.291325,0.232565,-0.254834,0.266998,-0.321056,0.125446,-0.002825,-0.357514,-0.208356,0.275107,-0.032042,-0.246282,0.065081
0.212185,0.037744,-0.080908,-0.135975,-0.096282,0.073755,0.021634,-0.165477,-0.052683,-0.087618,0.040701,-0.057912,-0.000550,0.100749,-0.135612,0.257207,0.872820,0.064161,0.002349,0.099302
0.093951,0.064224,-0.094751,-0.040911,0.341536,-0.098265,0.132536,0.243103,-0.237279,-0.276465,-0.181372,0.289850,-0.255780,-0.156242,0.406934,0.339592,0.048322,0.381565,-0.069007,-0.018568
0.060294,-0.008485,0.059413,0.061727,0.015177,0.092940,0.010101,-0.038810,-0.053350,-0.003475,0.061628,-0.045344,0.030462,0.163844,-0.082664,0.056679,0.911149,0.060381,0.000020,0.313219
-0.010322,0.048087,-0.018360,-0.090125,0.000541,0.103986,0.030898,0.069544,-0.040511,0.092884,-0.075202,-0.017966,0.147749,-0.053761,-0.021397,0.957484,0.101852,0.023319,-0.038760,0.043552
-0.245030,-0.163745,0.437270,0.039697,-0.284845,-0.133265,0.014769,-0.266198,0.281720,-0.244269,-0.095965,-0.294589,-0.216155,0.130455,-0.240548,-0.241172,0.198183,-0.050235,-0.200676,0.231359
-0.142105,0.283950,0.201923,-0.273284,0.130800,0.162900,0.241209,-0.112438,0.164397,-0.375316,-0.232247,-0.116820,-0.241486,0.166316,0.228302,0.279718,0.218113,0.226803,0.321002,-0.124030
-0.286202,0.229976,0.129504,-0.201673,-0.254837,0.090724,0.244350,-0.007521,-0.157016,-0.273603,0.236279,-0.197680,0.156172,0.011931,0.106214,0.443350,0.178983,0.228156,0.367759,-0.169385
-0.195653,-0.227024,0.214490,-0.064444,-0.254289,0.091519,0.321388,-0.141200,0.179440,-0.356880,-0.235372,-0.360398,0.020229,0.074423,0.212656,0.160272,0.212738,0.214710,-0.328505,-0.206823
-0.094171,-0.101061,-0.263070,0.187818,0.214273,-0.225675,-0.232834,-0.026862,-0.173774,-0.335631,-0.178621,-0.290265,0.086068,0.056770,0.331866,0.336011,0.208751,0.360474,-0.083282,-0.227008
0.336854,-0.138295,0.197871,0.334578,-0.101696,-0.126181,-0.089888,-0.135822,0.316556,-0.318827,0.276760,-0.284313,0.306597,-0.189674,0.040847,-0.020254,0.264099,0.301543,-0.073998,-0.077591
0.273571,0.290217,0.205074,-0.234305,-0.138832,0.199821,0.211244,-0.312165,-0.093875,-0.304744,0.254947,-0.316849,0.130990,0.054889,-0.305567,0.073133,0.258736,-0.142371,-0.215576,0.151839
-0.149572,0.358495,0.243914,0.070399,-0.144580,-0.219745,0.322141,-0.089802,-0.208674,-0.084725,0.234088,-0.085612,-0.173092,0.188768,0.275541,0.328442,0.148473,0.171999,0.407952,-0.152762
-0.193669,0.348818,-0.145686,-0.074145,0.042818,-0.084273,0.312563,0.010885,-0.102636,-0.190657,0.032632,0.416893,0.003754,-0.165357,0.192460,-0.108418,0.193475,0.336821,0.482825,-0.159517
-0.262610,0.154595,0.200042,0.118047,-0.252878,0.025992,0.261187,0.316619,0.265356,-0.212574,-0.190602,-0.218710,-0.262752,0.188108,0.253428,-0.044689,-0.214375,0.343080,-0.232364,-0.178971
-0.222213,0.102440,-0.202854,-0.040660,-0.060410,0.135315,0.094623,0.505262,-0.110266,-0.009841,-0.069808,0.452243,0.009923,-0.109756,0.094212,0.226148,0.161288,0.316181,0.396831,-0.183975
-0.235058,0.257778,-0.160936,-0.010133,0.014827,0.212045,0.378256,0.130831,-0.027137,-0.396570,0.197250,0.124795,-0.103614,-0.305188,0.166137,0.209883,0.243951,0.056542,0.383056,-0.222404
0.097099,0.005186,0.896394,0.001185,0.046530,0.185542,0.013769,-0.112290,-0.172061,-0.019177,-0.020120,-0.109830,0.028461,0.069186,-0.123073,0.210019,0.047954,0.145139,0.030507,0.077739
0.531526,0.161558,0.070464,-0.201384,-0.080901,0.032547,0.060963,-0.115193,-0.252996,-0.058014,0.143638,-0.086680,0.062921,0.059510,-0.159999,0.024616,0.667324,0.163419,-0.139716,0.022295
0.356314,0.145877,0.035912,-0.268252,-0.240100,0.005051,0.163954,-0.243523,0.010692,-0.301372,0.258476,-0.187566,-0.128738,-0.037393,-0.318862,0.287921,0.216305,0.267037,-0.180837,0.297288
-0.077176,0.066399,-0.094048,-0.150378,-0.173273,0.391613,-0.020998,-0.046304,-0.019228,-0.072865,0.620633,-0.110397,0.156548,0.037113,-0.140319,0.034191,0.532239,0.031482,0.119393,0.154557
0.150806,0.023307,0.008303,-0.000596,0.022602,-0.026036,-0.024625,-0.013343,0.047006,0.048895,-0.053702,-0.004858,0.062183,-0.019750,-0.022365,-0.004228,0.974005,0.004187,0.056893,0.102219
0.262594,0.199026,-0.023650,-0.101739,0.129326,0.079862,0.243242,0.164010,-0.293380,-0.154057,0.536070,0.050151,-0.043119,0.163476,0.143575,0.251707,0.138523,0.352930,0.335086,-0.055484
-0.172318,-0.160356,0.250962,-0.271124,-0.257380,0.167623,0.322861,-0.053453,0.241898,-0.355151,-0.119747,-0.331412,0.150231,0.171534,-0.107532,0.277289,0.089326,0.181058,-0.304481,-0.154688
-0.174478,0.224126,0.310544,-0.232782,-0.111642,-0.293691,0.117917,0.305682,-0.107637,-0.059292,0.123146,-0.226608,0.020769,0.127817,0.239500,0.347924,0.361466,0.275174,0.266487,-0.091894
-0.277066,0.328627,0.301780,-0.094475,-0.240217,0.191954,0.289246,0.148812,0.324600,-0.274048,-0.191671,-0.298607,0.184400,0.115887,-0.091752,0.030798,-0.254339,0.237413,-0.142305,-0.102023
-0.164532,-0.112423,0.418720,0.030910,-0.207481,-0.165124,0.206109,-0.202180,0.219984,-0.347611,0.351877,-0.247831,0.119487,0.188581,-0.060702,0.154633,0.019872,0.196139,-0.272202,0.292364
-0.177737,-0.274556,-0.023189,0.289338,0.116814,0.226178,0.263947,0.195834,-0.114511,-0.332196,-0.290667,0.047173,-0.098636,-0.108226,0.235238,0.388022,0.278109,0.342461,-0.025804,0.056065
-0.159804,0.323796,0.348487,-0.246582,-0.294634,0.192920,0.217088,0.079808,0.328279,-0.206466,-0.029228,-0.297870,0.188258,-0.059781,-0.194890,-0.155511,0.082239,0.302814,-0.249819,-0.088458
-0.204597,0.079741,0.067235,0.276785,0.014958,0.028972,0.211543,-0.062563,-0.077183,-0.237360,-0.041102,-0.179810,-0.064831,0.023008,-0.064639,0.086476,0.200454,0.762912,0.255693,-0.143602
0.503866,0.039687,0.240844,-0.070013,-0.043432,0.089156,-0.127919,-0.120977,-0.057295,0.067337,0.682426,-0.194072,0.055028,0.019083,-0.000322,0.249706,0.179300,0.024720,-0.176209,-0.007834
-0.220052,0.124976,-0.058508,-0.135238,-0.123101,0.278768,-0.012982,0.156057,-0.060082,-0.253984,0.524352,-0.159340,0.134121,-0.008066,-0.225816,0.314356,0.355617,0.096314,0.346544,-0.068617
0.042730,-0.101113,-0.215262,0.042987,0.200363,0.152966,0.273650,0.050357,-0.034577,-0.302133,-0.223367,0.163019,-0.174971,-0.326655,0.258838,0.293766,0.003701,0.323912,0.339524,-0.345008
0.043517,0.086049,0.146823,-0.137019,0.086001,0.205139,0.091754,0.129876,-0.282598,-0.255123,0.291805,-0.288152,0.066668,-0.208577,0.270154,0.211543,0.341229,0.410035,-0.135621,0.306322
0.987043,0.021728,0.027172,0.016362,0.030257,0.064066,-0.021818,-0.019903,0.014717,0.020344,-0.026905,-0.017821,0.023033,-0.038161,-0.022309,0.042109,0.020215,0.024457,0.058879,0.089287
0.094456,0.138828,0.198733,-0.257617,-0.320361,-0.142876,0.157131,-0.180807,0.225329,-0.291588,0.071588,-0.304469,0.332416,-0.149685,-0.255709,0.136961,0.207212,0.343548,-0.093661,0.255164
0.377773,0.191649,0.213325,-0.204221,-0.295718,0.234557,0.316376,0.086279,0.047656,-0.293464,0.271381,-0.075308,-0.073592,-0.207296,0.065070,0.072300,0.222010,0.338009,-0.222063,-0.211969
0.099792,-0.008270,0.012713,0.493730,0.023878,0.053687,-0.026233,0.018870,0.009521,0.036568,-0.016242,-0.030433,0.028262,-0.018494,0.000946,0.080957,0.850568,0.026127,0.050887,0.067043
0.125374,0.102934,0.605521,-0.012895,0.123648,0.285178,0.048937,-0.001257,-0.189690,0.022853,0.534445,-0.136989,-0.023606,0.152523,-0.091610,0.101175,0.276044,0.174239,0.003896,0.133889
0.148266,-0.070431,0.044310,0.065920,0.007360,0.015316,-0.016556,0.927652,0.014888,-0.007197,0.121676,-0.019716,-0.046170,0.071451,-0.070348,0.124117,0.203828,0.135327,0.041469,0.031777
0.082384,0.021225,-0.039344,0.010509,0.028812,0.008683,0.022137,0.955053,-0.013405,0.056168,0.008476,-0.051044,-0.046351,-0.044454,0.003796,0.015191,0.254386,0.042602,0.015615,0.020723
-0.184168,0.186174,0.380604,-0.148136,-0.241502,0.189541,0.280117,-0.270198,0.293673,-0.290512,0.160740,-0.259547,0.134427,0.097439,-0.291554,0.012159,0.257636,-0.004678,-0.213097,0.174720
0.948665,-0.003139,0.062583,-0.099871,0.019938,0.130712,-0.000179,0.009935,-0.105292,0.058805,-0.184673,0.034303,0.089980,0.024806,0.066662,0.003965,0.027408,0.024358,0.031116,-0.056947
0.078911,-0.009481,-0.037985,-0.160117,-0.069591,0.045850,0.055749,-0.025684,-0.169120,-0.059029,-0.032691,-0.074499,0.077572,-0.040061,0.048211,0.085602,0.926694,0.127526,0.042167,0.152014
-0.009938,0.012297,-0.028489,-0.114786,-0.008174,0.121234,0.255806,-0.039100,-0.262694,-0.056187,-0.087146,-0.077127,0.095498,0.056565,-0.089083,0.140712,0.858224,0.158356,0.048576,0.119517
-0.028956,0.068944,-0.021792,-0.048865,-0.017099,0.004541,-0.109882,0.759848,0.040539,-0.109300,0.014673,-0.007510,-0.040234,0.453907,0.069489,0.071254,0.338716,0.122849,0.149025,0.135436
-0.120930,0.056191,0.332910,-0.125797,-0.051279,0.254985,0.034525,-0.021913,-0.191087,-0.101641,0.059922,-0.099502,0.043678,0.452284,-0.124234,0.353300,0.346726,0.217456,0.181115,0.422938
0.507540,-0.066645,-0.159913,-0.171417,-0.193652,0.050856,-0.191537,-0.080432,-0.257601,-0.032272,0.301525,-0.175039,0.186004,0.145368,-0.155637,0.010673,0.344028,0.086335,-0.049710,0.449957
0.123349,-0.140818,-0.278216,0.206396,0.029035,0.349133,0.100914,0.009743,0.183744,-0.315844,0.006438,-0.257897,-0.127751,-0.228444,0.155932,0.334721,0.400261,-0.090703,0.255962,-0.270284
0.317811,0.101270,0.030308,0.090374,0.077300,0.124194,0.111939,-0.132159,-0.208830,-0.023332,0.807660,-0.109170,0.031628,-0.042507,-0.131654,-0.024959,0.227984,0.130275,0.160609,-0.066066
-0.031812,-0.061271,-0.180791,-0.051070,-0.043352,0.026489,-0.171960,0.802810,-0.002680,-0.158307,-0.005686,-0.205360,0.032667,0.201654,-0.123013,0.045218,0.032548,0.355537,0.117771,-0.125567
0.418692,0.031334,0.138843,-0.125816,-0.097871,-0.013975,0.233898,-0.095896,-0.169110,-0.271130,0.159121,-0.228931,0.106628,0.329167,-0.154284,0.090788,0.561724,0.112861,0.086923,0.217937
-0.065450,0.268503,-0.206420,-0.178130,-0.157224,0.000679,0.146735,0.134285,-0.158816,-0.112449,0.560473,0.041679,0.221284,0.399969,-0.097128,0.109309,0.138921,0.186394,0.316922,0.215545
-0.193284,-0.310968,0.219512,0.317666,-0.277701,-0.226742,0.178178,0.049403,0.253328,-0.222358,0.067599,-0.252747,0.243526,0.067326,0.187409,0.226108,-0.192284,0.282176,-0.198641,0.256741
-0.156894,-0.087627,-0.043707,-0.009973,0.002486,0.037424,0.176310,0.627281,-0.027804,-0.079854,-0.029003,0.411114,-0.039672,0.182800,0.126807,0.027252,0.268513,0.337778,0.336868,-0.105980
-0.221836,0.271578,0.120020,-0.174857,0.059198,0.015209,0.486666,0.187561,-0.159347,-0.021686,-0.061361,0.172748,-0.023580,0.059967,0.480968,0.357084,0.316644,0.081918,0.104136,0.126558
-0.124208,0.185505,0.196462,-0.147564,-0.271996,0.310350,0.310736,0.048129,0.247522,-0.264429,-0.243576,-0.319833,0.253387,-0.210178,0.078917,0.115219,-0.161086,0.366194,-0.112172,-0.165197
0.121118,0.057016,0.224666,0.003059,0.139867,0.187481,0.232040,-0.226398,-0.166568,-0.303239,0.265369,-0.353707,0.131646,-0.078411,0.258793,0.154579,0.351582,0.428266,-0.032417,-0.184761
-0.190748,0.143227,0.263574,-0.014916,0.030140,0.253529,0.146455,-0.035159,-0.097530,-0.055299,0.765481,-0.073895,-0.121755,0.138016,-0.102950,0.260131,0.000670,0.177891,0.166506,0.100174
-0.152850,0.000826,0.173423,-0.021211,-0.043381,0.081015,0.216526,0.643842,0.015358,-0.004109,-0.222972,0.019871,-0.155336,0.281944,0.263291,0.071976,0.380519,0.290691,-0.134633,0.018408
-0.081385,-0.015525,0.005318,-0.087199,0.033300,0.005919,-0.085190,0.932400,0.035690,-0.099091,-0.010466,-0.021348,-0.059365,0.105089,0.080899,0.053651,0.250531,-0.028258,0.012124,0.091497
-0.215161,-0.169211,-0.019283,0.153451,0.008134,0.118074,0.265299,-0.148803,-0.275434,-0.153114,0.183558,0.140298,0.281605,-0.080728,0.241706,-0.223041,0.184787,0.310110,0.485483,-0.286255
-0.089715,0.099941,-0.142691,-0.290405,-0.235746,-0.053681,0.255222,0.474455,0.094299,-0.280267,-0.243562,-0.029496,0.142434,0.112759,0.163279,0.346080,0.170310,0.320758,-0.240700,0.108022
0.275947,0.267143,0.245265,-0.112624,-0.216790,0.094575,0.285632,-0.142341,0.204530,-0.326588,0.181345,-0.251692,-0.042947,0.089063,0.180580,0.151610,0.328658,0.322424,-0.221673,0.225055
0.077604,0.241346,0.223298,-0.296047,-0.327340,0.046954,0.287112,-0.361215,0.275782,-0.294582,-0.012054,-0.171620,0.115658,-0.069306,-0.380546,0.111230,0.217526,-0.074865,-0.209564,0.106385
0.229036,-0.031968,0.148451,-0.115357,0.128706,-0.221246,0.115605,-0.190869,-0.181241,-0.263320,0.433763,-0.309880,0.286424,-0.073719,0.126684,0.360805,0.098110,0.345945,-0.041312,-0.211639
-0.273466,0.250687,-0.274505,0.223965,0.248555,0.182268,0.178129,-0.185112,-0.256670,-0.335012,0.152027,-0.022527,-0.197143,-0.150001,0.221055,0.249442,0.192248,-0.049121,0.397668,-0.064534
0.091738,0.144444,-0.012760,0.701265,-0.188272,0.002570,0.074438,0.038306,-0.089009,0.077238,0.238210,-0.046836,0.031375,0.142028,-0.048131,0.033471,0.192090,0.127608,0.086026,0.527562
0.069530,0.052360,-0.025348,-0.016773,0.025472,0.109676,0.020247,0.973663,-0.005188,0.067422,-0.038773,-0.024799,-0.021967,-0.014284,-0.000643,0.024234,0.125010,0.054287,-0.010635,0.061156
0.140776,0.040749,0.044431,-0.110498,-0.021215,0.036191,0.003836,0.005694,-0.094353,-0.019158,-0.069806,0.016004,0.106617,0.096842,0.004750,0.437618,0.111460,0.079421,0.026502,0.846416
-0.216595,-0.145714,0.408130,-0.291557,-0.190028,0.175480,0.006388,-0.313245,0.274872,-0.215157,-0.168856,-0.256477,0.221205,0.105940,-0.223607,0.262793,0.185715,0.207544,-0.147104,-0.143710
0.248962,0.163625,-0.122178,-0.135129,0.025750,-0.010763,0.124491,0.318359,-0.166182,-0.166730,0.172933,-0.008041,0.259882,0.049124,0.374591,0.218722,0.479069,0.370890,-0.201504,0.096239
0.062929,0.032931,0.267225,-0.254008,-0.258419,0.098070,0.207641,0.000875,-0.128469,-0.194785,0.231655,-0.201291,0.296946,0.135337,-0.029471,0.351490,0.361026,0.158675,0.344952,-0.292350
-0.012592,0.271937,0.016490,-0.022667,0.069186,0.381758,0.222968,-0.118228,0.005452,-0.187473,0.538275,-0.156458,-0.179220,-0.117621,-0.063695,0.351569,0.309990,0.101389,-0.051517,-0.280808
0.113229,0.063084,-0.104600,0.094777,0.072253,0.226929,0.195543,-0.142145,0.041100,-0.016663,0.681985,-0.145557,0.050856,-0.050107,-0.146446,0.100038,0.456858,0.317311,0.061674,0.100494
-0.032994,-0.016054,-0.117247,-0.063673,0.050362,-0.042867,-0.051847,0.910354,0.020936,-0.013211,0.034305,-0.126245,-0.006329,-0.041875,0.038194,-0.147536,0.253952,0.149490,0.037099,-0.118675
-0.267571,-0.098740,0.351847,0.151778,-0.271538,0.034352,-0.001006,-0.216900,0.221554,-0.317134,-0.081591,-0.276750,0.043425,0.356615,-0.058776,0.322203,0.184440,0.213730,-0.202273,0.244977
-0.035268,-0.133278,0.253366,0.021266,-0.270418,0.234665,0.119764,-0.338245,0.285554,-0.282083,0.108557,-0.314192,0.321273,-0.170325,-0.291368,0.077168,0.279988,0.156525,-0.243037,-0.052426
0.109710,0.057241,-0.010683,-0.047270,0.025992,0.304152,-0.006814,-0.032589,-0.029646,0.070896,0.817933,-0.129735,0.029812,0.026699,-0.127777,0.190214,0.322729,0.116729,0.133309,0.081449
0.029427,0.034774,-0.043609,-0.105345,-0.100933,0.009230,0.119336,0.921595,-0.043896,-0.090684,0.052714,-0.105961,-0.083439,-0.014653,0.111963,0.062201,0.090440,0.180243,0.150136,0.011329
0.171159,0.083036,0.114642,0.881024,-0.040911,0.212124,0.006616,0.030339,0.106227,-0.015557,-0.066154,-0.094806,0.048325,-0.027687,-0.101228,0.115847,0.205055,0.033126,-0.004361,0.178899
-0.239531,0.376643,-0.206841,-0.118107,0.062570,0.049327,0.365163,0.342572,-0.041683,-0.244982,0.111093,0.031098,-0.070347,0.063037,0.434615,0.425779,-0.046290,0.127830,0.112985,0.039668
-0.194892,0.194012,0.326333,-0.278943,-0.317268,-0.158293,0.253492,-0.005284,0.225169,-0.126971,-0.052303,-0.043533,0.305405,0.103765,-0.299266,0.053914,0.292216,0.402023,-0.137171,-0.127607
0.316122,-0.021462,0.176932,-0.125703,-0.192558,0.124091,-0.058287,-0.272391,0.288094,-0.207324,0.265576,-0.258172,0.135289,-0.105349,-0.400495,-0.039302,0.377553,0.151663,-0.212379,0.239310
0.095106,0.066094,-0.022032,-0.073446,0.003345,0.903383,0.019273,0.012913,0.001330,0.103302,-0.032323,-0.046458,0.087965,-0.036139,0.003725,0.084964,0.000138,0.027440,0.011248,0.364726
-0.054690,0.191760,-0.180390,0.084254,0.279651,0.280797,0.294464,0.183276,-0.153918,-0.249733,-0.022498,-0.380425,0.022932,-0.321078,0.232841,0.325153,0.091679,0.279752,0.074905,-0.236910
-0.067773,-0.003087,0.043278,0.000704,0.097035,-0.084262,0.074711,0.647389,0.128015,-0.313906,-0.265259,0.040986,-0.051226,0.167084,0.051472,-0.066154,0.075827,0.565728,-0.040923,0.017503
-0.253422,-0.169889,0.221257,0.269647,-0.173796,-0.170349,0.147245,0.043698,0.188728,-0.278407,0.238195,-0.224373,0.162184,0.281906,0.084408,0.385136,0.202904,0.226541,-0.178690,0.310771
0.192902,0.124719,0.318564,0.238738,-0.221487,0.227356,0.176627,-0.274296,0.236625,-0.234646,0.269929,-0.240499,0.122934,0.002204,-0.399119,0.173802,0.294340,-0.200713,-0.090181,0.012052
0.223407,-0.194547,0.301401,0.217604,-0.196542,-0.092664,-0.181291,0.003462,0.074188,-0.182545,0.391405,-0.324593,0.300803,0.006673,-0.222069,0.088272,0.188110,0.225494,-0.166957,0.367188
0.106655,0.256586,0.203654,-0.053492,-0.037240,0.192123,0.287244,0.402974,-0.142481,-0.324456,-0.137643,-0.342403,0.117460,0.080114,-0.146444,0.192191,0.327435,0.305419,0.188463,-0.137434
-0.296768,-0.081381,0.074930,-0.283132,-0.188263,0.169705,0.082501,0.128816,0.254716,-0.171866,-0.246121,-0.156951,-0.054760,0.325904,0.429531,0.254365,0.314554,0.155722,-0.202787,-0.171846
-0.264677,0.390678,-0.148883,-0.223201,0.050081,0.113829,0.316049,0.183086,-0.083245,-0.253397,0.171142,0.104152,0.139885,0.030573,-0.171842,0.356303,0.304983,0.088573,0.407960,0.030130
