-0.143653,-0.021650,0.006118,0.033333,0.043295,-0.015645,-0.059951,-0.021890,-0.037892,-0.103480,0.528508,-0.090225,0.181794,0.088636,-0.101287,0.775509,0.125494,0.012811,0.032041,-0.049302
-0.001680,0.041745,-0.037174,-0.025769,0.078025,-0.056662,-0.008292,0.207441,-0.051521,-0.009973,0.021651,0.041316,-0.012449,-0.055932,0.000361,0.047846,0.965378,-0.031154,0.000263,-0.019529
-0.121667,-0.248456,0.173383,-0.314302,0.185508,0.124457,0.362723,0.205547,0.112687,-0.252167,-0.255540,-0.279205,-0.150191,-0.270314,-0.066101,0.299883,0.250220,-0.174100,-0.162325,0.205330
-0.182187,0.003486,0.247452,-0.146927,0.116858,0.329806,0.256476,0.307066,0.000948,-0.267852,0.073214,-0.220881,-0.192849,-0.207043,-0.178164,0.144731,0.443092,0.150964,-0.210431,0.281841
0.089675,-0.003374,-0.001631,0.046241,0.024385,0.001600,0.119590,0.000969,-0.002382,-0.023478,0.958795,-0.053367,0.111638,0.095261,-0.020339,-0.021190,0.156021,0.034093,0.057130,-0.032318
-0.082032,-0.125700,0.182367,-0.162022,0.008122,0.344704,0.227367,0.240467,0.136614,-0.370807,0.205066,-0.369352,-0.266322,-0.240565,-0.207056,-0.033274,0.293316,0.209255,-0.206058,-0.099290
0.146486,-0.079504,0.153925,-0.278014,-0.103557,0.249593,0.308926,0.088536,0.216769,-0.337880,0.030088,-0.320964,-0.230556,-0.287861,-0.028624,0.238032,-0.000125,0.282303,0.318475,-0.235046
-0.110801,0.280133,0.010564,-0.158691,-0.016058,-0.005166,0.081292,0.638141,-0.031077,-0.049201,0.097621,0.210634,0.003207,-0.105226,-0.001409,-0.053086,0.473669,-0.051513,-0.173284,0.376310
-0.119347,-0.316391,0.243710,-0.193040,0.044844,0.190063,0.159673,0.256694,-0.063883,-0.232447,0.295596,-0.225470,0.250237,-0.319372,-0.301801,0.317864,0.154422,-0.115375,-0.164339,0.205529
0.641917,0.192395,0.064538,0.053169,0.030600,0.263490,0.207310,0.023980,0.019456,-0.103695,0.374091,-0.189605,-0.089434,0.015354,-0.302272,0.223970,0.273769,-0.050210,-0.116944,0.045624
0.141047,-0.137989,0.153903,-0.133795,-0.024548,0.273185,0.284963,0.290065,0.037767,-0.278194,0.287584,-0.333191,-0.201181,-0.182042,-0.331428,0.213235,0.250778,0.216269,-0.205587,-0.159719
0.946536,0.043477,-0.001266,0.002781,0.005813,-0.005593,0.034172,-0.093131,0.033981,0.016178,0.256185,-0.046785,0.090979,0.043333,-0.079389,-0.030626,-0.010309,0.000708,0.064538,-0.036899
0.967413,0.031232,-0.012161,-0.079569,0.074434,0.010146,0.011344,-0.018389,0.028485,0.024879,-0.036584,-0.058716,0.167853,0.020959,-0.085769,0.013063,0.048591,-0.070099,-0.026314,-0.014962
0.139993,-0.201311,-0.006213,0.344349,0.045018,-0.133296,0.269167,-0.302825,0.242091,-0.337614,-0.021842,-0.327449,-0.028004,0.078545,0.026160,0.360497,0.167894,0.115996,0.420050,-0.036602
-0.087068,0.259981,0.213037,-0.148666,-0.065884,0.191157,0.276861,-0.092867,0.043072,-0.058687,0.459163,-0.119301,0.061118,-0.159817,-0.327021,0.381685,0.335725,-0.157428,0.208483,-0.194829
-0.233759,-0.224069,0.149454,-0.267939,-0.037775,0.309589,0.185294,0.228619,0.196607,-0.278792,-0.243191,0.020863,-0.191206,-0.376967,-0.223527,0.227647,-0.100209,0.323613,0.114888,-0.181037
0.234658,0.217958,0.282994,0.186109,-0.059002,0.209253,0.295663,-0.194491,0.151785,-0.320030,0.449191,-0.244788,0.281124,-0.074612,0.053616,0.222409,0.032105,-0.137090,-0.131343,-0.221430
-0.267690,0.267456,0.139878,-0.170711,0.120000,0.270361,0.332342,0.327130,-0.112264,-0.254896,0.350426,-0.153753,0.040315,0.080918,-0.146558,-0.083286,0.474193,0.124045,0.046291,0.012254
-0.110770,-0.236727,0.136131,-0.220556,0.199401,0.244889,0.218924,0.219173,-0.244592,-0.320578,-0.136394,-0.301537,-0.228714,-0.149832,-0.047808,0.277296,0.208757,0.273888,0.185849,-0.299369
-0.017817,-0.265074,0.162981,-0.261883,0.151721,-0.205279,0.185707,0.291176,0.109108,-0.280654,-0.015503,-0.200435,0.162830,-0.320881,-0.231686,0.313929,0.264875,0.295171,-0.009902,0.282255
-0.050906,0.103401,-0.056953,-0.181728,0.163392,0.176877,-0.115635,0.176371,-0.204286,-0.177724,0.085669,0.007202,0.001100,-0.142579,0.001917,-0.072098,0.285318,0.084707,-0.130416,0.797594
-0.109731,-0.061457,-0.052456,-0.053245,0.089042,-0.031856,0.094888,0.047959,0.636661,0.054917,0.706385,-0.065397,0.142557,0.038887,0.098908,0.025533,0.114875,0.012853,0.022046,-0.024959
0.247297,0.068170,0.081430,-0.165486,0.210191,-0.147324,0.338573,-0.149647,0.140306,-0.216780,0.457892,-0.213350,0.092737,0.107097,0.291261,0.361651,0.206982,-0.145916,0.215412,-0.170813
-0.051753,0.009894,-0.144419,-0.146451,0.233175,-0.229076,-0.035851,0.526713,-0.192809,-0.195520,0.073750,-0.250393,-0.006307,-0.194095,0.047612,0.233029,0.533669,-0.035778,-0.098812,0.188929
-0.072268,-0.225772,0.180251,-0.278060,-0.153172,0.231231,0.259308,-0.178909,0.325326,-0.302539,-0.154072,-0.056048,-0.206751,-0.286437,-0.176958,0.222841,0.274780,0.334431,-0.198985,-0.029401
0.109594,-0.261911,0.032421,-0.233268,-0.157999,0.131649,0.286138,0.220152,0.163843,-0.287188,0.067237,-0.311062,0.044800,-0.379008,-0.298309,0.398057,0.090702,0.045513,0.218507,-0.171908
0.112863,-0.031726,-0.006480,-0.048185,0.051985,0.027561,0.960641,-0.012698,0.010423,-0.046355,0.077807,-0.100218,0.121688,0.011456,0.010049,0.002705,0.135695,0.058965,0.012430,-0.044608
0.027877,-0.111485,-0.116641,0.019986,0.216236,-0.076819,0.826189,-0.109963,0.121653,-0.140476,-0.009310,-0.217518,0.120194,0.013538,-0.091455,0.188706,0.249874,0.067232,0.121126,0.057299
-0.097371,-0.266700,0.223850,-0.264754,-0.183496,0.171250,0.323522,0.178316,0.113142,-0.275464,0.120313,-0.277756,-0.137596,-0.314513,-0.338188,0.244205,0.211688,0.124124,-0.255577,0.044997
-0.170094,-0.182272,0.072911,-0.251199,0.317780,0.232457,0.306289,0.087310,0.186289,-0.282659,-0.146519,-0.170240,-0.250699,-0.404588,-0.092143,0.178523,0.110705,0.219770,-0.284458,-0.198871
0.966875,0.007705,-0.038022,-0.067991,0.060620,0.036741,0.097584,0.004486,0.079654,-0.070821,0.053473,-0.106261,0.093348,0.008063,0.011070,-0.043670,0.073345,0.017742,-0.041033,-0.027583
-0.213017,-0.116882,0.158898,0.231132,0.215198,-0.076633,0.121874,0.273105,-0.296261,-0.264455,0.390209,-0.229572,0.054696,-0.249783,0.224116,0.302889,0.281447,0.145892,-0.222258,-0.027343
-0.211725,0.205305,0.223437,-0.140754,-0.023277,0.004488,0.193832,0.325761,0.041814,-0.222071,0.038840,-0.249995,-0.088983,-0.476054,-0.299906,0.155590,0.256393,0.096737,-0.274857,0.290903
-0.213787,-0.237522,0.254284,-0.289711,-0.117960,0.169294,0.127606,-0.010558,0.469956,-0.270048,-0.102592,-0.120057,-0.202308,-0.265971,-0.345012,0.221079,0.124372,-0.109879,-0.224274,-0.119053
0.014308,0.059919,-0.046887,-0.057297,0.109117,-0.036284,-0.014058,0.962500,-0.043505,-0.026618,-0.082289,-0.105582,-0.023707,-0.058537,0.034924,-0.003356,0.105247,-0.033926,-0.031172,0.109351
0.116651,-0.333918,0.027551,-0.235195,-0.200568,0.214391,0.280856,-0.141648,0.181586,-0.274526,0.003919,-0.234878,-0.210289,-0.342009,-0.287249,0.258887,0.186979,0.236444,-0.140488,-0.220974
0.919743,0.032079,-0.054867,-0.101498,-0.029901,-0.020236,0.147533,-0.053109,0.105751,-0.038497,0.032601,-0.113625,0.094561,-0.030899,-0.039569,0.082774,0.180784,0.015182,0.189443,0.009263
-0.275456,-0.032242,0.067824,-0.141215,0.356923,0.318527,0.033205,0.370388,-0.315606,0.063599,0.118771,0.097106,-0.185701,-0.301202,0.263206,0.108271,0.352074,0.097598,-0.252714,0.025660
0.970440,0.004031,-0.011444,-0.028292,0.072838,0.023913,0.055070,-0.000323,0.064939,-0.043209,0.079627,-0.092774,0.085647,0.065221,-0.040604,-0.030747,0.071168,0.019745,-0.052114,-0.070735
0.960915,-0.056245,-0.071579,-0.100517,0.041292,-0.059429,0.016782,-0.046974,-0.000965,0.020785,0.160585,-0.105672,0.092412,-0.038175,0.015527,0.022167,0.005802,-0.044659,-0.012114,-0.015333
-0.054897,-0.318636,0.238529,-0.175385,0.096509,-0.321908,0.219243,0.278964,0.287304,-0.272329,-0.198206,-0.217848,-0.124533,-0.235206,0.141105,0.081586,-0.183187,0.214104,0.349874,-0.162224
-0.208176,-0.105687,0.261623,-0.197795,0.215507,0.153973,0.229904,0.176104,0.119218,-0.353500,-0.084652,-0.333165,-0.321197,-0.324894,-0.049464,0.261397,0.239378,0.205805,0.178874,0.124144
-0.325581,0.192766,0.253404,0.172922,-0.229395,0.091049,0.244776,0.121135,-0.040046,-0.265454,0.498244,-0.257889,0.233065,0.051388,-0.003878,-0.075783,0.092152,-0.246344,0.281508,-0.171047
-0.261772,-0.245002,0.110905,-0.272171,-0.073497,0.111739,0.268332,0.312109,0.157090,-0.303279,-0.162259,-0.223001,-0.297563,-0.363989,-0.054290,0.099190,0.171276,0.180241,-0.301378,-0.136345
0.077802,-0.188184,0.244358,-0.108746,0.294386,0.030675,0.158517,0.093101,-0.122746,-0.340691,0.321804,-0.334879,-0.242278,-0.356462,0.211010,0.137731,0.209150,0.276353,0.211368,0.068625
0.348811,-0.207016,0.104369,-0.173934,0.067228,0.137614,0.165162,-0.102073,0.086562,-0.348305,0.355795,-0.258146,0.269653,-0.369760,-0.076343,0.242881,0.165020,0.232101,-0.117789,-0.204705
0.089253,-0.043327,0.200829,0.138086,-0.156390,0.046413,0.209202,0.009127,0.220413,-0.296478,0.002004,-0.321302,-0.327616,-0.086386,-0.299916,0.483685,0.195808,-0.286255,-0.239777,0.064071
-0.103582,0.392359,0.316181,0.110017,0.018027,0.148843,0.450216,0.222952,0.087652,-0.215818,0.443418,-0.308439,-0.073049,-0.121476,0.119526,-0.098212,0.051394,-0.169242,0.163499,0.017770
-0.287180,0.058346,0.141062,-0.128896,0.081786,0.167345,0.203678,0.391020,-0.207932,0.115076,-0.091619,0.270871,-0.035297,-0.243853,0.188361,0.048571,0.570313,0.190048,0.155206,-0.162108
-0.251912,-0.255042,0.110431,-0.210755,0.259175,0.000344,0.149879,0.319329,0.210571,-0.249087,-0.101048,-0.164558,-0.231711,-0.242328,0.330082,0.071782,-0.282395,0.282869,-0.202975,-0.228298
-0.197811,0.207007,-0.109331,-0.229769,0.081215,0.060421,0.071270,0.435380,-0.118216,-0.137680,0.109650,0.141841,0.013048,-0.108988,-0.038650,-0.033997,0.718666,-0.097576,-0.204267,0.029874
-0.293300,0.242594,0.350741,-0.234178,0.212907,0.176156,0.245621,0.238073,-0.157273,-0.343995,0.125942,0.056701,-0.119432,-0.262728,-0.233562,0.174879,0.309365,0.126193,0.117828,-0.166773
0.889569,-0.004912,-0.052725,-0.053763,0.157151,0.077913,0.333102,-0.034408,0.053285,-0.120618,0.014254,-0.132455,0.090229,0.030312,-0.061790,0.005862,0.014101,0.018486,-0.047392,-0.096076
0.403797,0.072323,0.137274,-0.203317,0.104169,0.212920,0.310004,-0.051947,0.110226,-0.242342,0.224480,-0.310406,0.092825,-0.282484,-0.067532,0.187308,0.468746,0.014103,-0.179880,0.136339
0.001190,-0.076570,0.020078,0.062468,-0.028801,0.145782,0.315115,0.242573,0.201464,-0.336141,0.088317,-0.317957,-0.268163,-0.167241,-0.339468,0.269827,0.215665,-0.259705,-0.251678,0.286196
0.145332,-0.026332,-0.038774,-0.176710,-0.126966,-0.015920,-0.013387,-0.040088,-0.066965,-0.094265,0.883348,-0.099663,0.164388,0.024063,-0.204073,0.011563,0.123073,-0.025209,0.193432,-0.033274
0.779978,0.056401,0.000730,0.008531,0.019242,0.020031,-0.018285,0.041503,-0.008111,0.020919,0.601921,-0.010579,0.127784,0.063886,0.009360,-0.037311,0.015146,0.017078,0.013993,0.004573
0.403156,0.059330,0.270830,0.163735,0.274118,0.017178,0.149712,0.094215,-0.130805,-0.200010,-0.047308,-0.141341,0.112396,0.248177,0.140738,0.367423,0.410829,0.261329,0.280483,0.054378
-0.221086,-0.285873,0.149536,-0.295091,0.005844,0.213543,0.280240,0.214448,0.242324,-0.320443,-0.198719,-0.285146,-0.320732,-0.226788,-0.005566,0.102285,0.064141,0.263868,-0.155319,-0.211987
-0.307360,-0.050278,0.202753,-0.160271,-0.076664,-0.010605,0.246009,0.452433,-0.005133,0.122066,0.386869,0.019570,0.184862,-0.188401,0.080429,0.142635,0.510132,0.173138,-0.087521,0.075294
-0.334065,-0.183946,0.115713,-0.295003,0.016363,-0.048796,0.211536,0.248034,0.272623,-0.270090,-0.187769,-0.100178,-0.256701,-0.279337,0.314551,0.229283,-0.069169,0.358855,-0.152212,0.022336
-0.076166,-0.312052,0.218399,-0.263193,-0.032994,0.079017,0.338584,0.077495,0.324723,-0.288734,-0.123170,-0.133617,-0.310962,-0.133346,0.039088,0.133675,0.171007,0.276387,-0.405395,0.161823
-0.109940,-0.182937,0.229309,-0.031008,-0.111234,0.298660,0.029175,0.266857,0.129598,-0.345176,0.016351,-0.280311,-0.264852,-0.370557,-0.036980,-0.175316,0.366278,0.275386,-0.233157,-0.092541
-0.163730,-0.284533,0.159295,-0.291847,-0.208843,0.166891,0.284372,-0.203138,0.377595,-0.331621,-0.157373,-0.176087,-0.271167,-0.212766,0.147073,0.217673,0.100293,-0.166595,-0.170634,-0.158173
0.002589,0.089368,-0.019428,-0.127440,0.069752,0.223855,0.229998,0.513974,-0.092672,-0.113298,-0.135831,-0.235547,-0.013167,-0.056283,-0.055853,0.027829,0.684770,0.135393,-0.086066,-0.078120
0.462014,-0.082266,0.140365,-0.020142,0.144336,0.229226,-0.004689,-0.129572,0.275192,-0.045890,0.425778,-0.261978,0.116875,-0.082927,0.093475,0.449009,0.007073,-0.065761,0.200133,-0.257706
0.527452,0.081895,0.243476,0.019280,-0.063285,0.155027,-0.126830,0.318837,-0.108424,-0.155633,0.337419,-0.246703,0.271964,-0.014236,-0.137454,0.259606,0.048516,-0.006077,0.347559,-0.123768
-0.318882,-0.142463,0.179566,-0.202937,0.192350,0.284989,0.101331,0.380213,-0.257715,-0.266996,-0.137732,0.115191,-0.278340,-0.326220,0.109065,0.129053,0.195274,0.200981,-0.226395,-0.139208
-0.169223,-0.149207,0.224790,-0.188970,0.235950,0.224760,0.179433,0.213625,-0.185378,-0.287242,0.390900,-0.300858,-0.211523,-0.375551,-0.149895,0.266292,0.178496,-0.030841,-0.062794,0.052276
0.991812,0.035998,0.011348,0.010202,0.034731,0.027018,0.029567,-0.020998,0.015700,0.010651,0.068639,-0.038673,0.065142,-0.008114,0.008555,0.012534,0.010281,-0.013027,0.011974,0.001755
0.152463,-0.258620,0.115600,-0.260719,-0.185426,0.186722,0.282152,0.088806,0.169848,-0.334309,0.104105,-0.282171,0.215670,-0.328324,-0.230169,0.402478,0.138196,-0.142307,0.077012,-0.161745
-0.151747,-0.066694,0.199147,-0.235241,0.194049,0.337036,0.258300,0.188229,-0.060192,-0.300200,0.104290,-0.192914,-0.220045,-0.418145,-0.145898,0.237391,0.239196,0.222069,-0.251625,-0.107439
0.978356,0.012429,-0.046372,0.005388,0.033179,0.048381,0.027097,0.022036,0.023072,0.021238,0.093185,-0.072844,0.109899,0.026006,-0.015836,-0.012726,0.085734,0.016254,-0.000555,0.008305
0.131077,0.044566,0.071261,-0.148431,0.286808,0.073873,0.562424,-0.022032,-0.015815,0.012256,0.346221,-0.197493,0.066533,-0.105898,-0.105368,0.243859,0.539884,0.010823,-0.091119,0.061836
0.048769,0.079781,-0.039825,-0.087619,0.046623,0.028915,0.015032,0.792366,-0.021542,0.000670,0.176392,-0.085652,0.019178,-0.065509,-0.024130,0.052453,0.517944,-0.038808,-0.083442,0.165140
-0.017074,0.038531,-0.008393,-0.031294,0.163929,-0.030305,0.001319,-0.045669,-0.024265,-0.000927,0.006633,-0.065736,0.005204,-0.059890,0.060274,0.020584,0.963673,-0.047628,-0.040047,0.148767
0.026467,-0.338016,0.199381,-0.285291,-0.177988,0.150546,0.317969,-0.195309,0.393331,-0.301018,-0.090953,-0.198409,-0.246547,-0.107933,-0.035216,0.280979,0.245694,-0.165853,-0.107428,-0.159089
0.952886,-0.040909,0.053477,0.006063,0.017443,0.115384,0.099453,0.030119,-0.078477,-0.048240,0.129326,-0.064996,0.063734,0.046946,0.114787,0.051269,0.079055,0.037625,0.037305,0.049590
0.950554,0.082680,-0.056534,-0.110646,-0.032978,-0.038475,0.113752,-0.041367,-0.035834,0.013954,0.053021,-0.151175,0.128399,0.031612,0.033015,-0.029170,0.021966,0.091031,-0.036198,0.017422
0.115696,-0.014120,-0.088272,-0.097658,0.066885,0.020641,0.133201,-0.057392,0.915270,-0.042931,0.004796,-0.146572,0.230039,0.160969,-0.048744,0.016653,-0.004867,0.021711,-0.002198,-0.010002
0.019313,-0.046679,-0.044442,-0.120419,0.024255,-0.054980,-0.043285,0.658557,-0.016334,-0.080886,-0.024208,0.140289,-0.011988,-0.022925,0.064350,0.046087,0.697674,-0.081154,-0.101566,0.064264
0.073102,-0.117847,0.674821,-0.051664,0.023278,0.073448,0.174224,-0.176691,0.084017,-0.229942,0.306245,-0.231488,0.108150,0.126337,-0.141883,0.204225,0.276421,0.125061,0.146051,0.212190
0.363627,-0.158292,0.027548,-0.227985,-0.120494,0.242948,0.270857,-0.107982,0.122244,-0.275770,0.544216,-0.283880,-0.049204,-0.010975,-0.175816,0.210727,0.217155,0.129714,-0.004066,-0.147675
0.337393,-0.283478,0.042495,0.373673,0.250499,0.189135,0.111559,0.034983,-0.049269,-0.310869,0.272725,-0.386511,-0.215400,0.057520,-0.002631,-0.006742,0.194939,0.083706,0.363157,-0.051880
0.211759,0.126370,-0.012327,0.141497,0.252361,-0.038106,0.274502,-0.146421,-0.044809,-0.114249,0.797488,-0.097337,0.148004,0.040741,-0.109374,-0.094549,-0.032523,0.019908,0.162655,-0.155518
-0.002539,0.031681,-0.131322,-0.104029,0.081331,0.208126,0.005341,0.653083,-0.118423,-0.112376,0.101794,-0.229166,0.053781,-0.142245,-0.012893,0.036302,0.583540,-0.044854,-0.159170,-0.111524
0.467264,0.024644,-0.072412,-0.166410,0.037782,-0.032677,0.420106,-0.194514,0.269641,-0.211785,0.469652,-0.271676,0.267086,-0.110955,-0.107443,0.077384,-0.033752,-0.056014,0.068521,-0.095981
-0.090249,0.258495,0.191227,-0.254791,0.012515,0.020116,0.118265,-0.055061,-0.025739,-0.217026,0.654131,-0.032676,0.395604,0.090557,-0.115365,0.219424,0.294942,-0.041804,0.109055,-0.049604
-0.194629,-0.321246,-0.005768,-0.132276,-0.181401,0.066233,0.251580,0.293034,0.239559,-0.284392,-0.043805,-0.186790,-0.236739,-0.312369,0.291370,0.284986,-0.236658,0.258386,-0.095569,-0.167994
-0.124295,-0.045648,-0.015027,-0.098706,0.008530,0.054889,-0.006313,0.886090,-0.037416,0.038308,0.020973,0.113445,0.042543,-0.029905,0.068367,-0.034599,0.384482,-0.043309,-0.097842,-0.013784
-0.181772,0.408102,0.123695,-0.166049,0.054385,-0.078043,0.352402,0.590945,0.016322,0.111151,0.039422,0.226690,0.207195,-0.208361,0.012615,-0.072484,0.248716,-0.128352,-0.183211,0.076601
-0.195118,-0.102631,-0.059163,-0.248571,-0.137216,0.392860,0.237505,-0.012809,0.153079,-0.291514,-0.075037,-0.235359,-0.286009,-0.372129,-0.163096,0.247263,0.251870,0.264518,-0.203679,0.063369
-0.010271,-0.027354,0.257453,-0.189486,0.223197,-0.021347,0.228228,-0.197838,0.242016,-0.330133,0.356259,-0.351686,-0.146145,-0.228061,0.145093,0.320093,0.267091,-0.128949,-0.211260,-0.088417
0.873407,-0.031499,-0.061319,0.005473,0.232844,-0.030145,0.045720,0.055343,0.149415,-0.059933,0.052798,-0.118763,0.137272,0.067922,-0.079284,0.076438,0.065341,0.030448,0.252933,-0.156631
-0.258629,0.104859,0.166839,-0.147008,0.161988,0.143055,0.081406,0.218535,-0.041957,-0.042089,0.052598,0.028075,-0.170220,-0.323111,0.110480,-0.217530,0.629433,0.216826,-0.225367,0.278571
0.001673,-0.074821,-0.066023,-0.075163,0.075867,-0.029062,-0.069253,0.930778,0.007607,-0.025469,0.068845,0.181437,-0.045364,0.001420,0.052143,0.088480,-0.070052,-0.054303,-0.087770,0.200282
-0.323104,-0.202844,0.273834,-0.221174,-0.071625,0.188029,0.165428,0.344163,-0.282075,-0.244706,0.163221,-0.063215,-0.080119,-0.366377,0.036801,0.160766,0.224742,0.256157,0.211204,-0.213510
-0.179104,-0.149857,0.011727,-0.257373,-0.060433,-0.018368,0.143418,0.384115,0.013289,-0.247341,-0.073112,0.441986,-0.161118,-0.291172,0.136128,0.264282,0.219471,0.200439,-0.216544,0.332538
-0.195575,-0.110118,0.197252,-0.214876,0.170350,0.366024,0.277174,-0.138360,0.099991,-0.278990,-0.097467,-0.310066,-0.133199,-0.335980,-0.123095,0.214141,0.232893,0.234248,-0.268204,0.198571
0.230748,-0.093367,0.081375,-0.240749,-0.187534,0.216015,0.219032,0.131967,0.188333,-0.313678,-0.117756,-0.285317,-0.237842,-0.437404,-0.285522,0.298464,0.195433,0.149007,-0.108295,-0.080497
0.018585,0.033119,0.229704,-0.072467,0.258478,0.171345,0.249520,0.230441,0.209143,-0.278470,0.395523,-0.299579,-0.142712,-0.196541,0.265895,0.262253,0.322597,0.120696,0.035390,-0.207787
0.034080,0.265160,0.280064,-0.022594,0.357538,0.234514,0.227080,0.251618,-0.004677,-0.326096,0.189844,-0.321270,-0.241378,-0.192420,0.132941,0.260370,0.203112,-0.258151,0.029870,0.129294
0.914021,0.000888,-0.016041,-0.108557,-0.110479,-0.012284,0.122229,-0.059905,0.038125,-0.084056,0.107432,-0.094997,0.142488,0.150162,-0.118589,0.078165,0.154960,0.045037,0.027745,-0.052126
-0.025941,0.067718,-0.027383,-0.050343,0.139056,-0.056222,-0.006357,-0.242860,-0.036117,0.054336,-0.101873,-0.122875,0.005779,-0.034204,0.038684,0.022631,0.881817,-0.043219,-0.002598,0.312277
0.036710,0.021731,0.017167,-0.110954,-0.006296,0.055587,0.192178,0.028227,-0.061697,0.000259,0.030666,-0.134902,0.158306,0.037073,0.048403,-0.021473,0.942291,0.022968,-0.053165,0.035567
-0.237209,-0.207205,0.278430,-0.236021,-0.058899,0.146822,0.232932,0.207238,0.342124,-0.340198,-0.182755,-0.132976,0.121179,-0.280156,-0.358229,0.160481,0.186424,0.228419,-0.084284,-0.142072
-0.081945,0.167409,0.000203,-0.178250,0.062803,0.258300,0.323960,0.095178,-0.102614,-0.206553,0.483541,-0.187925,0.097516,-0.087081,-0.124414,0.145425,0.549625,0.071327,-0.153619,0.204937
-0.220513,-0.184639,0.241647,-0.154231,-0.178930,0.236227,0.170767,0.164121,0.176712,-0.133813,0.272309,-0.302626,0.240141,-0.269403,0.109629,0.187920,0.285895,0.216448,0.306998,-0.275509
-0.091599,0.198201,0.046015,-0.051135,0.160244,0.280302,0.568370,0.053047,0.134081,-0.066846,0.174637,-0.304317,-0.217690,-0.227752,-0.230007,0.084217,0.341986,0.010023,0.217589,0.219726
0.296163,0.036485,0.255211,0.063381,0.116567,0.360813,0.106883,-0.083144,0.233459,0.000945,0.542801,-0.285164,0.227693,-0.077717,-0.033278,0.174284,0.373908,-0.056138,0.022240,-0.128140
-0.045638,0.065739,-0.111267,-0.109250,0.150892,-0.026723,-0.067709,0.587303,-0.069872,-0.052001,0.084749,0.187250,0.037762,-0.105355,0.031719,-0.110071,0.702519,-0.077395,-0.048534,0.137593
-0.015267,-0.352181,0.172481,-0.242576,-0.101289,0.104318,0.237202,0.100164,0.334787,-0.342158,-0.241100,-0.259656,-0.309881,-0.130246,0.105959,0.293044,0.090041,0.255109,0.119102,-0.218019
0.423295,-0.291865,-0.174408,-0.233850,-0.018635,0.133304,0.230218,0.029385,0.183574,-0.300047,-0.093487,-0.252189,-0.136243,-0.373466,-0.237984,0.284963,0.089988,0.180201,0.034488,-0.211767
0.031360,-0.045375,0.000711,0.035683,0.271249,0.189721,0.343134,-0.022387,0.018613,0.105563,0.708163,-0.144474,0.175193,0.077373,-0.113282,0.157407,0.073775,-0.055655,0.384182,-0.059912
-0.003326,0.073729,-0.064132,-0.142614,0.123384,-0.043169,0.196027,0.055721,-0.104663,-0.067112,0.123174,0.037790,0.036861,-0.068707,0.103845,0.057679,0.914890,-0.106569,-0.099676,-0.030296
0.922502,-0.015504,-0.094205,-0.066063,-0.083913,0.094228,0.003757,0.034787,0.048966,0.011376,0.041065,-0.130967,0.115721,0.055294,-0.103168,-0.041126,0.203392,-0.082991,0.004409,0.141212
-0.257278,0.398846,0.117119,-0.160219,0.220039,0.341809,0.342586,0.255591,-0.043769,-0.173422,0.201960,-0.035057,-0.059193,-0.131496,0.329825,0.020746,0.298676,-0.072641,-0.126535,0.269977
-0.196562,-0.177313,-0.057318,-0.239231,-0.235679,0.290972,0.201604,0.239321,0.072133,-0.206068,-0.093594,-0.122000,-0.061334,-0.435179,-0.237066,0.240712,0.305153,0.331453,-0.129806,0.181257
0.292452,-0.245580,-0.000354,-0.154790,-0.109218,0.161784,0.129982,-0.133013,0.161397,-0.237796,0.450851,-0.298452,0.068314,-0.330582,-0.379655,0.289364,-0.024050,-0.017115,-0.084160,-0.181109
0.979466,-0.016669,0.040120,-0.028533,0.014491,0.028649,0.037782,-0.017783,0.020014,-0.000080,0.027647,-0.047161,0.116504,0.044095,0.004757,-0.019221,0.088570,-0.044421,0.068321,0.037221
-0.286415,0.077777,0.083819,-0.216381,0.237261,0.319971,0.278332,0.206074,-0.165078,-0.315747,-0.040686,-0.350006,-0.229321,-0.329737,0.022279,0.175889,0.251189,0.069385,-0.222845,-0.134306
-0.222788,-0.046966,0.032938,-0.025997,0.010058,0.013052,-0.159647,0.593404,-0.068801,-0.109458,0.073028,0.127556,-0.070182,-0.068900,-0.024297,-0.032873,0.650263,0.045337,-0.121710,0.281319
-0.147086,-0.307674,0.203202,-0.230559,-0.034694,0.019296,0.170887,0.414600,0.277415,-0.293000,-0.065376,-0.166586,-0.126974,-0.187079,0.353585,0.227196,0.044720,0.317006,-0.186640,0.163279
0.039203,-0.112444,0.291051,0.414143,-0.008124,0.168573,0.277234,0.058529,0.187597,-0.267259,0.019880,-0.301252,-0.036776,-0.008708,-0.344363,0.342729,0.196736,-0.325183,0.201504,0.023000
0.407350,-0.291925,0.027615,-0.047337,-0.055479,-0.215205,0.090355,-0.085841,0.263626,-0.272657,0.310894,-0.243243,0.016521,-0.190379,0.065580,0.119688,-0.306993,0.154295,0.420069,-0.177772
-0.086408,0.227470,0.136905,-0.267027,0.222018,0.297739,0.211385,0.383015,-0.009551,-0.302212,0.000295,-0.386923,-0.134619,-0.177351,-0.163009,0.099901,0.321421,-0.008230,-0.260888,-0.150724
-0.328953,-0.263736,0.167627,-0.302853,-0.155789,0.251923,0.009797,0.498160,0.171046,-0.277457,-0.253834,-0.003316,-0.277154,0.179838,0.091249,0.073318,0.220335,0.140707,-0.047887,-0.047340
-0.203313,0.353660,0.110595,-0.283995,0.073824,0.048823,0.300760,0.418553,-0.051152,-0.202157,0.269168,-0.127776,0.341360,-0.120268,0.024940,0.377048,0.183894,0.017599,-0.020132,0.163264
