0.022754,0.104287,0.058731,-0.099779,-0.066008,0.211771,0.042053,0.072092,-0.007111,0.119977,0.919680,-0.040066,0.006367,-0.027781,-0.112253,0.055884,0.104674,0.148694,-0.084919,0.018872
0.008676,-0.001949,-0.052454,0.077342,0.022653,-0.067208,-0.026395,-0.209326,-0.002547,0.050543,0.025635,-0.038044,-0.043737,0.004733,-0.064166,0.020461,0.065967,0.815836,0.506452,0.063813
0.220395,0.202841,0.209054,-0.178752,-0.232551,0.265965,-0.013426,-0.389149,0.123089,-0.273500,0.212437,-0.285051,0.224936,-0.317058,-0.037600,0.188495,0.158457,-0.206739,-0.248050,0.156238
0.440326,0.224413,0.358617,-0.288753,-0.153078,0.139703,0.005435,0.219191,0.093963,-0.225466,-0.087080,-0.256639,-0.085784,-0.032183,0.390680,0.156300,0.081990,0.165254,-0.103612,0.299017
0.948811,0.050907,0.082085,0.050976,0.008930,0.090428,0.003943,0.020553,-0.001285,0.045318,-0.179258,0.005037,0.016842,-0.000756,-0.018895,0.112657,0.080641,0.093065,0.074727,0.104110
-0.055299,-0.084281,0.218580,-0.292690,-0.274963,0.241219,-0.142460,-0.240568,-0.290670,-0.347649,0.180751,0.025407,-0.137255,-0.332894,0.163540,0.306884,0.075459,0.085278,0.201424,-0.318827
0.359897,0.148488,-0.141668,-0.223397,-0.281022,0.186200,-0.231341,-0.254798,0.162302,-0.243959,0.308346,-0.295454,0.253896,-0.337450,-0.183531,0.158486,-0.168343,0.014215,-0.110477,-0.015876
0.003347,0.075646,0.107367,-0.064997,0.001828,0.077284,0.275595,0.099130,-0.099040,-0.182004,0.122230,0.044492,0.004542,0.294291,0.087190,-0.023387,0.615635,0.083532,0.588290,-0.007677
0.177689,-0.158012,0.148974,0.218585,-0.187960,0.143723,-0.340343,-0.245847,-0.052699,-0.165935,0.455097,-0.172694,0.030040,-0.058195,0.169781,0.073349,0.492158,0.170533,-0.133490,0.215320
0.533934,0.202209,-0.064839,0.094789,-0.074311,0.366809,-0.050128,-0.185170,0.100327,0.072425,0.287527,-0.114263,-0.072282,0.078393,-0.190748,-0.023802,0.515769,0.053538,-0.081923,0.221381
0.452345,0.076058,0.215884,-0.033196,-0.265259,0.338890,-0.028761,-0.040245,0.013735,-0.246443,0.402270,-0.252467,-0.021297,-0.288934,-0.003912,-0.033933,0.344139,0.011262,-0.178632,-0.179390
0.817791,0.038390,0.028760,-0.020984,-0.015823,0.130492,0.028864,-0.026842,0.047724,0.058017,-0.100418,-0.067836,0.049366,-0.024066,-0.039497,0.077953,0.460632,0.053850,0.058043,0.245381
0.110081,0.042581,0.018118,-0.029859,0.015755,0.150526,-0.019432,-0.004359,0.029376,0.086340,0.823643,-0.008282,0.051083,-0.042295,-0.070132,0.449509,0.187857,0.150993,-0.006814,0.072540
0.367068,0.113212,0.280023,-0.127457,-0.276744,0.097383,-0.298353,-0.024441,0.145231,-0.213563,0.452600,-0.271720,-0.043652,-0.000732,0.129139,0.358619,-0.158970,0.144356,0.201399,0.053489
0.083178,0.102871,0.101496,-0.131096,-0.252924,0.452427,0.181768,-0.132840,-0.086246,-0.121693,0.495662,0.025125,-0.070402,-0.113974,-0.331225,0.090802,0.367531,-0.195256,0.240765,-0.005624
-0.189433,0.115704,0.219399,0.249830,-0.280422,0.207585,0.220259,-0.176260,0.216074,-0.220659,-0.209730,-0.288633,0.264384,-0.325043,0.086999,-0.254540,-0.231266,0.302509,0.139860,0.061033
0.394262,0.197443,-0.311424,0.142161,-0.310923,0.158489,0.244192,-0.146403,-0.203399,-0.026741,0.328684,0.037117,0.247668,0.241816,0.212229,0.214996,-0.183977,0.274073,0.003928,0.118187
0.431474,0.207208,0.065715,-0.033575,-0.150796,0.137771,-0.044346,0.495678,-0.127139,-0.041709,0.212560,0.207740,0.177663,-0.153537,-0.082187,0.184556,0.333756,0.063207,0.348932,-0.191651
0.157148,0.213447,-0.279247,-0.093504,-0.285049,0.184380,-0.146915,-0.022775,-0.311225,-0.062091,0.229597,0.067977,0.279372,-0.156177,0.223930,0.244492,-0.257766,-0.225711,0.329803,-0.330304
-0.061468,0.063877,0.355358,-0.263711,-0.251690,-0.208949,-0.034921,-0.232188,0.268446,-0.226551,0.309035,-0.140677,0.251024,-0.226840,-0.264147,-0.076273,0.274754,-0.164869,-0.111214,0.300663
-0.050508,0.128979,-0.136157,0.137045,-0.096337,-0.028110,-0.079274,0.189664,0.161008,-0.004770,-0.076795,0.273500,-0.162274,0.789229,0.030699,-0.036686,0.165343,0.294559,0.137373,-0.006451
-0.017474,0.078790,0.087423,-0.026346,0.039873,0.176700,0.061743,0.055652,-0.083327,0.067340,0.913815,0.050394,0.016219,-0.055280,-0.020449,0.178904,0.191025,0.139002,0.018199,0.066819
0.490012,0.128846,0.114308,0.212484,-0.002510,-0.197286,0.250296,-0.063237,-0.077447,0.015199,0.199300,0.110554,-0.213878,0.064114,0.280355,0.150216,0.161342,0.321242,0.432498,0.232429
-0.124762,0.241770,-0.260810,0.099315,-0.029207,-0.249839,-0.095793,0.481799,0.038675,0.001921,-0.022562,-0.141444,-0.249483,-0.101812,0.325829,-0.004162,0.104609,0.283489,0.412194,0.285481
0.170508,-0.124360,0.311869,-0.138182,-0.248897,0.243619,0.246798,-0.242804,0.257063,-0.266201,0.238032,-0.275469,0.299034,-0.324026,-0.013621,-0.259613,0.223752,0.099343,-0.043162,-0.068265
-0.065723,0.115712,0.195450,-0.226996,-0.310558,0.267336,-0.074870,-0.296237,0.197339,-0.230512,0.241077,-0.185961,0.216166,-0.334300,-0.203832,0.197672,0.300332,-0.153709,0.005245,0.305859
-0.026558,-0.015204,0.795478,0.039244,0.021819,0.127941,0.053844,-0.056229,-0.068707,0.039383,-0.033504,0.051330,-0.045712,0.064791,-0.026562,0.171366,0.138258,0.160269,0.071442,0.495519
-0.019529,0.168517,-0.045931,-0.013951,0.051706,0.200123,-0.077588,-0.066054,0.002196,0.117703,0.760911,-0.021493,0.064645,0.004369,-0.136251,0.255601,0.299663,0.227628,0.273280,0.134590
0.418160,-0.055052,0.207721,-0.238908,-0.205395,0.182013,0.026939,-0.341539,0.242628,-0.120553,0.328904,-0.252886,0.272368,-0.227619,-0.210112,0.057590,0.094450,-0.229183,-0.202918,0.087097
-0.126749,0.291888,0.288960,-0.061848,-0.289394,0.241845,0.207665,-0.327739,0.186656,-0.353927,-0.284266,-0.174168,-0.145050,0.063054,0.230615,0.012652,-0.210511,0.173354,-0.195718,-0.237404
-0.037167,-0.013341,0.125280,0.051921,0.005799,0.151761,0.000631,-0.067135,-0.064009,-0.055657,-0.011909,0.059180,-0.021401,0.924175,-0.003120,0.232955,0.132288,0.116630,0.024927,0.032847
0.160707,-0.095582,0.077280,0.192205,0.139054,-0.265586,-0.227767,0.367327,-0.295408,-0.004161,0.167349,0.166572,-0.153013,0.294881,0.363193,0.418489,-0.181040,-0.128747,0.176387,-0.067336
0.152297,0.274410,0.179467,-0.260545,-0.323133,0.217833,0.204400,-0.316484,0.171420,-0.218526,0.136898,-0.066624,-0.142435,-0.351573,-0.283525,-0.098415,0.338141,-0.161112,0.000492,0.181730
-0.001981,0.295441,0.371109,-0.255668,-0.241507,0.216991,-0.225354,-0.210340,0.304980,-0.178105,0.031338,-0.275459,0.268049,0.015290,-0.000341,0.317490,-0.020254,-0.267295,-0.219631,0.120881
-0.031503,0.059680,-0.061454,0.065783,0.048367,-0.048305,-0.039561,-0.156742,0.028500,0.013267,0.059442,-0.083340,-0.059725,0.050334,0.912897,0.044998,0.148209,0.093014,0.261324,0.068229
-0.020671,-0.047542,0.235236,0.142180,-0.296445,0.299368,0.036816,-0.346889,0.186050,-0.211815,0.256506,-0.333272,0.014951,-0.152669,-0.067556,-0.216308,0.377348,-0.274636,-0.091742,0.255167
-0.062129,0.102402,0.000261,-0.121951,-0.083818,0.113734,0.088654,-0.094892,-0.044757,-0.028512,-0.147786,0.004898,-0.022454,-0.044661,-0.110333,0.411279,-0.094770,0.148890,0.044459,0.832062
0.233458,0.006215,0.216822,-0.094027,0.462438,-0.249668,0.116987,0.191967,-0.194805,-0.222065,-0.088973,0.276610,-0.199374,-0.157016,0.428109,0.100953,-0.153704,0.231776,0.230308,0.054179
0.019159,0.015242,0.126421,0.096531,0.012890,0.134949,0.006625,-0.042926,-0.006672,0.006720,0.089544,-0.010807,-0.035877,-0.022910,-0.090559,0.155143,0.086738,0.095805,0.025693,0.945604
0.138552,0.093922,0.038661,-0.056357,-0.005455,0.169178,0.052402,0.055176,-0.024404,0.122791,0.922057,0.035961,0.063650,-0.095358,-0.030725,0.156327,0.039194,0.148044,0.029512,0.053522
-0.253488,0.136626,0.399762,0.316886,-0.298147,-0.193225,-0.272467,-0.334204,0.230025,-0.234661,0.044834,-0.255946,-0.194833,-0.050151,-0.149169,-0.193379,-0.175927,0.085155,-0.145113,0.099073
-0.182910,0.353536,0.263107,-0.333839,0.017452,0.178526,0.222051,0.023031,0.107900,-0.356994,-0.205070,0.055885,-0.218218,0.147497,0.263108,0.268865,0.088119,-0.021869,0.361184,-0.212179
-0.361773,0.142209,0.182842,-0.229066,-0.256532,0.123771,0.080727,-0.127172,-0.233833,-0.267694,0.330047,-0.167603,0.133353,0.103726,0.089111,0.331632,0.053254,0.345514,0.335792,-0.119925
-0.193825,-0.248811,0.233876,-0.192328,-0.279782,0.176241,0.141251,-0.393445,0.049303,-0.378727,-0.001908,-0.371237,-0.127121,0.020767,0.376502,0.144359,0.075872,0.007428,-0.140524,-0.190577
-0.056369,0.015743,0.151656,-0.183169,-0.010079,-0.220285,-0.302328,0.233466,-0.286119,-0.290540,-0.089131,-0.273747,-0.233186,0.193509,0.345397,0.314239,-0.169166,0.274724,-0.120538,-0.260468
0.438870,-0.145474,0.197181,0.275210,-0.177075,0.012227,-0.278693,-0.216162,0.198831,-0.272378,0.214524,-0.224762,0.161851,-0.205611,0.174269,-0.166058,0.267368,0.281460,0.167781,0.013194
0.183769,0.220994,0.225773,-0.214500,-0.251415,0.219529,-0.252724,-0.355913,0.030194,-0.174942,0.291361,-0.315483,-0.178509,-0.033052,-0.028400,0.133255,0.322581,-0.230167,-0.207144,0.225962
-0.259633,0.315904,0.150287,0.003987,-0.104503,-0.020297,0.245426,-0.154914,-0.189550,-0.091873,0.294570,0.062669,-0.212323,0.321706,0.257417,0.267724,0.039886,0.146916,0.419880,-0.305891
-0.259419,0.431607,-0.083971,-0.115070,0.001275,0.011582,0.397565,0.148655,-0.174986,-0.230502,0.133574,0.169646,-0.010091,-0.185213,0.144926,0.095566,-0.071962,0.172156,0.554510,-0.092846
-0.211074,0.232444,0.141065,-0.088250,-0.275646,0.059986,0.272263,0.276603,0.234708,-0.224151,-0.230257,-0.209957,-0.259875,0.222179,0.267265,-0.210529,-0.216261,0.338704,-0.203134,-0.075356
-0.220453,0.126154,-0.228691,0.142140,-0.056286,0.241666,-0.011759,0.259961,-0.131727,0.003575,-0.069044,0.398109,-0.034325,-0.135743,0.052181,0.451403,-0.036061,0.145125,0.521199,-0.181574
-0.049826,0.300822,-0.170674,-0.044129,0.002354,0.241158,0.324168,0.132915,-0.289161,-0.295209,0.290809,0.124474,-0.044277,-0.310063,0.155611,0.170248,0.173164,-0.206546,0.436448,-0.098864
-0.020854,0.043616,-0.031394,0.028344,0.030927,0.201340,0.018764,-0.061593,-0.113460,0.019832,-0.058129,0.005766,-0.079984,0.881862,-0.154834,0.109033,0.201752,0.241766,0.054542,0.107175
0.548634,0.215862,-0.145856,-0.158273,-0.134438,0.111805,-0.015252,-0.056729,-0.155781,0.167372,-0.104297,-0.007043,-0.048697,0.466667,-0.205014,0.043094,0.408966,0.197684,-0.039905,0.192054
0.360792,-0.027543,0.108582,-0.269260,-0.277913,0.202901,-0.197793,-0.289277,0.025549,-0.273957,0.322509,-0.215598,0.015862,-0.052548,0.111812,0.279019,0.228915,-0.051388,-0.152708,0.381634
-0.119546,-0.004239,-0.059231,-0.129270,-0.174823,0.744422,-0.037661,0.068034,0.015103,0.055601,0.063039,-0.118085,0.021269,0.132108,-0.143491,0.234225,0.485201,0.072894,0.034438,0.134851
0.107300,0.021502,0.012545,-0.056109,0.013886,0.026827,0.000054,-0.029760,0.041326,0.056928,-0.094791,-0.011396,0.036887,-0.040684,-0.024555,0.032956,0.978231,-0.014591,0.056747,0.061506
-0.071880,0.197532,0.076050,-0.036660,0.106210,0.202820,0.279092,-0.018178,-0.082833,-0.152068,0.625359,0.148032,-0.066624,0.031462,0.107440,0.234287,0.251258,0.355198,0.305829,-0.142774
-0.097004,-0.067996,0.275317,-0.334634,-0.283137,0.192597,0.145643,-0.176682,0.190698,-0.371623,0.140433,-0.335460,0.197569,0.158614,0.174865,0.316944,-0.086855,-0.090927,-0.294007,-0.155882
0.092317,0.279728,0.296416,-0.251341,-0.085856,-0.207958,0.264937,0.340137,-0.113148,-0.099466,0.126648,-0.246834,-0.064530,0.052920,0.264509,0.377609,0.231325,0.086067,0.381455,0.009187
-0.222217,0.403390,0.234242,0.003953,-0.252869,0.213459,0.323338,-0.109905,0.239183,-0.294249,-0.228377,-0.299109,0.224538,0.156331,0.046890,-0.128508,-0.252285,0.123500,0.140580,-0.170972
-0.067137,0.064835,0.374029,-0.035032,-0.191372,-0.132385,0.149591,-0.301381,0.142264,-0.365795,0.395174,-0.305522,-0.283453,0.195253,0.121783,-0.145022,-0.172161,0.116578,-0.241840,0.152340
-0.175403,-0.058611,0.207869,-0.107868,0.055377,0.189859,0.020303,0.149111,-0.268406,-0.344912,0.212550,-0.118659,-0.122826,-0.271079,0.282893,0.344192,-0.018683,0.015796,0.434549,-0.349903
0.085841,0.411573,-0.124570,-0.157358,-0.289284,0.232399,0.152862,-0.217135,0.284424,-0.153580,-0.081470,-0.320535,0.270306,-0.072506,0.057944,-0.316945,-0.032684,0.329406,-0.253890,-0.068676
-0.226462,0.124260,0.314754,0.365234,-0.042022,-0.100670,0.112836,-0.029877,-0.068338,-0.276480,-0.066665,-0.117421,-0.105099,0.026850,-0.143671,0.112410,0.091158,0.478707,0.528819,-0.117374
0.741305,-0.023506,0.156676,-0.003476,-0.069494,0.083562,-0.105031,-0.113606,-0.049788,0.208481,0.327026,-0.193364,0.045471,0.176141,-0.033297,0.252459,0.065988,0.138239,-0.161973,0.227352
-0.161297,0.087345,0.013425,-0.094754,-0.172918,0.344392,-0.036065,0.163229,-0.028615,-0.258395,0.598480,-0.076538,0.122300,0.153085,-0.236535,0.218999,0.271939,0.251588,0.262613,-0.024641
0.169997,-0.119460,-0.148620,-0.080350,0.175273,0.122514,0.195450,-0.212721,-0.100610,-0.292759,0.146837,0.129914,-0.137243,-0.343379,0.260995,0.255528,-0.265752,-0.115433,0.445777,-0.334684
0.277193,0.241262,0.150151,0.009070,-0.126494,0.187565,-0.220996,-0.217240,-0.315196,-0.035016,0.292335,-0.297993,-0.046320,-0.367008,0.263200,0.212251,0.307567,0.068754,-0.004466,0.264143
0.034866,0.034612,0.033426,0.029117,0.015440,0.079531,-0.002263,-0.043912,0.006473,0.064700,-0.075663,0.010885,0.050052,-0.025100,0.018213,0.061794,0.976091,0.017718,0.069740,0.108792
0.038142,0.174877,0.228109,-0.250460,-0.344383,0.028517,-0.095350,-0.307012,0.136067,-0.228927,-0.092924,-0.327530,0.338019,-0.312321,-0.190776,0.107302,0.225634,-0.091613,-0.080317,0.343716
0.449503,0.214003,0.238075,-0.240660,-0.362441,0.318434,0.157390,-0.164623,0.007716,-0.141999,0.286678,-0.085191,-0.186740,-0.069515,0.137443,-0.244231,0.094854,0.101825,-0.194829,-0.260164
0.138311,0.029797,0.043117,0.949103,0.005344,0.076107,-0.000101,0.037004,0.013461,0.024277,-0.121768,-0.024891,0.009395,-0.010634,-0.022478,0.172238,0.070433,0.034369,0.076673,0.107352
0.040339,0.134230,0.360409,0.006402,0.060611,0.352266,0.046251,0.021429,-0.077753,0.060257,0.683888,-0.077194,-0.053438,0.049875,0.021270,0.129435,0.336638,0.268047,0.089708,0.144727
0.154023,-0.064905,0.019786,0.110604,0.031510,0.059227,-0.094288,0.325888,0.057022,0.091931,0.178169,-0.032420,-0.047769,0.753614,0.147003,0.095182,0.179962,0.395933,-0.071768,-0.012693
0.086457,0.037628,-0.051639,0.069298,0.016777,-0.071135,0.025000,0.963803,-0.017365,0.040929,0.043609,-0.006926,-0.039575,0.002927,0.017153,0.020619,0.112129,0.151764,-0.066399,0.050230
-0.098205,0.278490,0.276306,-0.064442,-0.262943,0.253503,0.248022,-0.311532,0.238129,-0.297011,0.337390,-0.291632,0.240571,0.098323,0.084438,0.001689,0.098455,0.101207,-0.206677,0.243320
0.030643,0.022027,0.049422,-0.086888,0.017147,0.165370,-0.017238,-0.024407,-0.071208,0.120643,0.956335,0.051937,0.075471,0.004269,0.081927,0.043805,-0.024453,0.026588,0.036269,0.078646
0.090968,0.052113,0.055602,-0.064407,-0.066343,0.042897,0.069614,-0.034134,-0.151783,-0.036276,-0.158405,-0.035734,0.038258,-0.012480,0.023261,0.131399,0.930314,0.160099,0.087496,0.024398
-0.059069,0.001518,0.192189,-0.033685,-0.014990,0.229253,0.098666,-0.017102,-0.179820,-0.025187,0.778777,0.001157,0.046517,0.209484,-0.080209,0.304619,0.207196,0.216359,0.043105,0.138891
-0.067672,0.873481,0.018895,0.092009,0.004753,0.049070,-0.083018,0.080555,0.094657,-0.087989,0.057129,0.020642,-0.049199,0.090066,0.051579,0.048107,0.316611,0.000729,0.244882,0.108206
-0.303596,0.100606,0.520991,-0.063741,-0.057028,0.290440,0.025704,0.034202,-0.058429,-0.085314,-0.140043,-0.080108,-0.062453,0.203443,0.011998,0.465217,0.313252,0.260899,0.237269,0.108172
0.347300,-0.114205,-0.244712,-0.033964,-0.188924,0.083947,-0.192049,-0.037096,-0.247712,0.239708,0.261542,-0.144690,0.130719,0.077017,-0.072631,0.128941,0.433777,0.089118,-0.019323,0.524162
-0.017502,-0.139789,-0.116920,-0.021903,-0.180812,0.259692,-0.155082,-0.130164,-0.035413,-0.358077,0.410170,-0.178677,-0.156872,-0.189317,0.295786,0.403457,-0.096075,-0.182502,0.204229,-0.316662
0.655357,0.103735,0.071621,-0.246842,0.038199,0.143319,-0.136579,-0.109882,-0.079377,0.144269,0.429140,-0.072880,-0.087626,-0.025987,-0.098908,0.003078,0.354381,0.170319,0.142491,0.176996
-0.007444,0.012012,-0.113977,0.134896,-0.112195,-0.077625,-0.185626,-0.027776,0.009946,-0.535664,-0.036914,-0.100381,0.254400,0.054881,-0.253586,-0.009773,0.147568,0.529350,0.419154,-0.080543
0.178014,0.068203,0.160292,-0.068384,-0.076046,0.073483,0.062637,-0.053845,-0.162725,-0.102526,0.215302,-0.188358,-0.033199,0.007209,-0.178579,-0.041589,0.537772,0.205200,0.083196,0.650737
-0.224462,0.177699,-0.142656,0.035731,-0.164273,0.036094,0.145331,0.380675,-0.157694,-0.037813,0.149815,0.132680,0.064147,0.150957,-0.137343,0.503372,0.415978,0.231026,0.265463,0.199281
-0.209739,-0.129441,0.053089,0.305374,-0.305692,-0.238237,0.146543,-0.185259,0.251793,-0.178844,-0.008801,-0.265665,0.244506,0.178801,0.237576,0.232389,-0.265433,0.294806,-0.192649,0.272880
-0.101665,-0.130115,-0.053908,0.104548,0.037606,0.002556,0.232542,0.003909,-0.024464,-0.092230,0.049178,0.677532,-0.055273,0.117526,-0.045650,0.009339,0.172391,0.113117,0.604381,-0.077360
-0.256237,0.410371,0.085001,-0.140106,0.102940,0.103888,0.439662,0.141782,-0.148165,0.102776,0.038311,0.147253,-0.119887,-0.206700,0.315440,0.454401,0.199252,0.092748,0.061589,0.182879
0.109418,-0.007468,0.156095,-0.212229,-0.306760,0.047224,0.237128,-0.212061,0.216758,-0.095383,-0.226172,-0.298529,0.282817,-0.243780,0.266290,-0.234948,-0.251054,0.262752,0.344643,-0.091148
0.240217,0.186024,0.249503,0.033636,-0.044839,0.186854,-0.137755,-0.293091,-0.200335,-0.232472,0.319306,-0.369311,-0.047082,-0.047791,0.349033,0.289153,0.277161,0.287286,0.024822,-0.008848
-0.189842,0.153563,0.097176,-0.091448,-0.011897,0.254278,0.087727,-0.035801,0.030997,-0.010102,0.756402,0.031073,-0.124913,0.028892,-0.097507,0.249329,0.254594,0.269700,0.138542,0.172515
-0.164199,-0.070038,0.152012,0.017716,-0.026595,-0.005659,0.017341,0.334550,0.142893,-0.012074,-0.255356,0.006630,-0.137183,0.321917,0.274359,0.160246,0.160227,0.703098,-0.049172,0.009707
-0.077414,-0.029700,0.059192,-0.051951,0.056657,0.087657,-0.031562,0.950649,0.059685,-0.103588,-0.016800,-0.017936,-0.053885,0.059294,-0.057702,0.068978,0.190530,0.057686,-0.035988,0.031160
-0.114364,-0.026545,0.183569,0.097235,-0.181840,0.188105,0.147650,-0.230307,-0.351875,0.124607,0.112893,0.169693,0.295858,-0.124261,0.306001,-0.283524,0.185172,0.158802,0.527047,-0.067893
0.179757,0.197608,-0.199433,-0.328579,-0.284857,-0.080598,0.297014,0.041379,0.192603,-0.179421,-0.103156,-0.073052,0.167626,0.306920,0.302704,0.472546,0.013992,0.244164,-0.127476,0.069113
0.382039,0.208522,0.153235,-0.228889,-0.261559,0.165919,0.033364,-0.078576,0.244992,-0.320468,0.267054,-0.274841,0.267787,0.165078,0.326751,0.036281,0.074260,0.228530,-0.199291,-0.131863
0.050896,0.191416,0.201731,-0.268062,-0.327008,0.162291,0.124186,-0.379759,0.217506,-0.223445,0.238610,-0.103998,0.071617,-0.353208,-0.274829,-0.031142,0.208561,-0.309922,-0.118136,0.174433
0.225947,-0.139190,0.201801,-0.184742,-0.057568,-0.037168,0.043902,-0.361111,-0.250866,-0.232681,0.479681,-0.322003,0.118639,-0.162033,0.108610,0.234675,0.035567,0.252166,0.306552,-0.028606
-0.155871,0.246966,-0.276926,0.176933,0.105884,0.120968,-0.173629,-0.255159,-0.285758,-0.303811,0.248019,-0.080049,-0.210698,-0.218070,0.241703,0.218346,0.131741,-0.211989,0.427615,-0.023412
0.046594,0.163459,0.034032,0.841381,-0.156925,0.113125,0.024939,0.081752,-0.072379,0.105746,0.184239,-0.118530,-0.093332,0.167360,-0.018247,0.078484,0.200246,0.110635,0.140147,0.194155
-0.019135,0.073075,-0.028526,0.067095,0.013638,-0.067269,-0.036611,0.978008,-0.010863,0.029593,-0.008103,0.018066,-0.021522,0.008171,-0.070219,0.013825,0.059691,0.102835,-0.025408,0.067871
0.056822,0.073505,0.019943,-0.032609,-0.036735,0.083743,0.014311,0.086750,-0.139940,-0.008504,0.920019,0.036259,0.000956,0.118502,-0.003824,0.128596,0.187400,0.154180,0.058885,0.116002
-0.252247,0.024127,0.355362,-0.350938,-0.232957,0.287952,-0.235187,-0.052447,0.323285,-0.107106,-0.250364,0.098172,0.313417,0.140111,-0.216309,0.083591,-0.177892,-0.271697,-0.044177,-0.154083
0.262327,0.043762,-0.268753,-0.117331,0.144624,-0.169274,0.026719,0.480856,-0.264425,0.024094,0.080255,0.140153,0.137579,0.196602,0.397027,0.147101,0.232572,0.411259,0.034019,0.062884
0.080610,0.045750,0.287796,-0.286691,-0.279132,0.101248,0.062574,0.025099,-0.278446,-0.207805,0.280142,-0.238517,0.307925,0.138589,-0.128013,0.345000,-0.062376,-0.099236,0.374173,-0.272789
0.048845,0.292363,0.054128,-0.209762,-0.005596,0.392866,0.108803,-0.167831,-0.015565,-0.193954,0.572567,-0.081203,-0.152084,0.093601,-0.104853,0.267594,0.335443,0.136109,0.062872,-0.221469
0.371656,0.066739,0.038603,0.611423,0.073470,0.215377,-0.009203,0.025895,0.035261,0.089345,0.375731,-0.065961,-0.073849,-0.024543,-0.185622,0.277135,0.328741,0.181410,-0.035761,-0.123385
-0.047413,-0.057761,-0.049812,0.084063,0.088947,-0.076177,-0.032049,0.939299,0.037388,-0.044969,0.068760,-0.114403,-0.050809,-0.024543,0.012296,-0.024057,0.135982,0.160552,0.116519,-0.069632
-0.293354,0.090506,0.271317,0.222196,-0.292350,0.028031,-0.151581,-0.282698,0.139451,-0.285251,0.175570,-0.272047,0.065554,0.346026,0.140124,0.288656,-0.147881,0.180174,-0.152520,0.288769
-0.122927,-0.075035,0.263546,-0.115263,-0.303760,0.288411,-0.008462,-0.354990,0.246827,-0.268863,0.271282,-0.321948,0.310904,-0.257519,-0.218125,-0.140564,0.185447,-0.007755,-0.140556,0.000603
-0.038665,0.012296,0.029297,0.026609,-0.000524,0.303906,0.005867,0.028416,0.070537,0.078113,0.798944,-0.074160,-0.033453,0.036538,-0.134383,0.173288,0.396952,0.166964,0.030073,0.108648
-0.058010,0.086093,-0.047156,0.008920,0.036689,0.061881,0.532219,0.763093,0.079493,-0.065814,0.017698,0.027430,-0.198170,-0.066979,-0.030818,0.031987,0.047347,0.221882,0.083654,0.016075
-0.021977,0.097250,0.130589,-0.209575,-0.031281,0.883466,0.016272,0.040531,0.095161,-0.016271,-0.088905,-0.082306,-0.009550,-0.028567,-0.066778,0.090232,0.283941,0.056092,-0.013087,0.155687
-0.243216,0.293252,-0.068717,-0.161156,0.031677,0.005334,0.423337,0.387676,0.123725,-0.179578,0.170908,0.076248,-0.170663,0.208843,0.382608,0.344940,-0.128605,0.154788,0.161892,-0.078843
-0.167742,0.237115,0.165502,-0.228530,-0.308209,-0.070484,0.232104,-0.212834,0.070564,-0.085675,-0.257705,-0.086643,0.252853,0.127674,0.248627,-0.358974,0.316575,0.310090,0.151739,0.245641
0.212213,-0.030649,0.157997,0.087110,-0.241496,0.199709,-0.302374,-0.290886,0.277541,-0.183545,0.187965,-0.256659,-0.073821,0.063865,-0.333077,0.063433,0.429895,0.138717,-0.255937,0.203113
0.014475,0.064272,-0.017260,0.919161,-0.001955,0.239456,0.037716,0.027249,0.031391,0.118364,-0.144630,-0.021838,0.042943,-0.027035,0.012973,0.116381,0.113276,0.068919,0.009883,0.143662
0.201632,0.100113,-0.227446,0.087955,0.187808,0.112913,0.134937,0.077171,-0.353666,-0.112567,0.111269,-0.294056,0.070375,-0.359200,0.324856,0.412520,-0.106708,0.047869,0.396596,-0.020523
0.004914,-0.201058,0.079481,-0.081085,0.116797,-0.109772,0.135672,0.107709,0.203068,-0.409726,-0.247821,-0.068635,0.073909,0.204491,0.421267,-0.095957,0.005569,0.477916,0.326330,0.216433
-0.206338,-0.102916,0.133534,0.143109,-0.235976,-0.215395,0.148583,-0.072609,0.123875,-0.292444,0.448828,-0.163905,0.142532,0.328508,0.151191,0.397523,-0.102856,0.173331,-0.053680,0.311917
0.114597,-0.012028,0.277701,0.224179,-0.270854,0.304336,0.026393,-0.319911,0.178833,-0.209991,0.489169,-0.235645,-0.065779,-0.085048,-0.304227,0.093128,0.198271,-0.244052,0.019249,0.086052
0.196056,-0.032010,0.152632,0.058181,-0.284551,0.161902,-0.262720,0.114340,0.077625,-0.169671,0.204327,-0.358307,0.240855,0.224592,-0.195734,0.352578,0.141162,0.183263,-0.226831,0.404465
0.003652,0.237237,0.371655,-0.026818,-0.019176,0.338660,0.073174,0.203643,-0.357722,-0.202705,0.015375,-0.307625,-0.315841,-0.094085,0.145705,0.103560,0.252522,0.258936,0.328131,0.001870
-0.260216,-0.010428,-0.123725,-0.337752,-0.246229,0.243762,0.010053,-0.123431,0.292392,-0.149209,-0.179175,-0.194882,0.189563,0.289608,0.457494,0.000941,-0.105700,0.127049,-0.169041,-0.323378
-0.335665,0.400834,0.009875,-0.149042,0.052693,0.189129,0.212225,0.106937,-0.035112,-0.204955,0.261119,0.223661,0.042756,-0.041662,-0.266185,0.309174,0.295452,0.028779,0.434654,-0.028828
