-0.027797,0.112942,0.097842,0.026823,0.008608,0.035982,0.028996,-0.044308,0.054413,0.110218,-0.054026,-0.058789,-0.069035,-0.000538,-0.005555,-0.019841,0.089047,-0.017983,0.966461,0.055059
0.492457,-0.131764,0.030024,0.128338,-0.085760,0.175469,-0.188034,-0.232435,-0.029719,0.087102,0.298531,-0.337911,0.007880,0.402589,0.436967,0.031553,-0.018872,-0.157867,0.000751,-0.064004
-0.055172,0.008668,0.092341,0.068052,0.006134,-0.084231,0.063665,-0.046102,0.081903,0.003311,0.032797,-0.013750,-0.078451,-0.009196,-0.044333,-0.005024,0.034490,-0.010184,0.975074,-0.046209
-0.223719,0.098281,0.458166,0.212157,-0.126586,0.126207,0.031141,0.345828,-0.007264,-0.200959,0.345959,0.111771,-0.178055,0.228566,-0.106737,0.073934,0.210646,0.337381,0.241316,-0.207343
0.483537,-0.119959,0.109493,0.115223,0.020036,-0.131009,-0.150474,-0.034705,0.127794,0.037866,0.628227,-0.080636,-0.095903,0.035803,0.270881,-0.200900,-0.247800,-0.004784,0.255081,0.124412
0.198806,-0.038268,0.185520,0.069267,0.248082,-0.254307,0.162820,-0.060957,-0.067231,-0.233685,0.242984,-0.100479,0.163650,0.202150,0.161813,-0.070819,0.102850,0.208827,0.667553,-0.190863
0.032618,-0.058135,-0.019548,-0.031587,-0.042628,0.009969,0.070739,-0.086185,0.028989,-0.096141,-0.144512,-0.151995,0.014230,0.065305,-0.063039,0.094353,-0.019183,0.090812,0.943203,-0.100836
-0.037880,-0.020223,-0.063157,-0.052717,0.006657,-0.028744,0.037208,0.003759,-0.025799,0.016274,-0.098146,0.009543,-0.017161,-0.015890,-0.046105,-0.038286,0.978854,-0.007554,-0.063030,0.110186
-0.154749,0.093698,0.054707,0.009755,-0.009009,0.016738,0.042683,-0.057403,-0.008234,0.048828,0.971985,-0.011457,-0.016837,0.004331,-0.015259,-0.003118,0.085741,0.000024,-0.030432,0.050471
-0.160234,0.173124,-0.233405,-0.080179,-0.002927,0.105486,-0.144656,-0.258843,0.350379,0.189436,0.400767,-0.223661,0.060558,-0.188174,0.350019,-0.074239,-0.109420,-0.087224,0.459643,0.130929
0.002286,0.030621,0.016258,0.035005,0.020128,0.018220,0.991461,0.014500,0.035289,-0.013928,-0.000117,-0.031595,-0.007103,0.015373,-0.029937,0.002700,0.075133,-0.024449,0.061267,0.000469
-0.191975,0.143701,-0.002731,0.018332,0.130169,0.037158,-0.017178,-0.070313,0.038338,0.356620,0.622270,0.364784,-0.016405,-0.127291,0.017245,-0.078056,-0.022279,0.023203,-0.053441,0.492850
0.948650,0.023885,-0.005191,0.003527,-0.025593,0.008684,0.029376,0.006959,0.271805,-0.027290,0.071435,-0.054102,-0.016382,0.041914,0.078176,-0.025991,0.024148,-0.038953,0.061014,-0.022890
-0.015917,0.153117,0.069982,0.082101,0.076175,-0.031956,0.057768,0.012746,0.074685,0.121665,0.957769,-0.021713,-0.056829,0.038306,0.002540,0.072112,0.023936,-0.020978,-0.041189,0.059624
0.982653,0.005890,0.073323,0.018884,0.019482,-0.012292,-0.061842,-0.035607,-0.001723,0.046723,0.057689,-0.035094,-0.042595,0.004190,-0.006724,0.095036,0.072649,-0.003151,0.005936,0.004988
0.145444,-0.119098,-0.101236,0.358860,-0.035494,-0.050266,-0.214546,0.104491,-0.210747,0.061093,0.200882,-0.155642,0.090014,0.144386,0.339616,0.132776,-0.223145,0.434086,0.457256,-0.207237
-0.057703,0.019815,-0.018165,-0.016732,0.072330,0.041614,0.986251,0.014882,-0.036199,-0.025025,0.056712,0.052927,-0.021332,-0.008058,-0.062536,-0.010460,0.047170,-0.007223,-0.027400,0.016411
0.034938,-0.100841,0.081128,0.070198,0.014852,-0.009931,0.495701,-0.138598,0.239568,-0.344631,-0.140122,-0.112138,0.007556,0.124998,0.302708,-0.082418,0.174936,-0.093648,0.577025,-0.130548
0.003135,-0.000583,0.034901,0.062096,0.004097,0.000723,0.019086,-0.007014,0.994917,0.012010,0.035714,-0.007052,-0.014625,0.029664,-0.021660,0.004444,0.029371,-0.008118,0.023446,-0.009712
0.706312,0.038239,0.040113,0.034013,0.052691,0.155908,0.010155,-0.017217,-0.072881,0.033539,0.669452,-0.055883,0.026959,0.029515,0.031471,0.008847,0.066843,0.029201,0.016819,0.058448
-0.028340,0.002100,-0.014334,0.177731,0.072563,-0.035828,0.104649,0.009953,-0.024494,0.114766,-0.046321,0.922455,-0.039298,-0.015947,-0.022110,-0.067468,0.077420,0.019510,-0.007548,0.263985
0.021256,-0.017612,0.030097,0.001268,0.032906,-0.016996,0.040097,0.029517,0.023967,0.001621,-0.026553,-0.036718,-0.042486,0.049200,0.987508,-0.070700,0.032614,-0.043836,0.066367,0.007969
0.167364,-0.001304,0.863010,0.109988,-0.034160,0.006495,0.106638,0.108619,0.118812,0.031827,0.054531,-0.190632,-0.083221,0.145848,0.185668,0.114864,0.185356,-0.033083,0.081079,-0.135619
-0.056997,0.013695,-0.101504,-0.043348,0.013024,-0.084921,0.002319,0.152790,-0.052163,0.091563,0.017184,0.130451,-0.051865,-0.075336,-0.010960,-0.090452,0.169188,0.001447,-0.113761,0.931127
0.055113,-0.076895,-0.096714,-0.046033,0.073819,-0.031011,0.161670,0.367430,-0.006146,0.084814,0.072495,-0.108908,-0.023490,0.007697,0.086522,-0.122767,0.013980,-0.020093,-0.032209,0.873425
0.979765,0.015438,0.058920,0.041669,0.024970,-0.018657,0.115200,-0.039321,0.028312,0.041942,-0.002372,0.006458,-0.061277,-0.011076,-0.036879,0.085541,0.017255,-0.026102,-0.025697,-0.044974
0.021942,0.026078,0.069951,0.070944,0.008387,0.013873,0.113100,-0.038194,0.009361,0.051275,0.979671,-0.003521,-0.033665,0.003032,-0.053776,0.068384,0.010221,-0.031892,0.023671,-0.039009
0.965910,0.056115,0.023219,0.008787,0.050906,-0.037951,0.180191,0.025587,0.028785,0.031459,0.115950,-0.004394,-0.008756,0.078388,0.005613,0.042336,0.023364,-0.035137,-0.031332,-0.003006
0.870029,0.025417,0.050188,0.331328,-0.027823,0.038287,0.161211,0.039774,0.178040,-0.059238,-0.051720,-0.095352,-0.063070,0.059695,-0.041021,0.022960,0.046627,-0.011398,0.033586,-0.200345
-0.262023,0.155780,-0.036643,0.149518,-0.007651,0.096386,-0.216875,0.588788,0.076038,-0.058642,-0.034338,0.309037,-0.053167,-0.157616,-0.193422,-0.078206,0.442004,-0.028988,-0.196176,0.261780
0.033558,0.012932,0.040308,0.002828,0.000011,0.004628,0.097076,0.010634,0.093548,0.049224,0.982948,-0.030850,-0.012272,0.015827,0.011317,0.001928,0.083987,-0.031301,0.022326,0.011749
0.859957,0.072409,0.091719,0.026245,-0.009579,0.027616,0.000631,-0.033244,-0.033565,0.108962,0.427756,-0.009165,0.065750,-0.002163,-0.058350,0.020600,0.131295,-0.023256,-0.117173,0.091905
0.961728,-0.002638,0.055256,-0.065337,0.004743,-0.026003,0.176289,-0.036714,0.002664,0.084801,-0.059418,-0.014078,-0.052225,0.072778,-0.044063,0.051144,0.001830,-0.039495,0.095345,0.021549
0.947491,-0.096051,-0.003954,0.125927,-0.029732,-0.069425,-0.086539,-0.114083,0.028102,-0.025359,-0.138694,-0.066376,-0.082775,-0.049158,-0.018835,0.041427,-0.040376,0.000898,-0.101319,-0.051418
0.969336,-0.035028,0.009331,-0.008849,0.025835,-0.037115,0.095050,-0.012243,-0.038221,0.070176,0.061030,-0.038789,-0.035466,0.046315,-0.035505,-0.022906,0.069568,-0.050603,0.150765,0.028863
-0.045236,0.035579,-0.001183,0.011373,0.007427,-0.041453,0.133657,-0.043584,0.013604,0.018260,0.950600,-0.039418,-0.053913,0.206515,0.073187,-0.033209,0.064739,-0.085793,0.074422,0.014241
-0.089162,0.102759,0.070952,0.009859,0.010214,0.092240,0.056716,-0.070745,0.049087,0.035885,-0.149202,-0.070627,-0.024564,0.005716,-0.065545,0.001151,0.108637,-0.016672,0.954740,-0.006094
-0.071442,-0.002756,0.018443,0.014018,0.014479,0.017531,0.043671,0.040249,-0.041354,0.045984,-0.053560,0.976817,-0.015590,0.002061,-0.051834,-0.034344,0.155477,0.017502,-0.028501,-0.006099
0.977197,0.022888,0.044224,0.067003,0.037723,-0.064781,-0.033360,-0.074194,-0.020788,0.042885,-0.013300,-0.069400,-0.031989,0.092977,-0.011367,0.058586,-0.015411,-0.040206,0.059343,0.003127
-0.016713,-0.006785,-0.006284,-0.023900,0.005764,-0.023325,0.007441,-0.025573,-0.005728,0.032918,-0.003438,0.044926,0.009932,-0.025657,-0.008120,0.004208,0.054048,-0.005857,-0.020322,0.995199
-0.062601,-0.053794,0.059850,-0.000706,0.123350,0.050918,0.018971,0.464855,0.248007,-0.060951,0.437151,-0.129026,-0.055047,0.222563,0.492423,0.209980,0.010853,-0.084101,0.325343,-0.173787
-0.137295,0.083611,-0.028170,0.136021,-0.068768,-0.042200,-0.047352,0.271832,0.025286,0.249238,0.015639,0.169042,-0.072872,-0.090456,0.181153,-0.030822,0.176689,0.005388,-0.136102,0.826807
0.359517,-0.162755,0.051811,0.155375,0.064719,0.099289,0.141208,-0.171402,0.222815,0.004907,0.805875,-0.195378,0.019118,0.065648,0.021570,-0.016089,-0.039203,-0.049143,0.006095,-0.086035
0.021953,-0.001616,0.019269,-0.023544,0.013429,-0.013078,0.021350,0.022333,0.988715,0.001980,-0.035822,-0.041335,-0.064949,-0.006698,0.064161,0.021148,0.054713,-0.027479,0.064262,-0.005077
0.996738,0.003597,0.032622,0.005319,0.007273,-0.003990,0.011948,0.027579,0.014454,-0.003038,0.022548,-0.013697,-0.042364,-0.009142,-0.013484,-0.020273,0.011355,-0.009370,0.025429,-0.013644
-0.035636,0.018614,0.024443,-0.015798,0.109187,0.000544,0.001852,-0.060685,0.022683,0.197863,0.922513,-0.085443,0.022342,-0.004991,-0.043660,0.115680,0.083858,-0.017304,0.246496,0.005376
-0.055528,0.014388,-0.073520,-0.067296,-0.000237,-0.061881,0.011039,0.096477,-0.045010,0.055421,0.133510,0.061595,-0.050536,-0.074958,-0.057409,-0.065169,0.949742,0.038289,-0.082563,-0.144194
-0.097407,0.016911,-0.069026,-0.017068,0.025755,0.016579,0.068078,-0.005686,-0.040089,0.008151,0.035414,0.986047,-0.008264,0.006326,-0.047367,-0.025907,-0.009582,-0.001250,-0.016302,-0.031086
0.006643,0.023795,-0.019857,-0.019190,-0.013764,0.000915,0.005018,-0.022134,0.021034,0.001594,0.036937,-0.032277,-0.006369,0.021246,0.994472,-0.015673,0.039456,-0.047456,0.037403,-0.012267
0.811915,-0.001335,-0.074109,0.342658,0.026035,-0.057150,0.233678,-0.004431,0.088899,-0.185684,0.064549,-0.017514,0.298085,-0.085850,0.032115,-0.098367,-0.006252,0.014826,0.053608,-0.048953
0.001964,-0.013467,-0.009870,-0.047540,0.000509,0.000830,0.013635,0.028800,-0.000249,0.021954,0.261397,0.009769,0.004061,-0.014206,-0.028818,0.033146,0.961513,0.003015,-0.007879,0.028453
0.520899,-0.028487,0.107979,0.484845,0.022927,0.043938,0.291502,0.015806,-0.031116,-0.107959,-0.047100,-0.147740,0.084725,0.102406,-0.084599,0.473280,0.232259,0.001118,0.201104,-0.116475
0.047625,-0.049715,-0.042352,-0.020911,0.073642,0.020867,0.203336,0.021491,-0.015999,0.027286,0.019043,0.936176,0.021935,0.012010,-0.031145,-0.112918,0.153497,-0.011713,-0.010437,0.171526
0.017777,-0.036152,0.011445,0.013477,0.059992,-0.008452,-0.077393,0.083391,0.007280,0.016854,0.965458,-0.047511,0.000902,0.109162,0.168591,0.058549,0.022957,-0.013662,-0.041312,-0.023621
-0.171414,-0.126871,0.109727,0.190833,0.374930,-0.233839,-0.170627,-0.315111,-0.168768,0.390274,0.328567,-0.167598,0.082491,0.036964,0.252966,-0.192705,0.120818,-0.274055,-0.142580,0.215010
0.028353,0.155609,-0.234460,0.014236,-0.118267,0.279336,-0.095022,-0.235821,0.331247,-0.009606,-0.024186,-0.245944,0.067461,-0.165499,0.429326,-0.096771,0.022057,-0.008898,0.597125,-0.097520
-0.125061,0.110557,0.166154,0.094019,-0.280085,0.240069,-0.318575,-0.320895,-0.110594,0.271554,0.006609,-0.239724,0.129816,0.264111,0.457122,-0.151057,-0.271833,-0.213444,0.030460,0.113568
-0.066048,-0.075851,0.192025,0.250386,0.015815,-0.051284,0.071053,-0.110265,0.056454,-0.138723,0.306101,-0.195132,0.018280,0.313114,0.268216,0.526353,0.135646,0.127360,0.467695,-0.123710
-0.060132,0.006477,0.011566,-0.000322,-0.034852,-0.011238,0.019265,-0.024058,0.982679,-0.026912,0.094927,-0.057457,-0.008491,0.018377,0.088656,-0.021656,0.037919,-0.043105,0.038772,-0.041055
-0.229881,0.357564,0.135759,0.192246,0.183287,-0.118789,0.074145,0.242358,-0.063674,-0.000248,0.056725,0.296395,-0.098089,-0.073080,-0.119451,-0.078990,0.511318,0.352672,0.206573,0.304772
-0.050214,0.035266,-0.040888,-0.046447,0.039359,0.024836,-0.017590,0.037122,-0.011677,0.010553,0.023821,0.984437,-0.001173,-0.037837,-0.010067,-0.014953,0.071794,-0.009378,-0.022280,-0.105475
0.062594,0.004273,0.065392,0.043238,0.041713,-0.019029,0.153624,-0.011262,0.056902,0.069641,0.953582,-0.009088,-0.063158,0.037395,0.000771,0.069983,0.143578,-0.027461,0.117184,0.034832
0.173871,-0.153966,-0.234901,-0.010722,-0.015675,0.489753,-0.158193,-0.268561,0.179629,0.047308,0.482368,-0.248355,0.095963,0.115980,0.224569,-0.057546,-0.021077,-0.172892,0.106404,-0.326483
-0.165851,0.178310,0.179831,-0.169712,0.294248,-0.103172,-0.205473,0.433551,-0.237411,-0.290614,0.060878,0.256589,-0.144986,-0.238153,-0.152540,-0.266977,0.265482,0.221569,-0.223333,0.006869
0.277660,-0.012677,0.000268,0.150595,0.099665,0.315640,0.029138,-0.026528,-0.110681,-0.055705,0.711392,-0.118665,-0.105396,-0.060549,0.197572,0.142015,0.236168,0.066948,0.288888,-0.189069
-0.180679,0.266915,-0.118074,0.036725,-0.009313,-0.051151,0.075364,-0.056579,0.036003,0.253381,-0.060521,0.321503,-0.010216,-0.083798,0.038660,-0.059994,0.441911,0.223450,0.028170,0.662180
0.073611,0.084575,-0.192842,0.022752,0.059497,0.039528,0.068186,0.150176,0.301973,-0.184428,0.729313,0.036643,0.191756,-0.239587,0.212822,-0.208881,-0.131512,-0.017339,0.237444,0.043641
-0.030750,0.046765,0.037785,0.014734,0.007661,0.000073,0.141850,0.008187,-0.026626,0.028731,0.973304,-0.026647,0.028256,0.041199,-0.030275,0.080248,0.044039,-0.050488,-0.098533,0.036894
-0.156903,0.465792,-0.182462,-0.017988,0.002943,-0.099068,0.048401,-0.084891,0.035443,0.415912,0.517653,-0.043626,-0.074832,-0.013957,0.248036,-0.043749,-0.056795,0.005672,0.106687,0.421251
0.273460,-0.101930,0.304113,0.421575,0.013894,0.091833,-0.323078,0.241240,0.043344,-0.148181,0.516775,-0.035775,0.053877,-0.065446,0.127907,-0.122097,0.176801,-0.107288,0.314354,-0.034686
0.003444,-0.016599,0.029760,-0.003942,0.001333,-0.014157,0.144455,-0.033384,0.024801,0.066108,0.972821,-0.032164,-0.034047,0.027688,-0.052286,0.066020,0.086218,-0.051470,-0.071482,0.003950
0.190263,-0.205591,-0.108812,0.168750,-0.211152,0.171715,-0.156488,-0.062219,-0.015147,0.115752,-0.111233,-0.239527,0.073945,-0.174715,0.305058,0.070360,-0.021822,-0.051974,0.701154,-0.258093
-0.125533,0.278080,0.533374,0.154824,0.196696,-0.160590,-0.095044,0.422630,0.010193,-0.159705,0.255077,0.216549,0.101973,0.124474,0.004289,0.015752,0.050632,0.327226,0.171766,0.208462
0.914788,-0.081022,-0.000299,-0.020279,0.074640,-0.013460,0.086581,-0.024706,0.067068,0.002848,0.060499,-0.033378,-0.058198,0.054035,0.260828,-0.097219,0.015873,-0.032594,0.187749,-0.112671
0.933939,0.060709,-0.021033,0.066740,0.059945,-0.032150,0.119591,-0.000338,0.058653,0.223487,0.016285,-0.116445,0.039011,-0.004195,-0.001864,0.093034,-0.051580,-0.049787,0.132092,-0.015807
0.290845,-0.086586,0.081646,0.465387,0.165626,0.084618,0.023988,0.101578,-0.221308,-0.414102,0.188003,-0.174469,-0.039054,-0.237477,0.461617,-0.070460,0.151954,0.105969,0.204960,-0.025104
-0.191461,0.118162,0.443276,0.262608,-0.143981,0.164611,0.393337,0.053531,0.022492,-0.375268,0.117627,0.196390,0.164408,-0.022787,0.084259,0.011862,0.184660,0.277704,0.249225,-0.276872
0.130884,0.008399,-0.155309,0.121552,0.103894,-0.030537,-0.218087,0.283805,0.069636,-0.018313,0.758678,0.097043,-0.089582,0.043934,0.355820,-0.145742,-0.069005,0.106371,-0.118792,0.160888
0.972587,0.025845,0.059851,0.081266,0.094672,0.062516,-0.021258,0.022075,-0.051686,0.053444,-0.116598,-0.037886,-0.050663,0.046243,-0.035627,-0.032731,0.007394,0.002413,0.038187,-0.016965
0.197720,-0.084745,0.198720,0.553606,0.006521,0.067228,-0.007651,-0.005110,0.080609,-0.248799,-0.175256,-0.105463,0.007774,0.266029,0.568913,0.069498,0.104192,0.134921,0.164811,-0.193202
0.012081,-0.000135,-0.041130,-0.051632,0.017200,-0.019510,0.035919,0.059705,-0.006005,0.064876,-0.002879,-0.006531,0.006530,-0.042338,-0.014129,-0.027147,0.990557,0.015288,-0.023119,0.030438
-0.293864,-0.002050,0.040871,0.293871,0.097239,-0.002681,0.093327,0.009401,0.249533,0.128871,0.694655,-0.039011,-0.046284,0.136507,0.329903,-0.015709,0.012801,-0.109169,0.314575,-0.059223
-0.115849,0.067065,-0.016536,-0.011070,0.054049,0.044023,0.023134,0.083807,0.026216,0.037043,0.977273,-0.030870,0.014472,-0.009413,0.020131,-0.015181,0.038072,0.057326,-0.023639,0.070449
0.251571,0.031400,0.005000,0.030636,-0.023463,0.164049,0.142599,0.035284,-0.018877,0.020430,0.751761,-0.137461,-0.158922,0.101269,0.332944,0.008578,-0.101916,-0.053072,0.372277,-0.051727
0.053051,-0.010876,-0.025235,0.085834,0.081588,-0.027707,0.054770,0.024111,0.051126,0.094976,0.070195,0.963821,-0.035907,-0.008919,0.017231,-0.070885,0.066361,0.054391,-0.019549,0.134576
0.085688,0.296244,-0.102436,0.421730,-0.049176,-0.119680,0.131008,0.454873,-0.122234,-0.124828,0.157607,0.183088,-0.044644,0.000702,0.439426,-0.124787,0.204795,0.250394,0.222187,0.148940
-0.235855,0.172015,0.453310,0.367067,-0.174603,0.086836,-0.053620,0.041061,0.238776,-0.306289,-0.007963,-0.051167,-0.056228,0.215381,0.318887,-0.075177,0.349187,0.313593,0.035380,-0.006546
-0.134322,0.199623,0.336792,0.207738,0.235685,-0.071092,0.256097,-0.233640,-0.046198,-0.207358,0.014212,0.337471,0.305884,-0.214803,-0.129182,-0.130077,0.390901,0.231536,0.245105,-0.075670
-0.117173,0.012194,0.068217,0.053366,0.022852,0.104256,-0.009708,-0.062928,-0.019906,0.056233,0.967674,-0.043101,0.028504,-0.008829,-0.053968,-0.015340,0.092839,-0.012478,-0.091364,-0.014339
-0.330328,0.059429,-0.267316,0.166864,0.070568,0.260187,-0.129266,0.351647,-0.066464,-0.192758,0.218898,0.223641,-0.040050,-0.249640,0.319632,-0.190032,0.385623,0.252494,-0.117413,-0.084006
-0.046652,0.017981,-0.033189,-0.005081,0.049707,0.030408,0.043486,0.080942,-0.036038,0.059692,-0.043552,0.005109,0.004559,-0.025325,-0.034554,-0.006710,0.987277,-0.020152,-0.026947,-0.000815
-0.186227,0.088720,0.005731,0.219925,-0.151424,0.027037,0.099249,0.128165,0.067153,-0.360867,0.250159,0.247098,0.025679,-0.245585,0.408445,-0.177055,0.322355,0.377417,0.184970,0.247029
0.972835,0.036108,0.096627,0.048444,0.058699,0.058884,0.044976,-0.052997,-0.000809,0.050439,-0.067895,-0.036031,-0.028253,0.007179,-0.046998,0.020454,0.126611,-0.029141,-0.001716,-0.006978
0.975281,0.009416,0.078297,-0.023516,0.011461,0.012293,0.062619,-0.060830,0.079595,0.073222,-0.044586,-0.003439,-0.047759,0.013089,-0.016065,0.007853,0.089615,-0.043659,-0.084438,0.024825
0.978530,0.084697,0.059268,0.023895,0.036525,0.018238,-0.003037,-0.045407,0.003734,0.085347,-0.047355,-0.071554,-0.030725,0.030368,-0.034758,-0.025195,0.079497,-0.023069,0.017046,0.044416
0.973791,0.030698,0.101598,0.038146,0.051738,0.012839,0.008289,-0.082438,0.029532,0.115500,-0.023113,-0.030697,0.004435,0.066307,-0.042902,0.018189,0.047579,-0.054864,0.027233,-0.031818
0.713570,0.043919,0.092984,0.186149,0.054752,0.051305,0.112620,0.067092,0.584884,0.191962,0.103675,-0.072383,0.011573,0.028464,0.035929,0.107692,-0.037378,-0.098608,-0.047602,-0.025106
-0.071084,-0.061826,0.186816,0.104121,-0.148301,0.262009,-0.047643,0.214467,0.212138,-0.200730,0.364768,0.160942,-0.049478,0.216575,0.481310,-0.185938,0.265433,0.274947,0.244365,-0.202168
-0.216906,0.191217,0.301844,0.244514,-0.219047,0.322982,-0.210242,-0.049594,-0.082136,-0.308967,-0.117889,0.090828,0.130725,-0.119843,0.289635,-0.071002,0.371224,0.308523,0.250304,-0.161706
0.977481,0.021804,0.012731,-0.015064,0.020376,-0.010543,0.083891,0.004542,0.116080,0.016739,-0.062189,-0.031664,-0.068917,-0.002088,0.036752,0.009884,0.027586,-0.018497,0.098053,0.023186
-0.160421,0.045848,0.019381,-0.062317,0.078948,-0.026488,-0.116085,0.895780,-0.086674,-0.068530,0.042089,0.167238,-0.075717,-0.122863,-0.062536,-0.098169,0.202725,0.036257,-0.160295,0.025308
0.033849,0.021158,-0.049732,0.350530,0.059691,0.265002,-0.195974,-0.346221,0.083532,-0.265119,0.556621,-0.134181,-0.053451,-0.022659,0.384654,0.079995,-0.031825,0.219415,-0.166980,-0.033687
-0.040974,-0.018187,-0.028681,-0.043821,0.008747,-0.025754,0.038545,0.023616,-0.012821,0.063147,0.069524,0.009973,-0.022054,-0.028781,-0.013781,-0.046056,0.963007,0.002275,-0.040120,0.225293
0.109383,-0.070467,0.006677,-0.009079,0.044245,-0.019745,0.111842,-0.023073,0.044154,0.038333,-0.168630,-0.041638,-0.042956,0.008216,-0.024501,0.075331,0.129414,-0.031336,0.952879,0.008286
-0.082192,-0.028886,-0.075466,-0.016305,-0.008297,-0.046911,-0.000118,0.021327,-0.004539,0.072339,0.379016,0.051171,-0.041154,-0.016368,-0.041175,-0.075419,-0.005521,0.006926,-0.101138,0.901414
0.786183,-0.013640,0.029425,-0.073451,0.000486,0.093254,-0.091807,-0.024435,0.339258,0.053155,-0.102628,-0.109671,0.010436,-0.046915,0.078176,0.050690,0.024721,-0.014315,0.436129,-0.123486
0.740039,0.043002,0.060469,-0.024315,0.009400,-0.006811,0.353299,0.004419,-0.026780,-0.074256,-0.139586,-0.102238,-0.021653,0.077155,-0.071304,0.336987,0.197872,0.032344,0.335434,-0.085565
0.258069,-0.089592,-0.030004,-0.045353,-0.019455,-0.027232,0.041708,-0.150636,0.070776,-0.063766,-0.083461,-0.126362,-0.038925,0.069850,-0.099559,0.256617,0.132668,0.029749,0.871823,-0.064322
-0.161651,-0.013419,0.122721,-0.045526,0.109700,-0.117970,-0.205633,0.696243,-0.236588,-0.137643,0.169316,0.346039,-0.165900,0.028252,0.122107,-0.162968,0.237086,0.096490,-0.202735,0.061835
0.193404,0.133095,0.021514,0.033512,0.006592,0.043211,-0.023220,-0.039633,0.044252,0.085199,0.952550,-0.011431,-0.045234,-0.019191,-0.019714,-0.047593,0.120596,-0.053440,-0.009480,0.004300
0.965640,0.010730,-0.026812,0.002130,0.011226,0.035650,0.082989,-0.054179,0.079303,0.066150,-0.016552,-0.088761,-0.036045,0.030402,0.074012,0.009706,0.056305,-0.085613,0.135097,-0.010869
-0.284800,0.251882,0.311163,0.359648,0.010513,0.014506,0.235946,0.083531,0.032932,0.094957,0.600831,0.257620,0.046980,-0.141522,0.097313,-0.191915,-0.059460,0.184885,-0.145213,-0.038707
0.985889,-0.028209,0.008318,-0.001232,0.037414,0.007431,0.028345,-0.001172,0.030960,0.047986,-0.032875,-0.061926,-0.051889,-0.003611,-0.060819,0.078342,0.045559,-0.027427,-0.035838,0.008052
0.032853,0.079835,0.202178,0.419326,-0.117215,0.156475,-0.264064,0.186509,0.070524,-0.004881,0.360367,-0.127360,0.298292,-0.052956,-0.391692,-0.011189,0.089460,0.372829,0.217183,-0.206186
-0.020415,-0.017171,0.098776,0.001284,0.016495,0.016786,0.110303,-0.030920,0.023334,0.008568,0.052389,-0.092310,-0.001818,0.049277,-0.022329,0.005284,0.068856,-0.048627,0.976249,-0.029055
0.158492,-0.102925,-0.049802,0.050804,0.035558,0.568388,0.057915,0.069853,0.283817,-0.337373,0.395984,0.008413,0.105082,-0.232833,0.182405,-0.246554,0.157352,0.188819,0.207064,-0.113204
0.940571,0.095288,0.075163,0.003225,0.000792,0.040986,0.069506,-0.082482,0.041132,0.137577,-0.202171,-0.042020,-0.052816,-0.013804,-0.031782,-0.041361,0.092120,-0.038562,-0.068554,0.060334
0.049733,0.119991,-0.108168,0.333561,-0.286658,0.168350,0.297820,0.107534,0.286377,0.101079,0.188802,0.123345,0.199848,0.201685,0.205993,-0.124947,-0.066786,0.332920,0.460481,-0.200753
0.348907,-0.208921,-0.005849,-0.078946,0.092735,-0.197455,0.012981,-0.193711,0.224228,0.192550,0.081895,-0.290185,0.156915,0.051143,0.305847,-0.026200,-0.154608,-0.109283,0.626904,-0.120327
-0.002527,0.037349,-0.029682,0.006194,0.030902,-0.008671,0.090082,-0.046013,0.036170,0.088074,0.854566,0.138097,-0.010532,0.021136,0.001484,0.016074,-0.051130,-0.045340,0.011696,0.471565
-0.086724,0.094161,-0.145948,0.036825,0.027763,-0.103740,0.049325,-0.054699,0.005670,0.198429,0.005007,0.013589,-0.058499,-0.030693,-0.022299,-0.049085,0.868314,-0.104698,-0.091033,0.351985
-0.143722,0.081132,0.067721,0.042799,0.020675,0.964445,0.009424,-0.064224,0.026170,0.004923,-0.003795,-0.007937,-0.015309,0.050043,-0.012126,0.074060,0.144675,-0.016803,-0.031026,-0.014675
0.197238,0.356319,0.034261,-0.040609,0.036976,0.148713,0.009236,-0.136876,0.279871,0.512475,0.402449,-0.268560,-0.032589,0.108234,0.354095,-0.056015,-0.196715,-0.112657,-0.134815,0.055678
-0.210240,0.192818,0.350237,-0.002608,0.063649,0.156438,-0.132870,-0.268243,-0.070429,-0.245734,-0.169492,0.281297,-0.138541,-0.173190,-0.097898,0.100332,0.528834,0.129374,-0.169398,0.332681
0.980457,0.052072,0.053621,0.040450,0.024279,-0.003615,-0.029259,-0.048594,0.072748,0.068049,0.058973,-0.070366,-0.015476,0.034278,0.062676,0.018510,-0.010150,-0.053104,0.015999,-0.021088
0.980855,0.024418,0.102699,0.001384,0.014092,0.016487,0.027593,-0.042051,0.006268,0.033411,-0.040404,-0.063874,-0.045159,0.039553,-0.032905,0.015117,0.098844,-0.022619,0.022472,0.034745
0.971113,0.029997,-0.043307,0.006185,-0.003942,-0.001216,0.165666,-0.023259,0.055888,0.014527,0.047630,-0.049667,-0.019544,0.058098,0.043392,-0.008329,0.027732,-0.082668,0.062150,-0.029632
-0.009158,0.074234,0.405102,0.052651,-0.129821,0.157342,0.184847,-0.137913,0.397476,-0.083458,0.508599,-0.160930,0.112669,-0.013962,0.251419,-0.195852,0.219904,0.233144,0.197920,-0.163884
