0.964372,0.074857,0.062055,0.025396,-0.015793,0.023696,0.117754,-0.042589,0.001046,0.134320,-0.084108,-0.017674,-0.032723,-0.043312,-0.016824,-0.030048,-0.007916,-0.013302,0.010874,0.116087
0.103595,-0.052246,0.440542,0.154055,0.044651,0.098836,-0.134502,-0.220723,0.373210,0.071521,-0.090695,-0.469767,-0.019097,0.240683,0.080204,0.117758,0.342037,-0.115199,-0.323122,0.059899
-0.141571,0.000628,0.035125,0.066864,-0.001210,-0.002562,0.081657,-0.147857,0.067990,0.062392,0.957212,0.003567,-0.030220,0.003881,-0.002278,0.078788,0.026089,0.003759,0.113123,0.017328
-0.082749,-0.142418,0.485466,0.361069,-0.029042,0.161727,-0.145671,0.166332,0.109872,-0.275559,0.504129,-0.076606,-0.082423,0.216538,0.196265,-0.022692,0.065379,0.139252,0.253815,0.045952
0.559296,-0.145101,0.051979,0.397883,0.092922,-0.053996,-0.069234,0.229257,0.316583,-0.120628,0.021439,-0.146195,0.026596,0.069908,0.408925,-0.200577,-0.121706,0.079642,-0.064569,0.247469
0.736337,0.031445,0.083149,0.091640,0.210727,-0.083178,0.050632,-0.165541,0.140416,-0.190167,-0.123272,-0.206781,0.251728,0.048303,0.165057,-0.088440,0.073382,0.340771,0.134382,0.077759
0.090362,-0.098446,-0.106072,0.268899,-0.004234,0.045949,0.213821,-0.121064,0.005979,-0.045149,-0.084257,-0.083885,0.012463,0.056972,-0.029725,0.129937,0.321919,0.073661,0.820547,0.127849
-0.057586,-0.001257,-0.049265,-0.049545,-0.014051,0.034374,-0.023765,0.031036,-0.019808,0.000530,0.237217,0.017340,-0.023043,0.014782,-0.041726,-0.034187,0.013736,0.000829,-0.052161,0.961956
0.981524,0.060875,0.025732,0.032262,0.024460,-0.033671,-0.006180,-0.012449,-0.001236,0.070437,-0.040901,-0.038600,0.000054,0.032361,0.003308,0.045814,0.022798,-0.013961,0.004940,0.131358
-0.253323,-0.106966,-0.217938,0.046486,-0.026052,0.160331,-0.005979,-0.268417,0.423025,-0.186229,0.068647,-0.357400,-0.222031,-0.213864,0.438888,-0.015275,0.016704,0.224829,0.297478,-0.054497
0.003177,0.035822,0.056566,0.039977,-0.008222,-0.015140,0.021987,-0.032064,-0.010216,-0.015091,0.025053,-0.027648,-0.035880,0.027866,-0.046310,-0.008979,0.992116,0.018200,0.038164,-0.002294
-0.486169,-0.074010,0.057062,0.135621,0.048949,0.119370,-0.076526,0.217433,-0.005333,0.547426,0.546787,0.154360,0.009401,-0.115065,-0.094680,-0.054519,0.002596,-0.029623,-0.049831,0.124878
-0.063293,0.026124,0.019219,-0.007407,0.011674,0.033538,0.987611,-0.014490,0.017564,-0.018226,0.013585,-0.058075,-0.036539,0.035867,-0.024304,-0.032897,0.059375,-0.020378,0.069211,-0.028604
0.182322,0.110017,0.014957,0.077638,0.058330,0.166203,0.087084,-0.031410,0.261260,0.145662,0.858296,-0.228152,-0.030343,0.033227,0.014311,0.013950,-0.102091,-0.016025,0.047477,0.123491
-0.074067,0.013214,0.042009,0.133685,0.030964,0.022971,-0.049124,-0.112623,0.023650,0.029192,-0.095024,-0.053832,-0.023191,0.006666,0.018871,0.086088,0.161647,0.034825,0.945529,0.122734
0.182534,-0.097256,-0.308862,0.339240,0.018749,0.252811,-0.140825,0.099342,-0.079263,-0.246760,0.080665,-0.197556,0.163349,-0.220255,0.498055,0.033689,-0.211813,0.272852,0.294610,0.097840
-0.050918,0.037766,-0.067211,-0.025403,0.028350,0.035595,-0.002332,0.023309,-0.036508,0.019860,0.329593,0.933233,-0.016779,-0.023309,-0.041480,-0.012623,0.037025,-0.002242,0.014999,0.051089
0.285969,-0.034814,0.124261,-0.045540,0.018193,-0.060191,0.172733,-0.136285,0.092051,-0.269301,-0.090824,-0.224555,0.195440,-0.005910,-0.115495,-0.009139,0.280717,-0.037088,0.755995,-0.064029
0.973367,0.006886,0.052694,0.036101,-0.003140,-0.014218,0.202312,0.020963,-0.019297,-0.013760,0.027527,-0.010602,-0.025743,-0.001275,-0.018862,-0.021229,0.052523,0.013322,0.012435,-0.029235
-0.181874,0.088348,0.020224,0.055627,0.072860,0.331296,-0.068155,0.012296,-0.059338,-0.001095,0.206056,-0.098085,-0.014112,0.072057,-0.031515,0.093801,0.817710,0.042275,-0.009877,0.307296
-0.013290,-0.037579,-0.014377,0.156344,0.081769,-0.034869,0.107427,0.131815,-0.006755,0.027475,-0.034755,0.923863,0.010350,-0.044089,0.058513,0.001412,0.059186,0.014336,0.018018,0.268144
0.245712,-0.035141,0.009052,0.008005,0.033338,-0.000258,0.111750,0.003458,0.950967,-0.051406,-0.043246,-0.038799,-0.073036,0.030423,-0.001710,-0.058618,0.043061,0.004339,0.047530,0.021142
0.114636,-0.062702,0.870908,0.188692,-0.067062,-0.017325,0.061633,-0.128411,0.076528,0.042695,0.110422,-0.165790,-0.054863,0.187961,0.087838,0.110461,0.168885,-0.039206,0.152661,-0.069109
-0.027767,0.015407,-0.124863,-0.018656,-0.027904,-0.011342,-0.002216,0.958240,-0.019658,0.087127,0.140713,0.045638,-0.041894,-0.054045,0.051535,-0.059353,0.117213,0.026966,-0.078564,0.050634
0.112287,-0.058008,-0.141532,-0.032100,0.037045,0.067879,0.126009,0.837563,-0.014692,0.069823,0.120386,0.373596,0.042862,0.056713,0.082839,-0.125432,0.025371,0.028890,0.002823,0.226500
0.125000,0.022714,0.024452,0.043255,-0.006413,-0.025448,0.071756,-0.018400,-0.011179,0.025031,0.984290,-0.016278,-0.046288,0.024383,-0.012766,0.042534,-0.014222,-0.007077,-0.000617,-0.020228
0.987862,-0.008298,0.051765,0.025305,0.011494,-0.035358,0.009969,-0.067389,0.016770,0.039759,0.013820,-0.031650,-0.057042,0.015538,-0.016729,0.031712,-0.038657,-0.027862,0.017886,-0.065510
0.944037,0.012765,0.055572,0.024404,0.039642,0.013790,0.202263,-0.029179,0.070625,0.007469,0.197188,-0.045996,-0.020899,0.013009,-0.095221,-0.022424,-0.043820,-0.006449,0.056791,0.004337
0.098351,0.075636,0.053035,0.242271,-0.057448,0.076321,0.082996,-0.030180,0.059757,-0.043852,0.193322,-0.058734,-0.061198,0.060621,-0.018416,0.129847,0.913375,-0.025995,0.007894,0.015692
-0.188312,0.239227,-0.181060,0.177804,-0.067404,0.580275,-0.244838,0.453829,-0.019509,-0.123317,-0.134890,0.106840,-0.074420,-0.136181,0.071042,-0.174919,0.074165,0.166450,-0.112025,0.291654
0.987331,0.033506,0.007410,-0.002926,0.039199,-0.020461,0.030135,-0.014603,-0.017844,0.052899,-0.043918,-0.036851,-0.013836,0.033884,-0.036700,-0.030571,-0.026611,-0.026341,0.037469,0.089916
0.960300,0.105729,0.052007,0.039922,0.016511,0.105173,-0.007929,-0.033776,-0.009741,0.018749,-0.141456,-0.044886,0.002791,-0.044420,-0.018305,0.014924,0.050126,0.006683,-0.069446,0.131982
0.348926,-0.063419,0.020729,0.047434,0.004165,0.038433,0.145223,-0.047764,0.002636,0.046789,-0.032217,-0.085612,-0.052694,0.032691,-0.006117,0.033547,0.311828,-0.004789,0.856278,0.025301
-0.115866,-0.045419,-0.073420,0.147121,0.049824,0.045315,-0.084425,-0.162699,0.052919,-0.096873,-0.066258,-0.138763,-0.023732,0.020688,0.013870,0.104404,-0.054225,0.068871,0.921988,0.116973
0.960471,-0.005783,0.015680,0.007694,0.072209,-0.047188,0.198423,-0.041359,0.021740,0.083984,-0.066058,0.004375,-0.043119,0.026204,-0.031111,-0.048737,0.076865,-0.010951,0.048190,0.049856
0.390082,0.062703,-0.003256,-0.011015,0.031963,-0.067125,0.074421,-0.065214,0.580093,0.074719,-0.027041,-0.064905,-0.034383,0.031860,0.681180,-0.015056,0.008760,-0.068378,0.101163,0.001468
0.978472,0.028007,0.057306,0.051513,0.011875,0.014026,0.088604,-0.105221,0.041674,0.039351,-0.005808,-0.050983,-0.043701,-0.016363,-0.041227,0.036356,0.066083,-0.025216,-0.021900,-0.003317
-0.034597,-0.020046,0.012547,0.028519,0.002028,0.055880,-0.028567,0.937368,-0.009074,0.026287,-0.006849,0.137109,-0.008473,-0.002466,0.031203,-0.021051,0.299721,0.006930,0.029972,0.054179
-0.036482,0.025077,0.110524,0.035924,0.084206,0.968891,0.053931,-0.010905,0.041758,0.025114,0.006229,-0.006686,-0.031128,0.104488,-0.029149,0.095646,0.084225,-0.048335,0.019124,0.039100
0.003011,0.010192,-0.005773,-0.030429,0.001553,0.025915,0.035197,0.046783,-0.004649,0.036714,0.058293,0.021716,0.004395,-0.005610,0.002443,0.011881,0.991621,0.001159,0.014173,0.076651
0.075818,-0.069031,0.263448,0.130884,0.052400,0.112653,0.047904,0.195512,0.331267,-0.045207,0.577743,-0.196839,0.032995,0.176176,0.131573,0.036838,0.070937,-0.079854,0.547722,-0.021859
-0.139125,0.050840,0.030670,0.140276,-0.079667,0.248689,-0.047651,0.627080,0.008183,0.196921,0.160831,0.482487,-0.007335,-0.022380,0.213981,0.013570,0.010789,0.012666,-0.066051,0.380888
0.361159,-0.247635,0.062111,0.385701,-0.011076,-0.034754,-0.143269,-0.271054,-0.084580,0.059642,0.413234,-0.427662,0.045972,0.015034,0.035306,0.022147,-0.106137,-0.038097,0.411713,-0.098093
0.982627,0.010191,0.003847,-0.020798,-0.006694,-0.018333,0.112618,-0.016449,-0.010482,-0.001597,-0.023545,-0.003702,-0.076075,0.000751,-0.012294,-0.025556,0.107867,0.013658,0.034776,0.015957
0.005385,0.013325,0.050440,0.021407,0.000706,0.010406,0.996597,-0.001126,-0.004734,-0.005881,0.003921,-0.014602,-0.017263,0.010908,-0.029455,-0.005539,0.040120,0.012777,0.005093,0.008706
0.799443,0.059747,0.013189,-0.020124,0.078483,-0.011383,-0.039089,-0.129928,-0.031143,0.164483,0.429294,-0.059521,0.103388,-0.039517,-0.011626,0.125756,0.113474,-0.004797,0.243728,0.125217
-0.045445,0.006282,-0.107418,-0.046951,-0.033951,0.007884,-0.037031,0.972894,-0.035784,0.020606,-0.061026,0.010863,-0.067689,-0.093743,-0.013169,-0.059771,0.072615,0.034996,-0.070011,-0.031321
-0.035987,0.001078,-0.037486,-0.036645,0.019668,0.057124,-0.010260,-0.087088,-0.033461,0.020805,-0.050462,-0.003258,0.001464,-0.028577,-0.021524,-0.014826,0.989344,-0.005529,-0.010976,-0.007253
-0.006619,0.026958,-0.000550,-0.023134,-0.017710,-0.000562,0.021851,-0.023505,0.990864,-0.005359,0.020823,-0.040188,-0.025072,0.009036,-0.037956,-0.009424,0.093483,-0.020077,0.039008,-0.023599
0.837168,-0.064540,-0.059178,0.080230,0.036285,0.036761,0.001980,-0.109873,0.119738,-0.134542,0.119207,-0.155510,0.382372,-0.072023,-0.127083,-0.079901,0.097356,0.115645,-0.045727,-0.024415
-0.012607,-0.006686,-0.019425,-0.027717,-0.000348,0.137048,0.022433,-0.023478,-0.013763,0.024270,0.033944,0.001981,-0.012285,-0.019702,-0.000761,-0.008235,0.983461,0.013648,-0.000113,0.094287
0.034800,0.024703,0.024854,0.720194,0.036719,0.026067,-0.070874,-0.127490,-0.014109,-0.057286,0.458319,-0.118341,0.130938,0.107674,-0.022411,0.306049,0.223558,0.165156,0.164299,-0.029685
0.070580,0.001308,-0.027032,0.015321,0.052051,0.092964,0.116185,0.960101,-0.025322,0.052912,0.000060,-0.072484,0.025596,0.008232,-0.025966,-0.076801,0.019039,0.036902,0.007346,0.172160
0.261530,0.002886,0.005252,-0.002822,0.069463,0.076773,-0.037865,0.032327,0.933926,-0.059196,-0.073867,-0.139447,-0.001375,0.011021,0.021356,0.078880,0.063863,0.049932,0.015589,0.064181
-0.242876,-0.234376,0.306576,0.292359,0.205981,-0.209584,-0.240431,-0.148585,0.124007,0.366447,0.107308,-0.419754,0.049632,-0.099834,-0.093930,-0.134837,0.278139,-0.231238,-0.122950,-0.132760
-0.069843,-0.035206,-0.195169,0.054585,-0.204587,0.305165,0.044279,-0.243345,0.311970,0.353774,-0.098429,-0.327416,-0.168782,0.093305,0.324811,-0.124897,0.204489,0.127897,0.437563,-0.096709
-0.248628,0.018537,0.201812,-0.004851,-0.016387,-0.177381,-0.209028,-0.251949,0.458119,0.063328,0.202967,-0.327943,0.110718,-0.024631,0.495403,-0.083409,-0.280428,-0.170877,-0.135558,0.064024
0.682040,-0.048648,0.206674,0.480623,0.023502,-0.041382,-0.104954,-0.215176,0.039206,-0.103138,-0.056758,-0.174624,-0.098751,0.279008,-0.006669,0.124072,-0.044019,0.119215,0.179641,-0.042608
0.993101,0.010106,0.024364,-0.010825,-0.017484,0.007361,0.016440,0.014367,0.030293,-0.020230,0.017403,-0.037160,-0.029016,0.012214,0.008837,-0.024488,0.068679,0.013723,0.042130,-0.027221
-0.070935,0.184091,0.041528,0.316242,-0.072066,0.126319,-0.122839,0.431118,0.145143,-0.101181,0.172098,0.011518,0.110622,0.093870,0.412450,-0.062455,0.369974,0.250106,0.204552,0.373964
-0.015019,0.000701,-0.029563,-0.033480,0.027495,0.050281,-0.012527,0.898323,-0.016547,0.052746,-0.040508,-0.031745,0.004786,-0.040344,-0.024752,-0.001345,0.422778,-0.000305,0.000393,0.025364
-0.046779,0.053079,0.013118,0.012682,0.017639,-0.032809,0.057917,-0.040512,0.096693,0.131783,0.957770,-0.019875,0.028009,0.058188,-0.015340,0.037487,0.008588,-0.035093,0.183239,0.056138
-0.003327,-0.143044,-0.246963,-0.101704,0.051280,0.384437,-0.326150,-0.218825,0.456385,0.115316,0.328030,-0.316317,0.229588,0.160850,0.124983,0.111405,0.214880,-0.061139,0.096251,-0.092071
-0.103004,-0.211974,0.287096,0.133929,0.181021,0.188620,-0.345501,0.443456,0.189033,-0.220652,-0.137972,0.010487,-0.082134,-0.038099,-0.182095,-0.269036,0.406889,0.184390,-0.059462,-0.198312
0.781567,-0.005398,0.026899,0.140417,0.036031,-0.056471,-0.162148,0.032639,-0.019558,-0.047497,0.351462,-0.046541,-0.008457,-0.013170,0.149260,0.315967,0.255109,0.028968,-0.137873,-0.034948
-0.254811,0.127403,-0.174745,0.060881,-0.009252,0.044767,0.048712,0.280174,0.089586,0.260634,0.002736,0.086801,0.045361,-0.081181,0.075177,-0.076463,0.383725,0.501907,0.035456,0.545510
0.096910,0.039474,-0.150118,0.109818,0.049378,0.129029,-0.213454,0.350939,0.319259,-0.248030,0.412290,-0.086746,0.264566,-0.195252,0.404882,-0.093484,-0.120638,0.061649,0.298389,0.193694
0.981324,0.033832,0.025793,0.008937,0.011506,-0.026904,0.054394,-0.047921,0.028004,0.104376,-0.108915,-0.023686,0.026355,0.018321,-0.004494,-0.011405,0.002180,-0.047023,0.035917,0.014642
-0.281919,0.423595,-0.145171,0.036653,0.045869,0.108552,0.076933,-0.194813,0.062219,0.419349,0.286738,-0.169094,0.002186,0.047196,0.484209,-0.088788,-0.026695,-0.115279,0.128632,0.308630
0.044220,0.004067,0.270786,0.315498,0.063806,0.144697,-0.383086,0.169330,0.204725,-0.158527,0.529638,-0.146420,0.016608,-0.026154,0.151947,-0.003352,0.281867,-0.115821,0.316372,-0.196764
0.994696,0.015110,0.020662,-0.003629,-0.004917,-0.012137,0.033045,-0.048793,-0.007357,0.035017,-0.024768,-0.030102,-0.031879,0.024853,-0.012869,0.005182,0.024239,-0.019745,0.022903,-0.011792
0.219051,-0.013672,-0.119476,0.258945,-0.215716,-0.205644,-0.199453,-0.197570,0.317548,0.090394,0.202908,-0.323933,0.112792,0.162327,0.320251,-0.083135,0.093116,0.011114,0.519785,-0.142261
-0.131119,0.136476,0.163688,0.234599,-0.013019,-0.151288,-0.241498,0.626908,0.200712,-0.159084,0.001016,-0.037169,-0.014697,0.115256,0.094911,0.025624,0.109325,0.155373,0.274991,0.453990
-0.135307,-0.046723,-0.037080,0.033846,0.096125,0.050967,0.262501,-0.077766,0.758753,-0.095086,0.492132,-0.114249,-0.032589,0.043142,-0.121784,-0.059067,0.060797,-0.029485,0.153934,-0.026420
-0.206218,-0.072483,-0.012718,0.112989,0.081042,-0.041077,0.063142,-0.102436,0.124862,-0.028618,0.899220,-0.230685,0.052240,0.035328,-0.011264,0.129318,-0.001517,-0.015417,0.054386,0.119628
0.237061,-0.108961,0.168476,0.378328,0.281495,0.325455,0.022877,0.260734,0.115701,-0.359662,0.101624,-0.302080,-0.074250,-0.294466,0.058932,-0.096327,0.167582,0.280276,0.201858,0.100320
-0.069361,-0.045208,0.287143,0.353853,-0.241506,0.146592,0.054298,0.290325,0.269027,-0.327516,0.012888,0.009151,0.207446,-0.052154,-0.045138,-0.007768,0.409477,0.287945,0.334807,-0.167355
0.034223,-0.092697,-0.143015,0.396113,0.110311,0.195414,-0.254667,0.339658,0.185295,-0.169303,0.506811,-0.116588,0.003553,-0.041478,0.455745,0.010255,-0.118093,0.071192,-0.126360,0.065794
-0.236022,0.086731,0.066254,0.045705,0.065715,0.007408,0.258629,-0.111801,0.024438,0.029123,0.853746,-0.083108,0.000982,-0.050761,-0.035560,0.078233,0.207044,0.004970,0.225482,0.074833
0.161617,-0.096813,0.193666,0.400840,-0.007724,0.315179,0.448834,-0.115294,0.232068,-0.265005,0.209385,-0.260465,0.040060,0.120407,0.176062,0.354463,0.089227,0.155973,0.017134,-0.105320
-0.008730,0.003271,-0.043728,-0.035636,-0.001645,0.128038,0.020994,0.969345,-0.012918,0.049231,0.080886,0.011864,-0.004838,-0.027691,0.002417,-0.050037,-0.122945,0.013146,-0.030643,0.107065
0.867665,0.015304,-0.029452,0.056527,0.060221,-0.031625,0.065875,-0.102161,0.443855,0.034986,-0.065616,-0.012423,-0.023398,0.028409,-0.044480,0.001568,0.023313,-0.061446,0.110630,-0.029542
-0.083093,0.036143,-0.047830,-0.024744,0.031798,0.110809,0.006713,-0.191425,-0.045124,0.031093,-0.067938,0.952951,-0.010502,-0.031322,-0.010651,-0.018155,0.143593,-0.019908,0.019424,-0.015793
0.284105,-0.066150,0.098155,0.063484,-0.012459,0.144216,0.248974,-0.103166,0.466242,-0.186474,-0.011611,-0.305833,0.026673,-0.037347,0.450883,-0.064295,0.002645,0.022989,0.500061,0.041276
0.058126,-0.007986,0.017001,0.075805,0.048191,0.011450,0.086121,-0.054248,-0.009728,0.082086,-0.013244,0.954584,0.004185,-0.011387,0.056847,-0.053367,0.186036,0.023409,-0.004880,0.134396
-0.165914,-0.131807,-0.213251,0.345826,-0.091246,0.160080,-0.046036,0.349179,0.082824,-0.280476,0.378349,-0.091076,0.028271,0.120648,0.479494,-0.069114,0.166547,0.159854,0.082625,0.291374
-0.177790,-0.031981,0.373641,0.279833,-0.224050,0.166744,-0.223964,0.047509,0.225739,-0.229991,-0.175787,-0.268063,0.221046,-0.037472,0.350789,-0.000250,0.237579,0.299604,-0.072015,0.296160
-0.165916,0.138464,0.289509,0.277763,0.153444,0.189860,0.085313,0.226025,0.221373,-0.062955,-0.065464,-0.102566,0.344604,-0.237454,-0.288319,-0.168556,0.407987,0.299923,0.249217,0.037526
0.980376,0.085787,0.051387,-0.001155,0.034948,0.017201,-0.071330,0.014066,-0.022943,0.012106,-0.043521,-0.065637,-0.022773,0.042261,-0.051252,0.023967,0.076450,-0.032551,0.001793,0.052628
-0.276382,0.136189,-0.257986,0.209247,-0.147507,0.362893,-0.157790,0.404827,-0.136433,-0.222932,0.194843,-0.018905,0.032928,-0.238555,0.356873,-0.144208,0.213022,0.278522,-0.115993,0.057482
-0.014317,-0.020704,-0.069210,-0.031267,0.014618,0.064101,-0.017368,0.988309,-0.023198,0.025853,-0.016796,0.064583,0.011185,-0.026938,-0.004919,0.011063,0.066035,-0.023903,-0.021490,0.013000
-0.258988,0.013191,-0.190662,0.277526,-0.041290,0.206475,0.013435,0.327946,0.196234,-0.288194,0.006075,0.155057,0.068179,-0.273271,0.386946,-0.129204,0.250048,0.376090,0.167112,0.209832
-0.060901,0.088643,0.038760,-0.003176,0.061807,0.056720,-0.022629,-0.008299,0.012308,0.026867,0.974451,-0.061876,-0.017614,0.077357,-0.016725,-0.001284,-0.017233,-0.027706,-0.034480,0.127347
0.043344,0.057420,0.060871,-0.017243,-0.005532,0.100673,0.100184,-0.079012,0.045989,0.058147,0.975798,-0.002896,-0.001873,0.018905,0.000358,0.043578,0.063532,0.007375,0.018413,-0.000789
-0.103218,0.073136,0.050495,0.052874,0.012770,0.051264,-0.001558,-0.020508,0.034875,0.047885,-0.098275,-0.056265,-0.006782,0.005506,-0.010019,0.016489,0.971979,-0.004143,-0.004974,0.117779
0.065872,0.093853,0.070427,-0.020301,0.035880,-0.014462,0.019997,-0.071617,0.021361,0.060074,0.975508,-0.051206,-0.034962,0.037160,-0.026932,-0.013506,0.079552,-0.071848,-0.026386,-0.021297
0.968951,0.034446,0.058646,0.028437,0.037423,0.005658,0.095167,-0.061743,0.049269,0.030271,0.056013,-0.084052,0.026252,-0.002617,-0.035102,0.128942,0.030211,-0.041078,-0.067498,0.046272
-0.018174,-0.226165,0.300129,0.296468,-0.228790,0.215861,-0.197626,0.152602,0.249993,-0.222087,0.156016,-0.104785,0.185478,-0.158844,0.379854,-0.150505,0.276291,0.271942,0.257734,-0.137239
-0.182798,0.252233,0.278718,0.269432,-0.150579,0.276314,-0.294427,-0.015158,0.147531,-0.243564,0.002605,-0.077560,0.307879,-0.164510,-0.021653,-0.006413,0.345072,0.319006,0.311206,0.198954
-0.016344,0.008672,0.075462,-0.002102,0.030593,0.004430,0.979522,-0.039423,0.003576,-0.001559,-0.015449,-0.014363,-0.035370,0.008481,-0.018041,-0.004768,0.154588,0.008799,0.046353,0.061079
-0.086500,0.008649,0.015467,0.056020,-0.007961,0.219988,-0.148777,0.882203,-0.046521,-0.120649,-0.098738,0.050650,-0.079858,-0.025326,0.247778,-0.085842,0.090630,0.110153,-0.122084,-0.011064
0.354725,-0.000514,-0.020854,0.233331,0.083888,0.422311,-0.175335,-0.271642,0.459055,-0.120526,0.220139,-0.148758,-0.066185,-0.046174,0.155330,0.207285,-0.196749,-0.061092,0.087484,0.331400
-0.059803,-0.016415,-0.035294,-0.057114,-0.011721,0.003619,0.025811,0.988176,0.008577,0.028117,-0.009684,0.007416,-0.016817,0.000581,-0.013006,-0.057241,0.082672,-0.002079,-0.026578,0.045295
0.157088,-0.045506,-0.024765,-0.020140,0.013438,-0.058201,0.132200,-0.031877,-0.044810,0.037177,0.968113,0.046970,-0.028469,0.032066,-0.016124,-0.012245,0.051195,-0.012058,-0.046735,0.011636
-0.040165,-0.026737,-0.072466,-0.061004,-0.023772,0.085368,0.008704,0.024546,-0.004273,0.030976,0.075269,-0.043839,-0.055979,-0.037964,-0.026583,-0.094272,0.977040,0.007242,-0.045128,-0.027176
0.297400,-0.013850,-0.001509,-0.111677,0.007130,0.158520,0.034751,-0.030596,-0.088338,0.063471,-0.074507,-0.157216,0.061855,-0.101729,0.028977,0.073358,0.874316,0.017110,0.202682,-0.057162
0.963787,-0.013364,0.035288,-0.017549,0.011518,0.003548,0.105566,0.000316,-0.022904,0.029659,-0.008587,-0.093739,-0.045924,0.079998,-0.026227,0.175488,-0.013344,-0.032893,0.064234,-0.049487
0.048570,-0.087190,-0.113050,0.000458,0.037334,-0.045779,0.134931,-0.204320,0.030178,-0.033410,-0.129109,-0.104496,0.012390,0.091792,-0.085559,0.200976,-0.014288,0.102089,0.904001,-0.008016
-0.094726,-0.028952,-0.022203,0.198563,-0.026855,0.140928,-0.263540,0.748289,-0.216121,-0.154461,-0.128258,0.192615,-0.182461,0.026822,0.301349,-0.004984,0.199046,-0.024943,-0.088236,0.057495
0.983103,0.078230,0.041921,0.073612,0.024922,-0.009016,-0.051347,-0.029452,0.015516,0.030366,-0.041152,-0.032999,-0.016618,0.005105,-0.029991,-0.011728,0.059382,-0.027745,0.031840,0.073570
0.930979,0.046681,0.267079,-0.018605,0.087726,0.126405,0.106824,-0.061695,-0.013591,0.053477,0.049153,-0.041687,-0.025165,0.044337,-0.050119,-0.056704,0.001436,-0.041534,0.044594,0.035922
-0.309068,-0.031043,0.132557,0.485098,0.030711,0.025700,-0.022664,0.470005,-0.042236,0.089303,-0.021727,0.473520,0.082544,-0.212163,0.307189,-0.145548,-0.068914,0.093433,-0.103427,0.039959
0.013565,0.014203,0.006215,-0.025812,0.001713,0.015853,0.096059,-0.018779,-0.009770,0.053635,0.982682,-0.016749,-0.029145,-0.019217,-0.056138,0.015167,0.121093,0.010241,0.024659,0.013483
0.329587,0.071108,-0.177872,0.360503,-0.090171,0.403423,-0.310200,0.026072,-0.115992,-0.174548,0.281375,-0.176576,0.312227,0.006963,0.209899,0.014609,0.150216,0.269167,0.207336,-0.151161
0.979054,-0.017686,0.020349,0.058651,0.025794,0.000471,0.081282,-0.079130,-0.013547,0.035066,0.096855,-0.000265,-0.027418,0.073896,-0.007706,-0.000803,0.051709,0.003206,0.063014,0.005631
0.385485,-0.080942,-0.085452,0.062472,-0.010915,0.636025,-0.125976,-0.199518,0.170666,-0.094960,0.067242,-0.137336,0.063811,-0.138894,0.197424,-0.094649,0.370522,0.031384,0.315979,0.048802
0.976448,0.037792,0.060023,0.082555,0.036281,0.036030,0.010114,-0.073438,0.027070,0.056822,-0.012758,-0.025027,-0.038530,-0.000498,0.001272,-0.016722,0.015750,-0.038971,0.083054,0.106829
0.091584,-0.030970,-0.077986,0.341178,-0.172201,0.268506,0.232828,0.146649,0.392628,0.005639,0.025380,0.037079,0.223261,-0.119018,0.315155,-0.159122,0.140757,0.461482,0.331612,-0.055676
0.362379,-0.203309,0.090718,0.287611,0.154172,-0.198603,0.027695,-0.114924,0.322109,-0.034264,-0.124947,-0.487324,0.232993,0.206726,0.076248,-0.029677,0.267247,-0.138462,0.285740,-0.158836
-0.004169,0.003595,-0.047438,-0.050386,0.022165,-0.018291,0.085280,0.437387,0.000426,0.082613,0.009023,0.759877,-0.008424,-0.012484,-0.022951,-0.015787,0.454989,-0.013568,0.032607,0.046806
-0.066633,0.334665,-0.149047,-0.040432,0.015084,-0.006425,-0.000765,0.185137,0.002329,0.122074,0.187964,0.112215,-0.030727,-0.021188,0.060255,-0.058477,0.858105,0.103463,-0.045629,0.068992
-0.038467,0.056473,-0.000847,0.032130,0.001003,-0.028297,-0.020942,-0.044559,0.000834,-0.000782,0.985626,-0.072710,0.012639,0.029079,-0.052471,0.012319,0.099396,-0.019357,0.010995,0.006334
-0.011852,0.077985,0.122501,0.170803,0.096217,0.278440,-0.156711,-0.150610,0.290126,0.595190,0.165444,-0.453385,0.257825,-0.126970,0.006211,-0.062413,0.143831,-0.016927,-0.046911,0.185774
-0.216130,0.308079,0.060767,-0.020031,-0.123443,0.416910,-0.134917,-0.013071,0.087124,-0.245508,-0.137984,0.118444,-0.047507,-0.223403,-0.003332,0.077811,0.540367,0.278499,-0.097795,0.329499
0.969451,0.062387,0.000433,0.019947,0.092847,-0.010554,0.092605,-0.030894,0.009164,0.044288,-0.025141,-0.052998,-0.049045,0.093954,-0.054827,-0.027228,0.006501,-0.059123,0.010736,0.116157
-0.116798,0.002573,0.067936,0.078250,0.032781,0.060058,0.052328,-0.060198,0.061752,0.013419,-0.093030,-0.082981,-0.029669,0.005105,-0.000893,0.083877,-0.058453,-0.000148,0.961347,0.097409
0.307116,0.019666,0.000281,-0.012599,0.014331,0.042957,0.132602,-0.038325,-0.029472,0.015616,0.039555,-0.024187,-0.032071,0.047358,-0.049961,-0.048569,0.931021,-0.030551,0.053641,-0.045075
0.045714,0.071318,0.527579,0.293785,-0.141750,0.269722,0.217059,0.050729,0.258868,-0.116844,0.286971,-0.139053,-0.133026,-0.083918,0.125314,0.107286,0.314424,0.277428,0.216638,0.169047
