0.981645,0.091967,0.027912,0.002989,0.009071,0.046875,-0.021151,-0.005082,0.004385,0.066890,0.013987,-0.052359,-0.071621,0.040677,-0.006677,0.053290,0.055522,0.001600,-0.063957,-0.010000
0.292881,-0.033961,-0.021990,0.122023,-0.080898,0.000959,-0.199483,0.006344,0.020772,0.177404,0.700995,-0.201788,-0.055281,0.170404,0.249462,-0.077345,-0.157889,-0.195278,0.310014,-0.166797
0.583833,0.022226,0.046816,0.007864,-0.048647,0.068793,-0.052190,-0.018210,0.055848,-0.039138,0.056359,-0.096106,-0.034283,0.053472,-0.025055,-0.029318,0.025385,0.027551,0.783690,-0.089884
0.016793,0.376142,0.387094,0.237137,0.063200,0.195650,0.137228,0.316494,0.106816,-0.098430,0.093170,-0.044141,0.015372,0.263796,-0.231650,-0.227863,-0.006194,0.411546,0.313236,-0.127379
-0.078641,-0.070746,0.034698,-0.030532,-0.100105,-0.299413,-0.090612,-0.065013,0.143923,0.077750,0.791434,-0.114813,-0.129149,0.167431,0.253277,0.106513,-0.127456,0.149985,0.208557,0.076268
-0.347561,0.029063,-0.005297,0.278663,0.244070,-0.214528,0.120732,0.042305,-0.021630,-0.211545,-0.177613,-0.008962,0.248116,0.310625,0.269774,0.228694,0.080348,0.332792,0.435553,-0.108765
0.897036,-0.005033,-0.033825,-0.025902,-0.069320,0.037211,0.286050,0.013372,0.009125,-0.103144,0.125239,-0.119905,0.095570,0.143500,-0.032466,0.008332,-0.029022,0.091298,-0.050290,-0.148168
-0.078072,-0.065480,-0.041288,-0.020445,0.020829,-0.064268,0.019534,-0.017272,-0.027894,0.007610,-0.092708,0.034994,-0.009981,-0.052601,-0.048420,0.133154,0.037751,-0.029982,-0.089626,0.968657
0.980855,0.003280,0.067942,0.081140,0.004088,0.043603,-0.003284,-0.044841,-0.001206,-0.010529,-0.106226,-0.048141,-0.047139,0.055537,-0.005935,0.053290,0.025373,-0.011160,0.003367,0.009924
-0.072531,-0.286790,-0.286017,-0.211212,0.100834,0.188672,0.262996,-0.094033,-0.149546,0.128880,0.410611,-0.101951,0.156611,0.172272,0.271930,-0.160605,-0.139546,0.314767,0.410283,-0.059186
0.965248,0.032220,-0.007966,0.035140,0.007819,0.018917,0.017777,-0.006628,0.169452,-0.022642,0.049639,-0.061157,-0.036970,0.054190,0.144203,-0.019803,0.006229,-0.045386,0.045291,-0.010465
-0.076430,0.263088,0.016372,-0.149321,0.082405,-0.072845,0.224793,-0.076882,0.025095,0.136872,0.151502,0.148969,-0.086545,-0.209149,0.046157,-0.037129,0.111516,0.041295,-0.086799,0.832414
-0.021217,0.016909,0.006926,0.016647,-0.041610,-0.013818,0.038240,-0.038502,-0.000227,-0.018355,0.117310,-0.065684,0.019942,0.034174,0.980582,0.005673,0.011906,-0.032905,0.055295,-0.090768
0.744228,0.223550,0.138378,0.151464,0.045676,-0.029352,0.013181,0.031042,0.041133,0.165145,0.540647,0.012513,-0.049053,0.092126,-0.035452,-0.050855,-0.037816,-0.034691,-0.058825,0.087888
-0.031692,0.040024,0.029987,0.056413,-0.025921,0.085973,-0.024157,-0.003167,0.090904,0.052620,0.920987,-0.108240,-0.048545,0.027094,0.076020,-0.015330,0.114942,-0.009979,0.295454,-0.063094
0.123727,-0.109624,0.069285,0.258793,-0.088886,0.063718,0.192801,-0.218657,-0.224527,-0.083841,-0.051141,-0.233230,0.331073,0.264877,-0.046652,0.096383,-0.172961,0.501263,0.381238,-0.267852
-0.088396,0.075432,0.013294,0.019041,0.067244,0.015596,0.009449,-0.003802,-0.060865,0.969610,0.154268,0.074076,-0.033609,0.006411,-0.045291,0.055743,0.011605,-0.031677,-0.008610,0.020291
0.393521,-0.078615,0.153490,-0.068755,-0.020080,0.031127,0.069784,-0.010692,0.271602,-0.253676,-0.105953,-0.218084,-0.036118,0.308555,0.469813,-0.248502,-0.133491,0.015129,0.418817,-0.186996
0.063420,0.000090,0.013689,0.033719,0.008992,0.025338,-0.000778,0.000584,-0.006141,0.021297,0.042813,-0.018665,0.008649,0.039068,0.992499,-0.023767,0.017436,-0.030991,0.052512,0.003832
0.922633,-0.064577,0.052258,0.056252,-0.007343,0.028298,-0.060734,0.054562,-0.026441,0.050053,0.329032,-0.063231,0.025023,0.008414,-0.034332,-0.091118,0.012186,0.022890,0.003331,-0.069551
-0.002252,0.085065,0.002409,0.101955,0.084346,0.007961,0.076544,-0.046399,-0.011029,0.016862,0.061467,0.951558,-0.038497,0.056119,0.055201,-0.055209,0.135253,0.009250,-0.033354,0.165237
0.024127,0.074654,0.011027,0.056806,0.030309,-0.004049,0.025111,0.000322,0.012825,0.290648,0.279603,-0.008766,0.031979,0.503136,0.734030,-0.071390,0.016683,-0.023456,0.164558,-0.007828
0.093716,0.084105,0.807292,0.104028,0.013864,0.060945,0.003140,0.050935,0.164040,0.039343,0.009881,-0.172104,-0.080023,0.321998,0.326945,0.020348,0.107943,0.129909,0.042427,-0.095887
-0.044973,-0.046448,-0.120330,-0.026683,0.041531,-0.115348,0.081325,-0.047758,0.008605,0.018333,0.088197,0.114163,-0.003347,-0.042276,-0.047184,0.004583,0.956206,-0.031620,-0.113696,-0.056383
0.005443,-0.077258,-0.126331,-0.014316,0.088826,-0.019845,0.052006,0.087017,0.003363,0.707376,0.052627,0.213820,0.039138,0.019335,0.141529,0.083378,0.210450,-0.076364,-0.059566,0.572573
0.074273,0.077258,0.121594,0.046653,0.028800,0.037352,0.092507,0.036705,-0.012480,0.002480,-0.198639,-0.042098,-0.025345,0.015766,-0.052760,0.047789,0.082617,-0.051423,0.949864,-0.019045
0.015512,0.023813,0.103181,0.077449,0.031886,0.078664,0.057550,0.053305,0.030664,0.015391,0.031038,-0.044636,-0.006204,0.022721,-0.028700,0.045022,0.090505,-0.034087,0.973386,-0.069415
0.926095,0.157098,0.031590,0.031865,0.083615,-0.079300,0.028105,-0.026658,0.017089,0.098143,-0.055484,0.022474,0.093991,0.210424,0.141537,-0.021174,0.058125,-0.083636,-0.010426,0.057369
0.793675,0.086680,0.048287,0.149498,-0.000823,0.008948,0.156778,0.184638,0.142649,-0.071327,-0.231959,-0.120111,0.072621,0.244608,0.028267,-0.063265,-0.004982,0.104547,0.289140,-0.144920
-0.260442,0.021088,-0.190348,-0.075077,0.070728,0.060663,0.165646,-0.104294,-0.027967,-0.159286,-0.183407,0.282453,0.166428,0.073287,-0.264108,0.182202,0.663696,-0.113605,-0.219765,0.256068
0.989530,0.009204,0.032394,0.056648,0.021581,0.031536,0.047674,0.027799,0.007561,0.055402,-0.028599,-0.023068,-0.018986,0.057877,0.010057,-0.000473,0.039643,-0.043126,-0.012655,-0.010050
0.094366,0.121358,0.072414,0.010174,-0.023005,0.189909,-0.027411,-0.030835,0.051123,0.049682,0.478142,-0.118719,-0.044261,-0.025674,-0.111438,-0.029663,0.080292,0.012835,0.813431,-0.027005
0.095741,0.040821,0.037489,0.009006,-0.005481,0.034325,0.116617,0.002542,0.136723,0.046388,-0.116752,-0.058356,-0.042931,0.418618,-0.033447,0.029136,0.079180,-0.041404,0.863969,-0.038832
0.295382,-0.022150,-0.016345,-0.058941,-0.054556,0.052762,0.135840,-0.010115,0.096600,0.016325,0.306414,-0.120381,-0.060367,0.007852,-0.098398,-0.078669,-0.043729,-0.008211,0.857906,-0.093083
-0.050743,-0.009964,0.008339,-0.058367,0.048275,-0.034159,0.177570,0.075622,-0.082411,0.003457,0.937575,-0.028872,-0.041054,0.030441,0.025395,0.116725,0.153437,-0.041831,-0.149697,0.042845
0.619457,0.106149,0.011742,0.038063,0.027491,-0.015113,0.016868,-0.023906,0.005771,-0.027684,-0.134656,0.015801,-0.052687,0.073756,0.751404,-0.012671,0.021937,-0.073671,0.037604,-0.045716
0.983204,0.044248,0.047016,-0.069287,-0.014098,-0.034367,-0.031230,-0.039309,0.031129,0.039944,0.029683,-0.076858,-0.042681,0.025976,-0.027081,-0.027945,0.065223,-0.035094,-0.001751,-0.039851
-0.071907,0.053945,0.063684,0.064064,0.025452,-0.004620,0.152044,-0.016232,0.055563,-0.040770,0.960532,0.130724,0.000165,0.032183,0.024071,-0.002648,-0.063221,0.035134,-0.011969,-0.090848
-0.003309,-0.003982,0.078448,0.065960,0.002809,-0.036488,0.049864,-0.001315,0.014419,0.034699,0.979420,-0.002844,-0.002281,0.079294,0.045077,0.041006,0.022182,-0.021664,0.018872,-0.116764
-0.008101,-0.032709,-0.012082,-0.031783,0.020306,-0.032340,0.024821,0.000007,-0.001602,0.009549,-0.039949,0.019830,-0.008073,-0.015672,-0.014325,0.981051,0.078894,-0.004161,-0.038652,0.151125
-0.066412,0.174462,-0.034022,0.058304,0.025517,0.093525,-0.067332,0.009011,0.086256,0.173615,0.253716,-0.166926,-0.065880,0.796068,0.137957,-0.107671,-0.094585,0.286266,0.178821,-0.158757
-0.123539,0.325034,-0.055727,0.063250,-0.038475,-0.046468,0.013325,-0.123923,0.037485,-0.004734,0.026952,0.260585,-0.040568,0.017141,0.066425,-0.012883,0.574851,0.012934,-0.117268,0.657162
0.451121,-0.133250,0.055873,0.106478,0.065871,-0.001297,0.076942,-0.027817,0.195214,-0.041323,0.784599,-0.016559,-0.032070,0.119698,0.139499,-0.161638,-0.138461,-0.037577,-0.080861,-0.097410
0.044117,0.031894,0.023152,0.041005,0.013948,0.010919,-0.002181,0.011151,0.011560,0.047368,0.970522,-0.027001,-0.031418,0.168191,0.123883,-0.017918,0.021195,-0.059557,0.019864,0.004809
0.040780,0.008414,0.026065,0.029279,0.010742,0.026848,0.000951,-0.002431,0.992927,0.022688,0.027100,-0.037845,-0.006663,0.042258,0.039154,-0.012586,0.027477,-0.038038,0.034688,-0.019327
0.029955,0.046236,0.135330,0.070707,0.023548,0.104676,0.023118,-0.123797,0.027597,0.102905,0.950752,-0.076168,-0.057347,0.076358,0.028457,0.105897,0.005879,-0.062750,0.004008,0.008075
-0.078278,-0.050865,-0.065533,-0.054774,-0.022169,-0.125548,0.189467,-0.070488,-0.003900,0.075938,0.390703,0.142063,-0.031523,-0.059690,-0.106535,-0.057108,0.727333,-0.008327,-0.095647,0.436875
-0.090791,0.052544,0.005640,0.038137,0.042837,0.003888,0.323930,-0.051110,-0.003796,0.140192,0.670046,0.032212,-0.003168,0.006457,-0.061478,0.004993,0.054611,0.001396,-0.030911,0.632972
-0.034975,0.048571,-0.011530,0.055112,-0.012370,-0.006378,0.007606,-0.032731,-0.006680,0.061208,0.984698,-0.039480,0.004680,0.044545,0.104133,-0.034334,-0.013384,-0.001407,0.034683,-0.039146
0.372663,0.097728,-0.024680,0.171163,0.012680,-0.206072,0.422363,0.000927,0.545265,-0.156980,0.289030,0.000980,0.320751,0.180613,-0.053572,0.184514,0.001368,-0.063248,0.127390,-0.050046
-0.022097,-0.034342,-0.007842,-0.027449,0.008931,-0.030379,0.035270,-0.007705,-0.004113,0.010047,-0.011956,0.010493,-0.003810,-0.042293,-0.030683,0.039075,0.072623,-0.007053,-0.056846,0.990966
0.403689,0.056082,0.111245,0.118142,0.002242,0.051100,0.488478,0.044703,0.102205,-0.093987,-0.092092,-0.069132,0.071701,0.067069,0.010740,0.310217,-0.064211,0.075875,0.633593,-0.120345
0.006377,-0.053960,-0.014116,-0.004164,0.101749,0.004324,-0.048209,0.010204,0.031737,0.329485,0.212031,-0.056449,0.066101,-0.018811,-0.053531,-0.017639,0.067821,-0.045020,-0.070534,0.898231
0.043259,-0.048766,0.044059,0.020163,0.028289,0.048741,-0.046683,0.082145,-0.041013,0.108656,0.716782,-0.096559,0.010745,0.044750,0.660064,0.019357,0.000442,-0.003228,-0.057547,-0.056668
0.073771,0.035566,0.036993,-0.326788,0.216227,0.051410,0.313486,-0.322664,-0.200492,0.172914,0.271480,-0.186807,-0.142106,-0.104945,-0.204781,-0.138743,-0.178296,-0.094263,0.558169,0.100186
-0.014135,-0.024894,-0.215968,-0.169740,-0.305954,0.397034,0.072052,0.045193,0.048688,0.116285,0.018121,-0.084636,-0.325180,0.225266,0.122367,-0.001934,-0.212071,-0.101981,0.595448,-0.245903
-0.049010,-0.021913,0.297790,-0.021670,-0.309680,0.167002,-0.295802,-0.281164,-0.157281,0.229781,0.060090,0.234608,-0.343388,-0.229476,0.320575,-0.183569,-0.350038,-0.157403,0.116701,-0.116087
0.088411,0.004332,-0.002778,0.025240,-0.041186,0.173335,0.074146,-0.028976,0.108928,-0.064015,-0.170773,-0.180707,-0.064296,0.146230,0.014334,-0.019119,-0.091236,0.140646,0.892571,-0.157428
-0.029170,0.003227,0.009101,0.011561,-0.019876,-0.008788,0.008782,-0.027173,-0.001436,-0.007139,0.083656,-0.047980,0.024541,0.028057,0.989890,-0.032454,0.012649,-0.016937,0.044407,-0.059477
-0.167760,0.413858,0.203473,0.139408,0.168969,-0.057258,0.208568,-0.059288,-0.091211,0.001623,0.060718,0.121996,0.167964,-0.026944,-0.204978,-0.158136,0.373847,0.321242,0.210299,0.500860
-0.072467,0.033987,0.003259,-0.003809,0.059645,0.023904,0.958393,-0.027488,-0.006667,0.086237,0.048333,-0.022158,-0.016180,-0.004903,-0.062537,0.034903,0.076471,-0.005436,-0.029114,-0.218445
0.958655,0.044516,0.070856,0.062430,0.025671,0.032906,0.039010,0.033409,-0.020448,0.026710,-0.108044,-0.047735,-0.083921,0.066445,0.007511,0.119132,0.029186,-0.063790,-0.138771,0.027071
0.417744,-0.161402,0.049450,-0.203086,-0.068437,0.255764,-0.090983,-0.101213,0.154805,-0.140675,0.169531,-0.135577,0.061009,-0.182677,0.364436,0.011679,-0.267379,-0.134856,0.485616,-0.284095
-0.262819,0.200037,0.031775,-0.039227,0.332923,-0.263114,0.420952,0.372239,-0.280172,-0.050481,-0.114473,-0.049755,-0.171563,-0.051031,-0.217523,-0.105073,0.346626,0.240209,0.135554,0.096386
-0.338400,0.385664,-0.050064,0.165447,0.065539,0.122752,0.032901,0.127768,0.042029,0.038176,0.693666,-0.152964,-0.092870,-0.030536,-0.059845,-0.217965,-0.024261,0.110897,0.255701,-0.152931
-0.145760,0.309530,-0.114512,-0.006320,-0.025568,0.023943,0.311905,-0.021081,0.039800,-0.091004,-0.142812,0.197805,-0.016529,0.022317,0.093621,0.414369,0.329963,0.032412,-0.038058,0.639403
0.081671,0.018654,-0.014270,-0.013304,0.009588,-0.102936,0.585306,0.196696,0.169641,-0.048654,0.670677,0.063569,0.104124,0.005945,-0.106018,-0.176634,-0.078648,-0.057556,-0.227903,-0.029867
0.960356,-0.015223,0.059788,-0.009274,0.027271,-0.006329,0.102328,0.031384,-0.037019,0.043513,-0.046728,-0.024976,-0.071414,0.042090,-0.007581,0.151717,0.081759,-0.054577,-0.124145,0.022142
0.045375,0.114060,-0.187551,-0.190500,0.039706,-0.190146,0.297307,-0.247399,-0.062716,0.307043,0.059316,0.191093,-0.310829,0.011578,0.494879,0.119376,-0.027819,0.010168,-0.050131,0.478119
0.176548,0.044047,0.057104,0.321666,-0.049680,0.035489,0.356623,0.047841,0.056114,-0.071509,0.592154,-0.090991,0.245412,-0.209585,-0.033295,-0.113657,-0.042610,-0.017775,0.430540,0.232596
-0.058869,0.027346,0.008494,0.031827,0.045563,0.076907,0.041141,0.059339,0.017170,0.061221,-0.058303,0.000412,-0.047792,0.029841,0.038327,0.123864,0.071574,-0.048235,0.972601,-0.025839
0.255190,-0.205890,-0.035181,0.089536,-0.183588,0.194826,0.189462,-0.079538,0.311339,0.051682,-0.052775,-0.158387,-0.140722,-0.119538,0.075922,0.197148,-0.240731,0.379140,0.499060,-0.335250
-0.255440,0.342510,0.093655,0.097196,0.010823,-0.143972,0.680236,-0.164982,-0.035304,-0.160526,0.138329,0.105994,0.125890,0.214838,-0.156717,0.040179,-0.097362,0.344360,0.121284,0.009931
0.128716,0.083500,0.062688,-0.053084,0.043331,-0.010543,0.139832,0.004125,0.139125,0.010602,-0.076166,-0.010736,0.000216,0.395644,0.749602,0.420786,0.038552,-0.118128,-0.046991,-0.098094
-0.050474,0.190324,0.051336,0.118889,0.010010,0.052662,0.362177,-0.045278,-0.004521,0.361382,0.764379,-0.164129,-0.069203,0.056712,-0.157293,-0.082724,0.011301,-0.073559,-0.145270,0.017356
-0.329758,-0.022346,-0.064975,0.237261,0.097893,-0.321323,0.278059,-0.176476,-0.059195,-0.426480,0.159417,-0.147687,-0.113131,-0.030503,0.242300,0.000041,0.117090,0.189283,0.490021,-0.119343
-0.284095,0.233975,0.223682,0.215911,-0.099206,0.107910,0.488445,-0.159307,-0.199544,-0.179936,-0.075440,-0.177293,0.157189,0.293651,-0.110909,0.027449,0.104339,0.348100,0.269988,-0.210201
0.170623,-0.136924,0.123046,-0.018904,-0.173256,-0.036162,-0.066824,0.086655,0.132596,0.349761,0.623497,-0.095983,-0.159554,0.134690,0.223360,-0.278690,0.095307,0.241863,0.198997,0.277720
-0.183943,-0.018623,0.151435,0.110520,0.020390,0.033613,0.130343,-0.033171,0.054125,0.007833,0.807511,-0.094461,0.032851,0.041382,-0.017212,-0.081025,-0.016749,-0.008465,0.483862,-0.054044
0.092295,-0.020641,0.028144,0.128996,-0.064101,0.250148,0.025650,0.058525,-0.018640,-0.099812,-0.111107,-0.245050,-0.022268,0.195436,0.070006,-0.226694,-0.095514,0.105374,0.812096,-0.213179
-0.007428,-0.025539,-0.028929,-0.025037,0.027440,-0.058022,0.062591,0.018328,-0.002001,0.008024,0.074762,0.010885,0.001391,-0.056903,-0.022001,0.042666,-0.022962,0.013223,-0.057324,0.986989
0.058924,-0.013918,0.067103,0.246000,0.075848,0.066917,0.007415,0.068630,0.097010,0.048118,0.880500,-0.042394,-0.076467,0.297213,0.011999,-0.001294,0.020129,-0.105315,0.145081,0.025367
-0.149888,0.051362,0.009801,0.010520,0.051603,-0.000202,0.960065,-0.067186,-0.038989,0.023344,-0.026654,0.070895,0.027282,0.030714,-0.047665,0.010862,0.162248,0.021973,-0.066058,0.052314
0.528742,-0.118175,-0.044337,0.031466,-0.158377,0.199418,-0.019578,-0.093934,0.020960,0.408024,-0.120889,-0.164700,-0.225642,0.272916,0.450075,0.127459,-0.227277,-0.004508,0.043853,-0.151595
0.059996,0.020258,0.032168,0.070453,0.089085,-0.001481,0.099621,0.001041,0.052676,-0.010434,0.009852,0.060772,-0.054706,0.073156,0.019580,-0.076248,0.022665,0.018929,-0.030193,0.974232
-0.253732,0.322195,0.084329,0.313190,-0.045400,0.132945,0.313696,0.064245,-0.091814,-0.022773,0.224382,-0.114388,0.045468,0.366017,0.171774,0.101967,0.139594,0.309340,0.458247,-0.175657
-0.263211,0.192506,0.235897,0.105952,0.208407,0.032664,0.167639,-0.002328,-0.236298,-0.254258,-0.220734,-0.149228,-0.146946,0.305944,0.270854,-0.219939,0.223812,0.326338,0.373257,-0.172813
-0.225156,0.195887,0.267568,0.004974,0.047149,-0.220971,0.442899,-0.243315,-0.215055,-0.313736,-0.046574,-0.071371,0.311153,0.138132,-0.270709,0.123794,0.206775,0.239022,0.257681,0.100837
0.972727,-0.067944,0.075839,0.069735,0.002588,0.078001,-0.071875,-0.034595,-0.007480,0.051337,-0.001313,-0.050877,0.016464,0.042882,-0.050432,0.079682,0.046927,0.041500,-0.062387,-0.044919
-0.321469,0.063220,-0.187636,0.041107,-0.124527,0.220471,0.199465,0.237224,-0.040324,-0.158864,0.193407,-0.188267,0.194103,-0.077954,0.084628,-0.272926,0.603997,0.306421,0.034798,0.102732
-0.088136,0.029593,0.000164,0.019591,0.034129,-0.020299,0.055293,-0.049378,-0.005874,0.055214,0.205054,0.958445,0.010931,-0.025341,-0.045211,0.051841,0.061266,-0.010905,-0.053895,-0.088780
-0.142511,0.168379,0.169140,0.083819,-0.167141,-0.079284,0.540729,0.122685,-0.036221,-0.155086,0.034727,-0.035796,-0.113020,0.197084,0.354294,-0.146425,0.457867,0.200034,0.217181,0.225363
0.964561,-0.048832,0.054273,0.075437,0.038867,-0.025054,-0.020496,0.003432,-0.002232,0.054597,0.157651,-0.061957,-0.022120,0.053817,-0.014877,0.071936,0.088414,0.001179,-0.080897,-0.034750
-0.038592,0.116432,0.062614,0.017928,-0.008211,0.147567,0.021044,-0.008444,0.066699,0.042625,-0.133224,-0.059973,-0.062976,0.002998,0.037506,0.094525,0.122942,-0.063037,0.947246,-0.008050
0.985346,0.039200,0.045847,0.028618,0.002046,0.010765,-0.002871,-0.014822,0.044975,0.070572,0.050021,-0.092710,-0.029138,0.017401,0.054737,-0.017558,0.026763,-0.004417,0.012359,-0.029032
0.039676,0.024658,0.094409,0.070216,0.007851,0.025539,0.044869,0.015268,0.003560,0.050363,0.979321,-0.009458,0.001317,0.075918,0.009628,0.027757,0.039458,-0.021325,-0.087844,-0.054301
-0.169317,0.044501,0.100629,0.178825,0.039524,0.101354,0.004482,-0.026216,0.044854,0.266055,0.894062,-0.029869,-0.016796,0.127257,0.004643,-0.091310,0.016941,-0.075798,-0.066954,-0.079490
0.022897,0.199899,0.262119,0.006363,-0.027769,0.194890,0.266103,0.167764,0.059828,0.073436,0.235996,-0.129000,-0.283533,0.213231,0.421925,-0.036321,0.374716,0.434619,0.190498,0.030979
-0.166929,0.177119,0.258606,0.244427,-0.183657,0.456585,0.155309,0.022099,-0.153920,-0.340826,-0.118102,-0.211731,-0.030305,0.232342,-0.013536,-0.216915,0.298751,0.285835,0.274736,-0.011462
0.014145,0.046308,0.026319,0.051922,0.009433,-0.000553,0.073665,0.027564,0.325944,0.050517,0.926675,-0.005252,-0.019644,0.109036,0.056988,-0.005023,0.037635,-0.052480,0.014377,0.022802
-0.160888,-0.055509,-0.007074,-0.104518,0.040466,-0.087710,0.069950,0.049435,-0.102712,-0.095041,0.052658,0.203653,-0.047294,-0.114199,-0.125670,-0.086165,0.846794,-0.047723,-0.181719,0.297837
0.076747,0.332588,-0.066023,0.469918,0.056557,0.160957,-0.193504,-0.143339,0.095160,0.066322,0.517370,0.048885,-0.008511,-0.053225,0.356366,-0.200721,0.066063,0.332604,0.050116,0.003305
-0.039315,-0.047896,-0.024081,-0.021896,0.022917,-0.061720,0.043213,-0.022028,-0.001278,0.029034,0.026047,0.023093,-0.007212,-0.063541,-0.038196,0.089585,0.463878,-0.025884,-0.069649,0.867226
0.823847,-0.018021,-0.051903,-0.026173,0.009025,-0.054422,0.054561,0.077963,-0.031811,0.060929,-0.035981,-0.069365,-0.024419,0.007202,-0.012461,0.095038,0.110166,-0.035987,0.520882,0.007643
-0.041801,-0.087693,-0.076018,-0.029849,0.002846,-0.079604,0.086193,-0.017327,0.002574,0.032007,-0.045236,0.011812,-0.013544,-0.056804,-0.035780,-0.091972,0.949405,-0.017234,-0.105070,0.201856
-0.017037,-0.031379,0.040794,-0.037475,-0.016044,0.082423,-0.083820,0.086311,0.060935,0.068536,0.955120,-0.090729,-0.102931,0.027313,-0.012646,-0.044603,-0.044336,0.130518,0.060750,-0.095144
0.797462,0.150764,-0.005194,0.140864,0.033263,-0.056859,0.313363,0.014287,-0.039299,-0.029710,-0.159143,-0.031581,-0.012666,0.022753,0.043146,0.127692,0.069621,0.010311,0.404384,-0.051376
0.085322,-0.041574,0.004838,0.008260,-0.057805,0.045117,0.160029,-0.028195,0.120924,-0.077836,-0.028854,-0.133684,-0.028399,0.082001,-0.056073,0.102523,0.124114,0.096545,0.926220,-0.126251
-0.195637,-0.083584,0.095405,-0.104686,0.158338,-0.083090,0.604561,-0.049828,-0.199883,-0.261435,-0.168992,0.488612,-0.119678,-0.063583,-0.075687,-0.115509,0.282469,0.017788,-0.077602,0.188579
0.974474,0.056990,0.007516,0.083544,0.013501,0.071460,0.025947,-0.011145,0.019325,0.056791,0.054400,-0.055116,-0.060509,0.024162,-0.020551,-0.059579,0.057385,-0.034541,0.099644,-0.042462
0.050771,0.046253,-0.044513,-0.010813,0.041491,-0.015385,0.058722,0.040748,0.082767,0.032180,0.623379,-0.081026,-0.050731,0.095292,-0.003902,0.037122,0.033983,-0.073190,0.746962,-0.074521
-0.361100,0.360987,0.149277,0.276663,-0.097879,-0.229025,0.589214,-0.014846,0.018202,0.029084,0.324199,-0.018072,0.024573,0.158010,-0.003853,-0.182319,0.063973,0.064378,-0.177357,0.160980
0.011268,0.023166,0.043045,0.044072,0.005178,-0.010893,0.082796,0.020408,-0.067839,0.002193,0.980011,-0.002733,-0.034579,0.022260,-0.017481,0.068374,0.086596,0.004045,-0.092099,-0.020446
-0.157737,0.006962,0.099135,0.236569,-0.116517,0.171078,0.033713,0.321251,0.155962,-0.297800,0.161340,-0.258969,0.354189,0.180302,-0.315091,-0.090037,0.214397,0.317151,0.341120,-0.166520
0.221001,-0.019917,0.065954,0.831337,0.023002,0.315196,0.048722,0.170616,0.033384,0.002902,-0.018703,-0.093247,0.019736,0.286820,0.078786,0.116817,0.035526,-0.053276,-0.064102,-0.055175
0.216367,-0.084223,0.004618,-0.039597,0.003355,0.184005,0.228127,0.475977,0.184904,-0.186144,0.108817,-0.210278,0.175742,0.071671,0.182957,-0.344163,-0.030534,-0.028510,0.503103,-0.253650
0.985664,0.029710,0.019417,0.002684,0.007016,0.022327,0.065182,-0.048743,0.028457,0.061829,0.005647,-0.067993,-0.046403,0.076177,0.028550,-0.026769,0.006290,-0.025406,-0.006838,-0.022802
-0.076884,0.126370,0.058653,0.191309,-0.359164,0.109381,0.361635,-0.000585,0.174337,-0.099765,0.136288,-0.180198,0.181358,0.537874,-0.092478,0.168901,-0.067871,0.261572,0.306057,-0.221288
-0.023625,-0.276346,0.293490,-0.160563,-0.123981,-0.125247,-0.032654,-0.169533,-0.152344,0.098226,0.213530,-0.146210,0.079348,0.269192,0.046035,-0.011577,-0.249829,0.222635,0.651171,-0.182876
-0.055957,0.057181,0.006132,0.039365,0.022227,-0.012888,0.970960,-0.045256,-0.029616,0.124709,0.050899,0.069065,-0.042357,0.042588,-0.020325,0.048594,-0.102230,-0.028517,-0.035556,-0.061959
-0.110708,0.050556,-0.146507,0.016107,0.029402,-0.090458,0.085815,-0.087399,-0.019832,0.034625,-0.090227,-0.004551,-0.056145,-0.047589,-0.067318,0.016173,0.088117,-0.083581,-0.119156,0.943664
0.984584,0.014699,0.060654,0.061601,0.005042,-0.028158,-0.031373,-0.066099,-0.014713,0.029610,0.046469,-0.071915,-0.001279,0.064723,0.018937,0.016988,0.008469,0.023678,-0.011112,-0.052114
0.438558,0.056556,-0.122072,-0.138279,0.037543,-0.157814,-0.090599,-0.121037,-0.027555,0.295480,0.322413,-0.153658,-0.305451,0.474065,0.339093,-0.108693,-0.151271,-0.124993,-0.086053,-0.122053
-0.213999,0.239374,0.359651,0.015931,-0.066568,0.047919,-0.069133,-0.256918,-0.183363,-0.042698,-0.245568,-0.116668,-0.094602,-0.054134,0.132226,0.110123,0.546222,0.031306,0.076228,0.483516
0.055851,0.021001,0.067258,0.078845,0.005061,0.044590,0.057644,-0.033287,-0.022147,0.059899,0.981645,-0.037293,0.009176,0.044083,-0.005011,-0.003527,0.048182,-0.023539,-0.018344,-0.069869
0.967394,0.012579,0.042044,0.019356,0.000964,-0.017503,-0.003823,-0.040964,0.003666,0.038888,-0.010468,-0.076930,-0.026359,0.001388,0.057252,0.010855,0.196466,-0.028885,-0.089291,-0.028215
-0.025582,0.036338,-0.011894,0.021286,0.011096,-0.004675,0.032056,-0.047792,0.345885,0.001001,0.110525,-0.080468,-0.026883,0.053567,0.432630,-0.027279,0.006480,-0.088612,0.806370,-0.077547
0.410098,0.228941,0.049495,-0.128038,-0.061259,0.110948,0.057144,-0.120903,0.181739,-0.028699,0.262902,-0.307198,0.143180,0.025926,0.509326,-0.239919,0.252702,0.268113,0.188781,-0.140529
