0.970094,0.065230,0.022297,0.083495,0.001522,0.021321,0.063591,-0.063113,0.030056,0.017087,-0.123204,-0.032178,-0.035711,-0.006257,0.065217,0.025580,0.068356,0.017948,-0.067766,0.074099
0.069326,-0.142618,0.575108,0.496922,0.085660,0.050973,-0.182706,-0.139930,-0.048708,-0.029867,-0.151187,-0.433108,0.119076,0.209533,-0.174068,0.128635,0.059104,-0.049624,0.061158,0.077102
0.975352,0.016274,0.009742,0.020956,-0.009530,0.017550,-0.042100,-0.128841,0.020588,0.010967,-0.032918,-0.048772,0.011968,-0.011148,0.065872,0.111207,0.044786,0.038144,0.065292,0.020369
0.083231,-0.144613,0.383394,0.303563,-0.067080,0.043543,-0.144068,0.145429,0.160780,-0.295080,0.574489,-0.061519,0.041771,0.212022,0.243018,-0.005893,-0.035284,0.136347,0.250957,0.222189
0.072881,-0.194483,-0.033535,0.319943,0.137288,-0.065455,-0.034321,0.518335,0.276718,-0.201396,-0.033270,-0.129659,0.115103,0.091942,0.279765,-0.039792,0.428005,0.031112,-0.030290,0.372446
0.385058,0.214932,-0.016207,-0.074207,0.088800,-0.105706,0.539289,-0.206610,-0.045052,-0.239093,-0.055672,-0.205417,0.085737,0.153756,-0.080455,-0.060474,-0.187097,0.338490,0.252062,0.297418
0.292360,-0.115483,-0.042711,0.097765,0.026781,-0.017041,0.008106,-0.148870,-0.032912,0.028761,-0.043221,-0.033495,-0.000019,0.005109,0.074372,0.309430,0.857614,0.061739,0.138973,0.041705
-0.023735,-0.011518,-0.027791,-0.040223,-0.023838,0.068040,0.038822,0.108783,0.007579,-0.024932,0.173227,0.003544,-0.022089,-0.022874,-0.019121,-0.020052,0.970569,0.030415,-0.003398,-0.054374
-0.047337,0.047754,-0.022299,0.071629,0.057429,0.041396,0.045778,-0.048150,0.057329,0.022008,-0.115460,-0.050624,0.008043,0.020199,0.053201,-0.058841,0.040274,0.017516,0.974516,-0.048825
-0.269997,-0.113640,-0.254744,0.466836,-0.141945,0.011698,-0.104327,-0.257822,0.144288,-0.072601,0.282001,-0.387563,-0.246635,-0.205310,0.225032,-0.157565,-0.008449,0.259929,0.020087,-0.177233
0.021988,0.021170,0.978407,0.067152,-0.004440,-0.010734,0.012974,-0.040258,0.000553,-0.004062,0.049912,-0.049119,0.003805,0.135096,-0.020281,0.049131,0.056325,0.058046,0.027896,0.044973
-0.596724,-0.026209,-0.044116,0.352466,0.040315,0.046504,0.045756,0.673300,0.087064,0.101345,-0.108957,0.066480,0.107704,0.021754,-0.031096,0.030614,-0.010126,-0.027728,0.024567,0.090808
-0.020349,0.012996,0.092571,-0.014820,-0.013820,0.004221,-0.063803,-0.042358,0.004785,-0.016331,0.034391,-0.048654,-0.025219,0.047040,-0.055338,-0.042524,0.984745,0.018620,0.053975,0.003488
0.224418,0.085347,-0.001954,0.155085,0.079801,0.290119,0.067959,0.038888,0.153100,0.126347,0.827215,-0.212578,0.083612,0.090820,0.073344,0.003222,0.004303,-0.107780,0.014261,0.142427
0.195910,0.006003,0.033542,0.148705,0.053140,0.844284,0.023684,-0.088485,0.035443,0.049060,-0.172330,-0.032034,-0.001122,0.021832,0.028377,0.182892,0.102705,0.029090,0.201167,0.305503
-0.055462,-0.116006,-0.313969,0.142701,-0.086878,0.257378,-0.119128,0.030649,-0.197035,-0.285373,0.272477,-0.106366,0.037616,-0.104126,0.525496,0.256982,0.364258,-0.041524,0.154849,0.238657
-0.040352,0.012698,-0.058204,-0.036409,0.002341,0.019643,-0.011305,0.530037,-0.008800,0.001961,-0.039590,0.741584,0.000067,-0.013125,0.012238,0.025746,0.398931,0.008083,0.015724,-0.000519
0.491820,0.374210,0.050343,0.497322,0.032492,-0.057470,0.112993,-0.203858,-0.025411,-0.119188,-0.014974,-0.119607,0.271127,0.285675,-0.237933,-0.132769,0.061372,0.052987,0.170225,0.123448
0.034559,0.005621,0.073766,0.020009,0.007935,0.008489,0.089884,-0.008720,-0.005019,-0.018439,0.015110,-0.016082,-0.009984,0.035633,-0.018119,-0.008038,0.990237,0.029719,-0.006247,0.023144
-0.129092,0.053177,-0.032891,0.281846,0.018181,-0.023369,-0.081014,-0.004620,-0.000313,-0.013710,0.249513,-0.080269,0.013134,0.035267,-0.063595,0.230838,0.869811,0.011440,0.071072,-0.056027
-0.015690,-0.032776,0.013137,0.063745,0.063104,-0.029392,0.058770,-0.050302,0.039626,-0.022694,-0.057068,0.960547,0.035072,-0.024787,0.109141,0.091979,0.141733,0.013183,-0.015325,0.113608
0.075246,-0.034363,-0.031604,0.037886,0.027506,-0.016726,0.866125,-0.002320,-0.045024,-0.036466,-0.011882,-0.036625,-0.064302,0.040974,0.006990,-0.041123,0.474608,0.007452,0.042504,0.000498
0.209526,-0.068970,0.844338,0.084674,-0.043687,0.040829,-0.101895,-0.092033,0.001455,0.028047,0.155680,-0.146926,-0.037581,0.312974,0.023649,0.022737,0.034629,0.031450,0.235986,0.062494
0.004050,-0.023128,-0.109151,-0.033551,-0.033385,0.077964,-0.012821,0.966515,0.046350,0.033278,-0.066272,0.039230,0.006670,0.051161,0.072611,-0.055729,0.099568,0.103229,-0.056194,0.030750
0.165199,-0.023858,-0.108250,-0.004406,0.023036,-0.019956,0.055146,0.918199,0.046382,-0.001536,-0.001253,0.258845,0.068303,0.056132,0.072516,-0.080631,0.076489,0.042912,0.013883,0.129332
0.993813,-0.002467,-0.009339,-0.006675,-0.005217,-0.040363,0.034198,-0.041560,0.019271,0.033911,0.019071,-0.013379,-0.023662,0.025581,0.013746,0.035213,-0.046509,-0.010693,0.022563,-0.012291
0.082804,0.017339,0.013014,0.006111,0.048180,0.012181,0.036561,-0.094741,0.009703,0.039285,0.984421,-0.026383,-0.010554,0.037293,-0.020531,0.044630,0.015969,-0.018379,0.023658,0.058032
0.974859,-0.009394,0.050879,-0.012615,0.042122,0.052942,0.135732,-0.001361,-0.011806,0.055674,0.102030,-0.003443,-0.015726,0.023011,-0.060113,-0.062037,-0.005516,0.017725,-0.024724,-0.030924
0.131034,0.033710,0.081901,0.222704,-0.049205,0.095118,-0.037414,-0.095922,-0.001625,0.004308,0.408948,-0.023917,-0.011383,0.154300,0.000505,0.051388,0.811315,0.012169,0.131913,0.182013
-0.173645,0.182150,-0.172336,0.257126,-0.065884,0.493405,-0.252760,0.384994,0.033013,-0.203174,-0.048459,0.028205,-0.053673,0.052163,0.154378,-0.259603,-0.089981,0.398620,0.134402,0.231425
0.039455,0.027928,-0.005948,-0.008508,0.047065,0.059836,0.064961,-0.006366,-0.013623,0.063453,-0.065942,0.016725,-0.041688,0.046425,-0.031163,-0.059000,0.979659,-0.009707,0.035283,0.096143
-0.062652,0.049068,0.051331,0.008088,0.039168,0.107735,0.259227,-0.041063,0.026537,-0.013878,0.754942,-0.056085,0.046979,-0.032464,0.029328,0.049576,0.561800,0.016697,0.027171,-0.108382
0.147340,0.005974,-0.028997,0.021635,0.004953,0.044927,0.098145,-0.070959,-0.000407,0.091219,0.966844,-0.001763,-0.040195,0.051973,0.059847,0.017532,-0.007579,0.019888,0.074786,0.053602
0.017528,-0.073918,-0.072888,0.388580,0.067951,-0.217972,-0.104415,-0.102465,0.032703,-0.071152,-0.157261,-0.163861,-0.022462,0.090407,0.118214,0.161562,0.805344,0.078032,0.040075,0.040608
0.028618,0.008817,0.047111,0.042429,0.095030,0.036379,0.142425,-0.063709,-0.010568,0.089377,0.970687,0.003634,0.013551,0.004642,-0.004693,-0.031419,0.008731,-0.009350,0.057071,0.073518
0.959434,0.028929,-0.003892,0.003866,0.060889,-0.048431,0.094146,-0.107850,0.171498,0.047569,-0.003296,0.004890,-0.064325,0.029337,0.010194,-0.065772,0.045185,-0.019799,0.090366,0.018308
-0.176437,0.037183,-0.003659,0.067341,0.037201,0.063269,0.060777,-0.096403,0.037982,0.006188,0.959012,-0.076529,0.006156,0.017726,0.015433,0.106916,0.071150,0.001166,-0.008531,-0.019097
0.003922,-0.025944,-0.019947,-0.016908,-0.014603,0.022788,-0.061569,0.976735,0.081854,0.005479,0.011123,0.096304,-0.010191,0.086778,0.081393,0.006833,0.049531,-0.019161,0.057923,0.059026
0.019042,0.054191,0.043911,0.019336,0.091407,-0.059054,0.014735,-0.051468,0.018690,0.005147,0.973835,-0.032480,0.009304,0.058571,-0.059245,0.030460,0.092567,-0.072990,0.057852,0.068613
-0.012566,0.006849,-0.017350,-0.034131,-0.011593,0.082533,0.028436,0.968210,-0.001042,0.016985,0.034337,0.027102,-0.001550,-0.015142,0.008663,-0.010053,0.146769,0.024299,0.009495,0.168257
0.499299,-0.030743,0.191816,0.126256,-0.011444,0.057721,0.114997,-0.214816,0.069267,-0.031291,0.524915,-0.153020,0.047031,-0.063953,0.112421,0.009221,0.040576,0.006671,0.101725,0.546257
-0.140302,0.372507,0.166269,0.123083,-0.088464,0.226289,-0.050491,0.602899,0.046894,0.123769,-0.109754,-0.024323,0.065208,0.060257,0.124031,-0.056738,0.238370,0.115185,0.045375,0.494875
0.011660,-0.184516,-0.066540,0.088932,-0.091529,-0.161530,-0.364739,0.091177,-0.114595,0.201260,0.413284,-0.263001,-0.008252,-0.071478,-0.073381,0.635396,-0.009023,0.024791,-0.126901,0.230138
0.051396,0.021783,0.812920,-0.010518,0.024288,0.010046,0.546483,-0.024794,0.006214,-0.008826,-0.033028,-0.030201,-0.042813,0.004101,-0.015880,-0.024729,0.143970,0.020022,0.027410,0.096292
0.028359,0.005430,0.103529,0.001599,-0.009874,0.006279,0.006183,-0.008268,0.001886,-0.010814,0.019842,-0.010494,-0.028179,-0.003221,-0.022544,-0.012808,0.991889,0.040018,-0.005014,0.025112
0.689168,0.002042,0.010596,0.082618,0.077253,-0.022827,0.021531,-0.162710,0.098698,0.072843,-0.002294,-0.032577,0.037145,-0.047953,-0.003181,0.159640,-0.021941,0.020627,0.567461,0.341278
-0.015693,-0.033005,-0.120229,-0.036874,-0.068459,0.017945,-0.061813,0.969678,0.009250,-0.038795,-0.095155,-0.023834,-0.064167,0.101951,0.018393,-0.030434,-0.007013,0.067054,-0.014667,-0.044658
-0.034764,-0.010069,-0.061576,-0.052311,-0.003309,-0.005258,-0.044892,0.991644,0.021577,0.000345,-0.021942,0.038695,-0.003251,-0.039737,0.018203,-0.017875,-0.007948,-0.032935,-0.011733,-0.027925
0.982381,0.027197,0.036251,-0.015866,0.002989,0.008484,0.107158,0.003952,0.007736,-0.004329,0.029225,-0.021151,-0.031816,0.040493,-0.025254,-0.025768,0.122121,0.006684,0.027120,0.003984
0.210089,-0.038045,-0.057724,-0.002048,0.054093,0.036545,0.076583,-0.082287,-0.012934,-0.013294,0.071436,-0.183175,0.310187,-0.012408,-0.235199,-0.023713,-0.023156,0.032671,0.856696,0.086011
-0.004930,-0.006882,-0.018247,-0.017394,-0.009422,0.080128,0.023421,0.993816,-0.004281,-0.009753,-0.015897,0.016365,-0.020360,-0.029187,0.003752,-0.027723,-0.010168,0.012937,0.001227,-0.040108
0.110103,0.029124,-0.073211,0.367686,0.040133,0.065944,-0.168671,-0.124633,-0.032214,0.056762,0.834464,-0.086570,0.047672,0.126245,0.021512,-0.014921,-0.142273,0.020236,0.213269,-0.058481
0.131506,-0.038721,-0.022888,0.107354,0.048457,0.125369,0.092556,0.950200,0.022132,-0.000287,-0.025224,0.010785,0.056711,0.061212,0.032567,0.069485,0.079745,0.044991,-0.020228,0.129455
0.311629,0.008725,-0.016645,0.041585,0.051736,0.007298,0.095272,-0.016996,0.053189,-0.020895,-0.050184,-0.049899,0.007772,-0.029923,-0.019439,0.013094,0.935602,0.038142,-0.045450,0.007599
-0.291120,-0.186664,0.371212,0.333251,0.148851,-0.213883,-0.267284,-0.061006,-0.174272,0.338919,-0.056845,-0.396795,0.147814,0.144192,-0.065230,-0.097996,0.245103,-0.224474,0.055695,-0.111836
-0.182372,-0.101566,-0.170382,-0.015774,-0.270976,0.162576,0.080323,-0.136286,0.109268,0.360072,-0.119922,-0.372765,-0.243652,0.054191,0.272916,-0.071539,0.380910,-0.071138,0.461608,-0.046859
-0.203045,-0.230767,0.217505,0.044711,0.177241,-0.197361,-0.209080,0.035964,0.538203,-0.004167,0.165170,-0.316761,0.134688,-0.041003,0.134242,0.269413,-0.137569,-0.176259,-0.172902,0.365000
-0.197274,0.057687,0.085523,0.385203,0.093487,0.084405,0.727955,-0.168846,-0.023481,-0.008524,-0.040780,-0.180936,-0.022126,0.299368,0.077799,0.088458,-0.068485,0.156791,0.196936,0.143866
-0.018304,0.005887,0.045272,-0.013415,-0.001727,0.028660,0.991027,-0.024381,0.006540,-0.013627,0.028405,-0.048198,-0.029581,0.057884,-0.045119,-0.016726,0.047318,0.009498,0.038445,0.011908
0.061312,-0.152738,0.157958,0.253872,-0.067016,0.301760,0.080503,0.152964,0.150134,-0.018288,0.273087,0.131930,0.192625,0.263516,0.433780,0.071904,0.303759,-0.024422,-0.101348,0.490108
0.021823,-0.022002,-0.044009,-0.042625,0.022315,0.038798,-0.035978,0.989558,0.021233,0.008880,-0.037853,0.014368,0.013862,0.059953,0.043244,0.042924,0.008376,-0.040212,0.036801,-0.007307
0.979747,0.052186,-0.031192,-0.006395,0.029361,-0.059834,-0.007395,-0.068024,0.032695,0.095549,-0.068075,0.009956,-0.015566,0.045748,0.032291,-0.002861,-0.045431,-0.051657,0.037401,0.052768
-0.027721,-0.125888,-0.232881,-0.019475,0.149870,0.241461,-0.322242,-0.078138,0.449381,0.229810,0.096692,-0.238977,0.198659,0.026406,0.056446,0.136891,0.147847,0.239443,0.498894,0.163314
-0.051239,-0.262987,0.280372,0.115374,0.025979,-0.174837,-0.343647,0.342282,0.077505,-0.216262,-0.158859,-0.247887,-0.082695,0.174213,-0.231088,-0.191756,0.419070,0.115401,0.187903,0.280597
-0.324803,-0.094050,-0.087238,0.292472,0.049185,0.022290,-0.080347,0.069167,0.087994,-0.068301,-0.177273,-0.076703,0.024114,-0.126854,0.101914,0.137585,0.124607,0.076077,0.230407,0.779899
-0.232441,-0.013712,-0.197635,-0.002735,0.133849,0.355746,0.031000,-0.110393,0.076322,0.134077,-0.099732,0.157139,0.086819,-0.027009,0.169478,-0.026000,0.094684,0.260674,0.090942,0.753528
-0.147656,0.002287,-0.158332,0.108507,-0.037334,0.017518,-0.186083,0.441327,0.344266,-0.204567,0.241888,-0.048073,0.278037,-0.202497,0.491010,0.153061,0.117968,0.020897,0.288405,0.093307
0.030541,0.054570,0.031687,0.000740,0.041761,0.011023,0.076614,-0.044573,0.029411,0.094091,0.979681,-0.018808,0.009653,0.043425,0.011926,0.006340,-0.107530,-0.034501,0.024107,-0.004532
-0.458564,-0.015480,-0.138727,0.069928,0.071666,-0.007563,0.086592,0.326637,0.011043,0.480882,0.127903,-0.161873,-0.073910,0.089684,0.536435,-0.032098,0.127434,-0.088412,0.095695,0.191094
-0.071710,-0.026751,0.115116,0.209114,0.063236,0.075717,-0.345105,0.272758,0.128737,-0.261254,0.453261,-0.233190,-0.015218,0.086309,0.056104,0.033608,0.122267,-0.064465,0.532889,-0.272491
0.985417,0.026655,0.016309,0.008459,0.030769,0.082685,0.050845,-0.058063,-0.014075,0.043831,-0.067008,-0.002661,-0.028073,0.016172,-0.023517,-0.031169,0.010776,0.005280,0.042915,0.054667
-0.153205,0.077121,-0.142835,0.025935,-0.218992,-0.296464,0.068586,-0.212817,0.413929,0.050169,-0.130617,-0.355631,0.081954,-0.093300,0.215496,0.159805,0.057905,0.349775,0.480354,-0.049404
-0.000719,-0.067988,0.194556,0.139669,0.046826,-0.244314,-0.228867,0.586662,0.199374,-0.252433,0.060164,-0.108425,0.011847,0.295411,0.337310,-0.040075,0.040305,-0.078415,0.090546,0.376792
0.952932,-0.048905,-0.030767,0.028487,0.088683,-0.080704,0.004996,-0.064263,-0.040046,-0.098058,-0.055821,-0.121435,-0.043261,0.047986,-0.068047,-0.093315,0.013264,0.038922,0.090367,0.113082
0.898787,0.022609,0.033353,0.173486,0.032751,-0.153783,0.048871,-0.045711,0.111719,-0.090109,-0.089269,-0.197881,0.054167,0.164660,0.076983,0.050866,-0.000504,0.052443,0.140171,-0.050745
0.316548,-0.137727,0.167009,-0.095757,0.311798,-0.041132,0.066761,0.405157,0.138007,-0.270552,0.001265,-0.271195,-0.133557,-0.197200,-0.108435,0.212363,0.156315,0.216455,0.251842,0.402694
-0.068900,-0.096956,0.273365,0.286657,-0.200116,-0.026943,0.132858,0.441652,0.212733,-0.252850,-0.158795,-0.227586,0.168144,0.012154,-0.069332,-0.033658,0.416757,0.139559,0.218351,0.337745
0.057901,-0.053127,-0.135499,0.348194,0.047282,0.182812,-0.069950,0.586138,0.275670,-0.168822,0.364247,-0.152717,0.012217,-0.184664,0.320709,0.111235,0.012368,0.172021,0.113077,0.132731
-0.225433,0.114967,0.055031,0.075537,0.056486,-0.033691,-0.062608,-0.093671,0.117638,0.058917,0.883064,-0.055494,0.076428,-0.029525,0.018556,0.083684,0.094650,0.082152,0.179633,0.219047
0.301340,-0.010166,0.300933,0.019072,-0.016722,0.152577,0.173151,-0.052446,-0.004117,-0.136196,0.667742,-0.264619,0.053946,0.098988,0.403974,0.136006,0.150829,0.073731,0.060049,-0.034825
0.012423,-0.003923,-0.012989,-0.005172,-0.014032,0.042833,0.016640,0.986396,0.001895,0.016841,-0.012528,0.022210,-0.009722,-0.006952,0.018823,-0.035057,-0.041903,0.135288,0.023719,-0.032625
0.864266,-0.005368,-0.098081,0.014851,0.069421,0.018459,0.366398,-0.091403,-0.021255,0.016166,-0.095059,-0.013832,-0.020895,0.081874,0.024628,-0.010349,0.051777,-0.006191,0.273607,-0.006223
-0.022682,0.002109,-0.028137,-0.012650,0.012028,0.055263,0.045041,0.922812,0.005643,-0.011137,-0.051216,-0.029211,-0.038880,-0.020319,0.081655,-0.013167,0.349422,-0.023574,0.015378,0.080216
-0.113569,-0.044090,0.326226,0.013354,-0.015955,0.174630,0.229996,-0.176100,0.635317,-0.010890,-0.080761,-0.299790,0.360498,-0.071997,0.099139,-0.125322,0.092232,0.010160,0.307347,-0.002460
0.037741,-0.039743,0.009953,0.107301,0.058990,0.004148,0.089799,0.959436,0.061002,0.045015,-0.035219,0.066386,0.025167,-0.020596,0.135476,0.010858,0.043808,0.015703,-0.001421,0.142173
0.377288,-0.184684,-0.029304,0.222818,-0.009279,-0.097522,0.009079,0.334765,0.104782,-0.279396,0.005043,-0.072173,0.064785,0.164749,0.493939,-0.148521,0.090000,0.033592,0.078259,0.494257
-0.124929,0.274044,0.344552,-0.024910,-0.293703,0.145857,0.234954,0.044838,0.258247,0.196586,-0.087188,-0.280529,0.199831,0.194428,-0.203096,0.082505,0.037519,0.317135,-0.157477,0.425441
-0.111989,0.230300,0.241184,0.293053,0.142453,0.087205,0.268213,0.368772,0.105966,0.006108,-0.066119,-0.161287,0.292621,-0.089946,-0.307366,-0.235866,0.238289,0.237133,0.250050,0.305823
-0.027958,0.079059,0.010995,-0.015782,0.087623,-0.001213,-0.022039,-0.034299,0.039124,0.002981,0.493845,-0.087650,-0.043410,0.002216,-0.068159,-0.083896,0.141403,-0.001641,-0.136346,0.823402
-0.324319,0.028485,-0.275572,-0.045585,-0.194524,0.411637,-0.074128,0.374632,0.048116,-0.125425,0.224123,-0.132223,0.010659,-0.221511,0.390208,-0.063939,0.070679,0.395540,0.024200,0.097650
0.006339,-0.030286,-0.060006,-0.020483,0.004003,0.054410,-0.037769,0.982744,0.016849,-0.018247,-0.024993,0.035864,0.022245,0.101011,0.046241,0.042330,0.079940,-0.010276,0.024165,-0.024462
-0.144748,-0.006063,-0.177098,0.158676,-0.013464,0.125249,-0.003072,0.183000,0.152533,-0.249552,-0.224892,0.470385,0.142942,-0.198755,0.437556,-0.093964,0.096940,0.239967,0.042566,0.432098
-0.064432,0.073047,-0.026080,0.037014,0.057807,-0.034497,-0.042913,-0.007715,0.102526,0.066911,-0.118015,-0.077752,0.041101,0.025971,0.007753,0.050918,0.070268,-0.022095,-0.019088,0.967606
0.990695,0.040303,0.024298,0.000215,0.007618,0.033441,0.028592,-0.067319,0.017830,0.058028,-0.027198,-0.016036,0.028343,0.035870,0.021930,-0.011918,0.006761,0.026911,0.032796,-0.023293
0.984488,0.041096,-0.029058,0.108551,0.006319,-0.021921,0.032764,-0.031056,0.014496,0.017681,-0.009811,-0.048822,0.006026,0.066033,-0.005331,0.070300,0.034564,0.003596,-0.017823,0.003664
0.984322,0.066845,0.038747,-0.021721,0.059649,-0.025522,-0.008189,-0.041027,0.061997,0.030544,-0.007493,-0.035455,-0.025937,0.034515,-0.032398,-0.001845,-0.011075,-0.080166,0.032220,0.045986
-0.008138,0.045895,-0.043711,0.052640,0.094645,0.017534,0.163248,-0.075669,0.068598,-0.033463,0.920939,-0.101625,0.016940,0.021264,-0.061064,0.043658,-0.135859,0.022622,0.068101,0.239252
-0.017818,-0.139862,0.332091,0.333108,-0.247792,0.346273,-0.028214,0.156113,0.245766,-0.287622,-0.094129,-0.108469,0.140409,-0.104371,0.101996,-0.179228,0.279151,0.297839,0.152467,0.354452
-0.116263,0.328526,-0.166543,0.064078,0.017590,0.290820,-0.242669,-0.010864,0.061809,-0.291580,-0.080274,-0.219335,0.426136,-0.183680,-0.013688,-0.149306,0.245580,0.285043,0.226017,0.359132
0.054958,0.036954,0.093100,0.041814,0.021882,-0.022295,0.007494,-0.054842,0.014752,-0.000408,0.005850,-0.002601,-0.028278,0.924374,0.006614,-0.016613,0.326185,0.031853,0.060199,0.119486
-0.083807,-0.075078,-0.020181,0.083522,-0.068275,-0.048277,-0.145990,0.441192,-0.065105,-0.115006,-0.118952,-0.005612,0.008363,0.331977,0.700359,-0.091949,0.102313,0.324591,-0.013316,0.010669
0.160562,0.058288,-0.074022,0.241032,0.052044,0.333148,-0.145914,-0.121573,0.420879,-0.162093,-0.064317,-0.145235,0.247342,-0.072132,-0.160592,0.355504,0.319973,-0.127730,0.140683,0.414479
0.011208,-0.010568,-0.027839,-0.001555,-0.018595,0.980879,0.026892,-0.059456,0.004568,-0.005783,-0.044069,0.011566,-0.019558,0.026209,0.006914,-0.042724,0.005620,0.161003,0.023038,-0.026460
0.992196,-0.064595,-0.038650,-0.004771,0.017120,0.007438,-0.019822,-0.020836,-0.053822,0.016672,0.021794,0.003937,0.012344,0.052933,0.011186,-0.011779,-0.039476,0.005076,0.013192,0.006399
-0.031294,-0.028520,-0.069183,-0.043887,-0.012182,0.097254,0.008641,0.977649,0.036329,-0.032336,-0.051673,-0.011932,-0.079702,-0.038554,-0.028373,-0.092889,0.021248,0.018018,-0.026602,-0.045632
-0.091720,-0.043139,-0.004543,-0.084294,-0.020802,-0.007775,-0.086037,-0.060066,-0.076596,-0.016092,-0.149011,-0.181096,0.056372,0.166038,-0.008790,0.126042,0.859651,0.011084,0.352123,0.012128
0.031478,0.004338,-0.002289,0.029483,0.039692,0.032187,0.117010,0.001284,-0.017771,0.107197,0.628997,-0.068544,0.003766,0.038881,-0.004255,-0.001325,-0.025606,-0.010423,0.121445,0.743378
0.959920,-0.066531,-0.084008,-0.067487,0.039972,-0.023770,-0.037918,-0.166783,-0.033973,0.001183,-0.003832,-0.049456,0.002942,0.075630,-0.023560,0.107228,-0.005607,0.040071,0.024610,0.086354
-0.036619,-0.139451,-0.056605,0.173123,-0.084302,-0.124514,-0.244184,0.689050,-0.215787,-0.174096,-0.083329,0.193059,-0.080695,0.248010,0.360721,-0.040188,0.219073,-0.088803,0.081960,0.074633
-0.127809,0.048428,0.030867,0.119449,0.100581,0.295478,0.068986,-0.051406,0.050424,0.008833,-0.284906,-0.036960,0.051353,0.044789,0.033520,0.778627,-0.086323,-0.034890,-0.181859,0.349781
-0.004496,0.034284,-0.052703,-0.037120,0.109092,0.083406,-0.011868,-0.044128,-0.018374,0.047327,-0.080171,-0.016685,0.019348,0.033133,-0.049673,-0.031660,0.970645,-0.004034,0.109773,0.072519
-0.290421,-0.033611,0.130906,0.170201,-0.008334,-0.068315,0.032526,0.593103,-0.060462,-0.066112,-0.276557,0.314223,0.082847,-0.150712,0.367045,-0.202795,-0.088156,-0.038013,-0.013913,0.335818
0.978992,0.035251,0.010457,-0.018399,0.037342,-0.022805,-0.008777,-0.036617,0.024817,0.078062,-0.064849,-0.036513,0.015669,-0.008719,-0.022429,-0.030013,0.091334,-0.009321,0.034247,0.113914
0.352106,-0.059913,-0.212345,0.230939,-0.037892,0.397405,-0.234832,-0.174189,0.256406,-0.166707,0.476618,-0.167278,0.184214,0.208548,0.118176,0.089204,0.184716,0.046319,0.157919,-0.141135
0.064284,0.005655,0.012869,0.040118,0.051659,0.075426,0.068724,-0.049156,-0.048392,0.040424,0.970924,0.004070,0.007203,0.120470,-0.027723,0.015129,0.079970,0.038262,0.083405,-0.038721
0.088625,-0.018348,-0.145593,-0.029709,-0.041240,0.640598,-0.146353,-0.251623,0.074000,-0.175119,0.078299,-0.139534,0.004946,-0.117231,0.071636,0.115851,0.388656,0.131286,0.452541,0.076047
-0.078478,0.017739,-0.011514,0.138321,0.037880,0.258921,0.037751,-0.075650,0.074611,0.003826,-0.079172,-0.040285,0.027917,0.016599,0.069179,0.042599,0.027652,0.000765,0.933702,0.070318
0.084035,0.039137,0.186832,0.345651,0.073862,0.137066,0.302711,0.023342,0.314499,0.075731,0.003003,0.059250,0.260531,-0.133348,0.411422,-0.217414,0.284300,0.291610,0.371849,-0.078170
-0.009433,-0.096583,0.341945,0.522233,0.099367,-0.239576,-0.005595,-0.183771,-0.139910,0.021766,0.069739,-0.282733,0.285938,0.164346,-0.013428,0.369662,0.287205,-0.195299,0.145776,-0.086751
0.049732,0.003609,-0.022844,-0.055975,0.018302,-0.004444,0.064254,0.985693,0.043919,0.013632,0.044995,0.093522,0.003171,0.012825,0.023776,0.000532,0.046555,0.005227,0.031768,0.030898
-0.010272,0.465255,-0.139731,0.020786,-0.036336,0.461284,-0.011817,0.031964,-0.017209,0.485723,-0.025435,0.098681,0.026643,0.002949,0.236362,-0.034465,0.265008,0.402451,0.057425,0.091305
0.981849,0.044688,-0.009405,0.039082,0.060902,0.009668,-0.035200,-0.007064,0.022392,0.011276,0.029789,-0.052714,-0.000692,0.043290,-0.008545,0.021103,0.123675,-0.022198,0.000462,0.069225
-0.127138,-0.138389,0.255593,0.430643,0.091650,-0.143252,-0.190085,-0.167424,0.011281,0.449825,-0.087148,-0.379982,-0.007512,-0.149744,-0.139312,-0.009525,0.313516,-0.015742,-0.025839,0.353810
-0.295315,0.237599,-0.197960,-0.138424,-0.150144,0.307414,-0.234756,0.093817,-0.151609,-0.235150,-0.235246,-0.142339,-0.148514,-0.240399,0.064331,-0.212639,-0.045932,0.455134,-0.080214,0.343879
0.022992,0.062875,0.011515,-0.001760,0.074794,0.002015,0.049134,-0.033844,0.026509,0.010962,-0.028781,-0.042835,-0.039919,0.024472,-0.048807,0.004811,0.978125,-0.051502,0.028352,0.133999
0.049642,0.001124,-0.005471,0.078120,0.022955,-0.034672,0.070744,-0.071335,0.034214,0.025948,0.983561,-0.023170,0.029974,0.017212,0.042128,0.077999,0.023604,-0.003130,-0.000148,0.013673
0.039763,0.037559,0.979185,0.027852,0.047576,0.035782,0.003950,-0.063360,-0.011556,0.023001,0.063818,-0.023343,0.006191,0.124271,-0.054297,-0.022564,-0.008644,0.014262,0.073185,-0.001188
0.269204,-0.042958,0.285503,0.166767,-0.164225,0.205446,0.193221,0.053850,0.231299,0.091137,0.363558,-0.170366,-0.066800,0.018246,-0.155886,-0.191821,0.289658,0.392431,0.329171,0.267948
