0.037923,-0.057909,-0.034572,0.032452,-0.013815,0.112740,0.061924,-0.013681,0.016988,0.012640,0.970653,0.017192,-0.076767,0.088510,0.027548,0.048843,0.111938,-0.041773,-0.043482,-0.009414
0.443367,-0.140367,0.061810,0.252586,-0.086098,-0.227332,-0.071446,-0.114180,-0.082041,0.018446,0.123220,-0.102892,-0.104348,0.052960,0.628514,-0.004952,-0.278584,-0.046575,0.314586,-0.136149
0.135368,-0.059811,-0.004134,0.051135,-0.006884,0.038852,0.062213,0.040652,0.042169,-0.052995,0.929490,-0.101470,-0.048219,0.083215,-0.031243,0.054552,0.138590,0.005240,-0.234488,0.046148
0.349460,-0.067584,0.173324,0.284299,-0.003105,-0.134016,0.174934,-0.023092,0.345818,-0.183642,0.035270,-0.012052,0.261754,-0.282348,0.373020,0.181962,0.280371,-0.090885,0.387238,-0.036373
0.048160,-0.120434,0.190489,-0.190762,-0.070996,-0.301903,0.141527,-0.034912,0.188443,-0.389338,0.524968,-0.017894,0.071319,-0.088153,0.416151,-0.220523,-0.125748,0.004731,0.282051,-0.001704
-0.033129,0.029834,-0.048144,-0.018830,0.206096,0.016515,-0.091662,-0.236338,0.068424,-0.153771,-0.321407,0.065418,0.321675,-0.140582,0.463149,-0.162411,-0.148657,-0.102991,0.596125,-0.015208
0.485512,-0.000872,-0.036364,0.432627,-0.044346,-0.043294,0.279669,-0.123931,0.051533,-0.127508,0.168800,-0.163997,0.208108,0.102975,0.124992,0.042229,0.111661,0.112020,0.550000,0.072356
0.090157,0.055634,0.056641,-0.060068,0.012092,-0.043790,-0.016242,-0.044809,-0.026895,-0.006577,-0.036291,0.083095,-0.005329,-0.026762,-0.036948,0.978567,0.020989,-0.029835,-0.084895,0.019905
0.005657,-0.025526,0.059514,0.060233,0.010389,0.023043,0.033396,0.013024,0.045550,0.036852,0.985767,0.009712,-0.044512,0.074713,-0.038623,0.035905,0.054060,-0.007770,0.027746,-0.029374
-0.171177,-0.119340,0.501990,-0.053582,0.123801,0.062917,-0.031952,-0.188799,0.358790,-0.401301,-0.034824,-0.149675,-0.071945,-0.365463,-0.024748,-0.014531,-0.001072,-0.153435,-0.251301,-0.325565
-0.058266,0.018776,0.017543,0.049932,0.018461,0.079649,0.057294,-0.035372,0.099522,0.062511,0.899584,-0.028735,-0.009375,0.115591,0.374189,0.000984,0.012642,-0.006725,0.054211,-0.041631
0.002372,-0.148763,0.195802,0.154088,0.050946,-0.012232,0.487182,0.269494,0.118658,-0.209179,-0.120200,0.239266,-0.016855,-0.094271,0.347680,0.141188,-0.230419,-0.071080,-0.129955,0.498510
-0.063773,-0.000055,0.010773,0.057363,-0.002496,0.017689,0.054849,-0.065505,0.014182,0.981607,0.060348,-0.028624,-0.006675,0.102839,0.038918,0.027828,0.017144,0.013784,0.046999,-0.033015
0.196392,0.155465,0.228498,0.016144,0.062132,0.094820,0.452009,0.154588,0.126984,0.070779,0.709437,0.144815,-0.045067,0.024800,0.098465,0.181336,-0.112371,-0.036455,-0.143811,0.135863
0.116838,-0.005223,0.008506,0.084565,-0.000496,0.036955,0.061861,0.091821,0.059652,-0.039605,0.921446,-0.038744,-0.017323,0.074458,-0.079683,0.038750,-0.023540,-0.003123,0.305284,0.048228
0.076914,-0.166369,0.234530,-0.048151,-0.256193,-0.348621,0.395172,-0.119708,0.050173,-0.332679,0.233629,0.010315,0.336785,-0.122951,0.025441,-0.043819,0.250326,0.080391,0.428012,-0.010441
-0.085927,0.123157,0.105506,-0.042106,0.027951,-0.028267,0.034244,0.014668,-0.015513,-0.066412,-0.013067,0.971275,-0.023939,-0.007725,-0.051633,-0.013728,0.027400,-0.063752,-0.018268,0.068866
0.191435,0.292328,0.023866,0.162170,-0.043629,0.006831,0.090839,-0.254202,0.180303,0.284764,-0.354851,-0.240915,0.306951,0.076080,0.500309,0.101654,0.093126,-0.030744,0.323627,-0.060379
-0.012486,0.044990,-0.017702,0.064520,0.016934,0.055354,0.024822,0.014690,0.012682,0.030807,0.986867,-0.000142,0.000375,0.092290,0.063457,0.008561,0.006274,0.029325,-0.017715,0.017718
-0.004468,-0.065199,0.038364,0.065781,-0.037047,0.020460,-0.007757,-0.017009,0.082668,0.064486,0.973411,-0.019070,-0.009200,0.037115,-0.045304,-0.069962,0.010213,0.075414,-0.047992,-0.111359
-0.010050,0.165104,0.054164,0.016073,0.089611,0.050125,0.038409,-0.012343,0.077141,-0.099235,-0.053233,0.043970,-0.030908,0.012022,0.002625,-0.020233,0.137465,-0.063180,-0.055802,0.953517
-0.047979,0.089474,0.019197,0.055967,0.010405,0.036658,0.021096,-0.076170,0.070709,0.361902,-0.114126,0.007229,-0.052125,0.071523,0.899750,0.087631,0.048559,0.013872,0.034355,-0.025488
0.180626,-0.033061,-0.003667,-0.057236,-0.057762,0.089906,-0.117006,-0.036249,0.190959,0.345033,-0.119920,-0.084555,0.022331,0.171591,0.658373,-0.044916,0.097576,0.074825,0.522485,0.077457
-0.039172,-0.016166,0.019333,-0.129389,0.014810,-0.035332,0.009789,-0.027850,-0.033898,0.039080,-0.009704,0.182286,-0.010908,-0.095539,-0.052985,-0.048688,0.047646,-0.075185,-0.070503,0.956783
0.123466,-0.034886,0.013880,-0.110329,0.121802,0.015125,0.079447,0.085132,0.005501,-0.107239,-0.035921,0.795344,-0.017125,-0.048611,0.068816,0.513858,0.117071,-0.096988,-0.050392,-0.008040
0.958392,-0.041399,0.040292,0.047324,0.030669,0.044123,0.117153,0.060911,-0.010992,-0.040586,-0.088131,0.051387,-0.039228,0.042189,0.033482,0.005563,0.059633,-0.065619,-0.172713,0.035310
0.964660,-0.036153,0.019781,0.079037,0.032265,0.081282,0.093743,0.069986,0.005557,0.045502,-0.001624,0.059029,-0.022814,0.053478,-0.061234,0.039346,0.037141,-0.024093,-0.154554,0.006207
0.264037,0.023483,0.045463,0.006837,0.297845,0.079839,0.111683,-0.160255,-0.039531,0.411912,0.422083,0.122810,0.326739,0.022259,0.002540,0.127839,-0.072304,-0.077448,0.032825,0.542219
0.681787,0.069913,-0.019439,0.123473,-0.006706,0.092839,0.116281,-0.109220,-0.031905,-0.057883,0.038736,-0.071631,-0.035793,0.573005,0.283957,0.024691,-0.025280,0.113491,-0.010353,0.212268
-0.178053,-0.110529,0.079273,-0.213580,0.186267,0.142979,0.213957,-0.177455,-0.045874,-0.290937,-0.008318,0.136277,0.273036,-0.172941,-0.158168,0.594619,0.204693,-0.221078,0.029555,0.302806
0.063711,-0.042544,0.040465,0.007183,0.022381,0.057864,0.102256,0.020554,0.002973,0.053875,-0.086774,0.018069,-0.021709,0.080107,0.441437,0.090869,0.057502,-0.033232,0.867480,-0.001066
-0.111388,0.060810,0.049675,0.039238,0.019267,0.055122,0.067361,0.034371,0.016510,-0.059675,0.966147,-0.070702,-0.108091,0.055897,-0.095869,-0.025966,0.033528,-0.017266,0.025444,-0.041762
0.008677,0.043709,0.041496,0.035211,0.003346,0.097894,0.167053,0.002242,0.030238,-0.080868,-0.138406,0.047965,-0.029969,0.094760,0.921301,0.122254,0.179090,0.036730,-0.078168,0.124434
0.568075,-0.081693,-0.079957,0.000292,0.158567,-0.143687,-0.005021,-0.153544,0.097110,-0.149837,0.446669,-0.118390,0.430814,0.075396,-0.045024,0.080925,0.268913,0.092842,0.246945,0.087442
-0.161762,0.123788,-0.021940,0.033323,0.043997,0.070019,0.138935,0.117454,-0.030008,-0.023021,0.016846,0.080745,-0.092030,0.007516,0.097762,0.067175,0.118948,-0.039638,0.923149,0.135010
0.231164,-0.041804,0.032365,0.025298,0.005534,0.125338,0.056299,-0.011164,0.012856,0.896243,-0.016754,0.091129,0.002468,0.064657,0.296299,0.019455,0.074649,-0.084217,-0.080444,-0.024443
0.065578,-0.039861,-0.006204,0.025809,-0.015165,0.052568,0.018390,0.020246,0.002262,0.026391,0.981797,-0.018704,-0.027648,0.091422,-0.067061,-0.025477,0.080839,-0.027748,-0.043812,-0.034568
-0.123401,0.037909,0.165966,0.020229,0.075296,-0.081608,0.834151,0.002810,0.042395,0.213659,0.037707,0.410661,0.027457,-0.048892,0.058363,-0.055594,0.064215,-0.003193,-0.017576,0.125062
0.899476,-0.076635,0.007739,0.077697,0.010138,0.055998,0.043891,0.028164,0.012005,0.083208,0.065395,0.087532,-0.024128,0.074353,-0.010800,0.158865,-0.024177,0.062902,0.331065,-0.091639
0.138063,0.084268,0.040986,-0.038656,0.012278,-0.026525,-0.014776,-0.011908,-0.019946,-0.009399,-0.008577,0.046273,-0.008160,0.003843,-0.018463,0.980422,-0.019207,-0.019614,-0.051338,0.041343
-0.027561,-0.123622,0.277761,0.189702,-0.066755,0.256971,-0.015832,-0.148491,0.076234,0.066162,0.050682,0.081911,-0.005276,-0.072154,0.685946,0.070664,-0.022811,0.401123,0.322104,-0.112438
0.141092,0.256663,0.131117,-0.163123,0.071258,0.030055,0.323599,0.003371,0.089333,-0.033437,0.084288,0.289737,-0.060609,-0.092981,0.079277,0.747868,0.170477,-0.113587,-0.023285,0.197842
0.157417,-0.002357,0.251321,-0.224171,-0.016409,-0.090681,0.188056,-0.053096,0.594305,-0.203277,0.107332,-0.133057,-0.007358,-0.024929,0.456145,-0.185059,-0.052172,0.148215,0.349918,0.035428
-0.043810,0.086404,0.028173,0.022887,0.033256,0.081970,0.022982,0.001689,0.030712,0.082902,-0.034693,0.031155,-0.044281,0.092283,0.971562,0.110348,0.031002,-0.034402,-0.046663,-0.006506
-0.028993,0.016538,0.013072,0.041116,0.016905,0.037093,0.030296,-0.035806,0.008479,0.019165,0.870649,-0.015612,-0.004934,0.079330,0.477098,-0.001308,0.021627,0.004119,0.004911,0.000508
0.052443,-0.011025,0.050104,0.112983,0.045054,0.037938,0.019609,0.086913,0.006324,0.081071,0.956091,0.005571,-0.090034,0.065747,-0.087187,0.068781,-0.030590,-0.055925,-0.144432,-0.002527
-0.047183,-0.065214,0.049373,-0.143894,-0.030228,-0.080646,0.074087,-0.081793,-0.028447,0.164037,0.095700,0.199586,-0.028660,-0.084226,-0.005053,-0.114262,0.104166,-0.038493,-0.024948,0.916581
-0.097314,0.067000,0.149830,0.003404,0.013603,-0.048085,0.076904,0.047941,-0.026817,-0.003056,0.016262,0.967644,0.025139,-0.013423,-0.012381,-0.048546,0.102717,-0.004953,-0.032901,-0.023725
-0.025828,0.054590,0.009789,0.037609,0.021918,0.035770,0.017608,-0.023973,0.010299,0.983478,0.042641,0.010224,-0.039588,0.029586,0.125071,0.054354,0.013883,-0.005674,0.009961,-0.039713
0.265775,-0.001123,0.053390,0.112119,0.239947,-0.143550,0.315401,-0.171812,0.083829,0.148110,0.114031,0.338675,0.635101,0.039254,0.348435,-0.016690,0.108416,0.013568,-0.060954,0.088664
0.109460,0.021794,0.054758,-0.039806,0.010527,-0.026445,-0.010348,-0.043288,-0.007026,0.020250,-0.029883,0.045968,0.003087,-0.014866,-0.039071,0.984028,0.036288,-0.015603,-0.062410,0.034352
0.068765,-0.019271,-0.064632,0.045642,-0.011163,0.187136,0.121942,0.007892,0.254692,0.131433,-0.175136,-0.093355,0.423189,0.089226,0.048511,-0.011907,0.024141,-0.016085,0.789583,-0.056602
0.016923,-0.076935,0.099989,-0.103284,0.068343,0.011705,0.028807,0.129993,0.014168,-0.163122,-0.055694,0.932639,-0.004043,-0.049064,-0.000907,0.016545,0.182475,-0.071020,-0.074793,0.065072
0.035319,0.077168,0.039942,0.016023,-0.021377,0.062414,-0.068997,0.033976,0.050103,0.031126,0.974508,0.026396,-0.019788,0.032946,-0.078262,-0.030750,-0.003706,0.087163,-0.062007,-0.082656
0.047049,-0.371395,0.116906,0.181372,0.121855,-0.180213,0.074682,0.075766,0.332826,-0.309037,-0.162529,0.287563,-0.182717,-0.178977,0.455852,0.021888,-0.342604,-0.183516,0.029640,-0.116742
0.061433,-0.176284,-0.428247,0.202345,-0.034951,0.017542,0.161007,-0.153808,0.328689,0.044457,-0.179182,0.144323,-0.055018,-0.012109,-0.020506,-0.122902,-0.333746,-0.149077,0.555685,-0.256239
-0.115717,-0.309388,0.286987,-0.121704,-0.121587,-0.229656,-0.078175,-0.145822,0.160834,-0.170757,-0.389439,0.303330,-0.151699,-0.146501,0.459180,0.137673,-0.194492,-0.194806,0.137030,-0.176885
0.271560,0.107686,0.109835,0.078142,0.026485,0.154331,0.012359,0.042998,0.150324,-0.044752,0.340574,-0.291469,-0.020256,0.233598,0.196894,0.039422,0.029335,-0.019060,0.738995,-0.042269
-0.019413,0.002248,0.003199,0.031391,0.006720,0.001588,0.034399,-0.050075,0.016263,0.988536,0.086304,-0.023398,-0.003929,0.083243,0.037681,-0.003492,0.014342,0.015293,0.012764,-0.021005
0.095238,0.038323,0.292579,-0.092456,0.139396,-0.198467,0.249546,-0.245375,-0.049462,-0.284306,-0.231996,0.272963,0.213351,-0.192094,0.302384,0.048677,0.295014,-0.102807,0.185031,0.440837
-0.120382,0.072021,0.166071,-0.079813,0.022578,-0.030825,-0.105304,0.096016,-0.022549,0.060718,-0.027453,0.957557,0.005624,-0.000388,-0.014837,-0.000115,-0.007370,-0.034763,-0.024845,-0.024660
0.011171,0.042421,0.027677,0.002592,0.043060,0.072669,0.193293,0.041070,-0.028973,0.021694,0.000907,0.062534,-0.066481,0.064783,-0.051284,0.051363,0.090386,-0.107660,0.954214,0.041582
0.129574,-0.172852,0.184944,0.054597,0.060583,-0.207219,0.303296,-0.072358,0.280817,-0.106000,-0.077946,-0.068564,0.454924,-0.200418,-0.148094,0.024255,-0.050228,0.052314,0.606116,-0.170772
0.053018,-0.232376,0.022090,0.271606,0.347149,-0.185360,0.120794,-0.183753,0.060093,0.119598,-0.207665,0.442091,0.317740,-0.282984,0.190690,-0.252588,0.203085,-0.145606,0.237114,0.096706
0.218073,-0.008498,0.089398,-0.144510,-0.073233,-0.151221,0.082649,0.044572,0.166444,-0.231876,0.753004,-0.196776,-0.015939,-0.097718,0.109389,-0.182072,-0.029323,0.110704,0.356223,0.065668
0.247212,0.127847,0.045044,-0.069953,0.100010,-0.019294,0.547005,0.061218,0.069256,-0.097529,-0.176700,0.144084,0.242214,-0.066960,-0.054385,0.627614,0.238435,-0.079012,-0.093376,0.064575
-0.000091,-0.112693,0.352336,-0.048206,0.183110,-0.283215,0.541388,-0.052341,0.241688,-0.215641,0.237264,0.054362,0.450930,-0.177707,0.142594,0.039386,0.077086,-0.092249,-0.120723,0.035540
0.021642,0.042649,0.013082,-0.016434,0.022291,0.064173,0.121681,0.064021,-0.036992,0.061239,-0.101461,0.109233,-0.053596,0.072232,-0.191977,0.040014,0.125180,-0.086727,0.936197,0.014286
0.097800,-0.140284,0.122996,-0.024246,-0.020570,-0.103713,0.547549,-0.083984,0.083819,-0.166706,-0.138372,0.591423,0.008228,-0.227519,0.190530,0.329453,-0.020712,-0.111354,-0.097521,0.119330
-0.093876,-0.135228,0.118361,0.194814,0.046556,-0.137708,0.421314,-0.142022,0.290195,-0.356960,-0.149534,-0.029221,0.561586,-0.004373,0.287965,-0.036311,-0.197064,-0.050570,0.156533,0.041819
0.062500,-0.034670,-0.028427,0.028209,0.047305,0.077254,0.141435,0.039092,-0.023174,0.075198,0.193957,-0.026017,-0.063436,0.077839,0.005591,0.050190,0.120238,-0.019696,0.943884,0.025824
-0.169710,-0.227734,0.238183,0.238557,0.168953,-0.011133,-0.078200,0.029250,0.275662,-0.020251,0.094360,0.148963,0.546118,0.190628,0.402760,-0.129782,-0.052860,-0.002016,0.059763,-0.377556
-0.168828,-0.102118,0.430286,-0.005069,-0.181263,-0.171051,0.459756,0.023371,0.325082,-0.081939,-0.226747,0.319490,0.202640,-0.136416,0.372109,0.007806,0.013555,0.031707,0.147635,0.121642
-0.010456,-0.129874,-0.016397,0.009950,0.026046,0.081649,0.076967,-0.090486,-0.000075,0.032563,0.147013,0.101033,0.469475,0.069455,0.612399,-0.150295,0.067479,-0.060514,0.544583,-0.026091
-0.096299,0.189511,-0.016892,0.179024,0.067492,-0.023166,0.084740,0.123050,0.115779,-0.021281,0.892786,-0.082567,0.121185,0.049321,-0.000361,0.040291,0.117758,-0.061081,0.176284,0.099528
-0.125565,-0.063087,-0.325258,-0.047047,0.157690,-0.178055,0.055706,-0.206052,0.231282,-0.401722,-0.021385,0.045186,0.412728,-0.138520,0.336937,-0.140844,-0.110092,-0.156757,0.429836,-0.091639
0.105884,0.051175,0.239080,0.555015,0.242581,-0.188184,0.104306,0.051457,-0.109479,-0.260926,-0.294944,0.164984,0.277540,0.285169,0.215468,-0.146117,-0.004783,0.094698,0.285641,-0.046859
0.123737,-0.126924,0.283583,-0.030895,0.047387,-0.196716,0.216012,-0.171945,0.234614,-0.280076,0.385199,0.087654,0.188319,-0.385224,0.510507,-0.061823,-0.138853,0.096934,0.059250,0.001231
-0.083026,0.082596,0.120132,0.079287,0.019324,0.051486,0.134201,0.222054,0.117199,-0.018882,0.879671,0.019893,-0.033280,-0.010464,-0.091991,0.094073,-0.003003,0.007673,0.293108,-0.049056
0.028966,0.280821,0.349053,0.209213,0.002227,0.328390,-0.063649,-0.243613,0.036341,-0.251147,0.168669,-0.278916,0.346693,0.112601,0.163670,-0.087819,0.073035,-0.154594,0.464436,0.022400
0.126923,0.028934,0.034359,-0.070399,0.038500,-0.036932,0.017319,-0.018036,-0.021033,0.067399,0.020893,0.060362,0.002028,-0.013652,-0.031618,0.977492,0.037281,-0.020813,-0.069882,0.031517
0.202860,0.319597,0.002536,0.077064,0.093139,-0.040681,0.116729,0.087312,0.130071,-0.206992,0.196045,0.045416,0.399141,0.064947,0.687614,-0.037740,0.026517,-0.046974,0.277463,0.035445
-0.175749,0.082406,0.128218,-0.049875,0.041987,-0.034832,0.147565,0.033996,-0.007975,-0.062896,-0.021180,0.945108,0.028757,-0.041057,0.027094,-0.040936,0.085437,-0.046076,-0.046712,0.057118
-0.029136,-0.075136,-0.000136,0.178944,0.028242,0.034263,0.041695,-0.237784,0.302702,0.120817,0.429242,-0.002383,-0.076823,0.096065,0.724594,0.144422,-0.172934,-0.074939,0.038509,-0.112802
-0.010376,0.035379,0.068532,-0.019966,0.109307,0.068547,0.037512,-0.007139,0.086724,-0.073654,-0.049471,0.037978,-0.031568,0.027662,0.064925,0.067624,0.068684,-0.070670,-0.051464,0.967313
-0.003008,-0.038627,0.188749,-0.015657,0.181736,-0.144203,0.322727,-0.267645,0.023517,-0.227893,-0.000238,0.233992,0.326168,-0.182658,0.459049,-0.130206,-0.029554,-0.108096,0.495603,0.012979
0.106583,0.136430,0.223908,-0.201574,0.163152,-0.200938,0.055751,-0.208063,0.148158,-0.037940,-0.319683,0.098417,0.304597,-0.237803,0.306144,0.104533,0.271470,-0.233826,0.477174,0.143342
0.090703,0.003585,0.320134,0.345601,0.136080,-0.162461,0.040210,-0.224248,0.140942,-0.381668,-0.099375,0.087609,0.504999,-0.068949,0.244405,0.093317,0.063157,-0.226094,0.271644,0.181152
0.000351,-0.102223,-0.007474,0.034355,-0.034678,-0.016315,-0.059944,-0.018392,0.031194,0.114186,0.955166,0.024176,-0.014087,0.071762,-0.104343,0.053726,0.052929,0.051104,-0.116566,-0.133617
-0.096765,-0.127395,0.268834,0.184425,0.092945,-0.192868,0.250027,-0.211447,0.135290,-0.239054,0.023853,0.215009,0.386223,-0.277658,0.135569,-0.112536,0.352692,-0.107504,0.176859,0.410221
-0.059971,0.074956,0.173741,-0.055442,0.035495,-0.039202,0.152806,0.038545,-0.003331,-0.058948,0.105530,0.944626,0.012249,-0.049555,-0.012918,0.026207,0.132178,-0.016664,-0.039665,-0.013043
0.173546,0.129063,0.230870,0.170363,0.243588,0.023987,0.383212,-0.217582,0.072033,-0.361879,-0.065157,-0.066372,0.384537,-0.093144,0.026596,0.373215,0.287628,-0.198483,0.222385,0.062279
0.033684,-0.053561,0.014316,-0.008885,-0.014999,-0.006446,-0.039359,0.000253,0.032932,0.040792,0.956804,0.037548,-0.053759,0.077693,-0.050416,0.050724,0.098180,-0.034213,0.201992,-0.092812
-0.179675,0.016163,0.025711,0.031097,0.036119,0.185371,0.154810,0.026055,-0.028164,0.014760,0.752747,-0.024647,-0.068908,0.138982,-0.073059,0.040313,0.085803,-0.002090,0.546637,-0.007995
-0.004673,-0.059659,-0.010414,0.036116,-0.022230,0.052546,0.007974,-0.027733,0.042485,0.035939,0.983310,-0.004528,-0.047427,0.062194,0.041897,-0.030766,0.068987,-0.020467,-0.023768,-0.079625
0.925177,-0.050316,0.043243,0.080422,0.013721,0.106306,0.081938,-0.002938,0.002684,0.066634,-0.020035,0.093349,-0.042250,0.038682,-0.067054,0.247121,0.034760,-0.002214,-0.165947,-0.061695
-0.058545,0.166909,0.028833,0.156880,0.061147,0.205012,-0.036671,0.020088,0.019945,0.088510,0.734253,0.115318,0.265583,0.090312,0.239852,0.345270,0.100106,-0.076334,0.208247,-0.143008
0.334913,-0.070113,0.207799,0.223317,0.263830,-0.165925,0.031540,-0.216938,0.021242,-0.195342,0.047512,0.055891,0.321372,-0.184680,0.389105,0.026394,-0.192610,0.189417,0.471444,-0.126323
-0.018987,-0.179460,0.128853,0.095701,0.158573,-0.012184,0.262169,-0.260415,0.106483,-0.326056,-0.262720,-0.201613,0.310290,-0.053120,0.242322,0.254352,0.379263,-0.139784,0.349598,0.210699
-0.111922,0.046318,0.023052,0.055150,0.013776,0.075374,0.063868,-0.006598,0.034842,0.050926,-0.096029,0.035533,-0.027526,0.085995,0.957509,0.174313,0.026741,-0.036034,0.007289,0.006534
-0.123638,-0.120101,0.372063,-0.141791,-0.004463,-0.070796,0.266435,-0.109995,-0.071960,-0.114366,-0.061970,0.406025,0.044743,-0.134335,-0.018777,0.106333,0.459937,-0.114863,-0.051802,0.526834
0.161621,-0.165514,-0.128045,-0.222255,-0.097323,-0.055831,0.062811,0.000496,0.404037,0.196040,0.366618,-0.151038,0.014605,-0.185599,0.510990,0.049196,0.044565,0.102054,0.392404,-0.201705
0.115740,0.021947,0.050314,-0.071298,0.025956,-0.030169,-0.004482,-0.048808,-0.006560,0.029178,-0.029497,0.089427,0.004323,-0.025309,-0.042277,0.965263,0.058836,-0.043709,-0.070455,0.142284
0.072231,-0.055213,-0.004495,-0.031254,0.031051,0.005219,0.176542,0.008768,-0.041058,-0.047151,-0.146398,0.026138,-0.017224,0.039449,0.032983,0.067848,0.154636,-0.018405,0.943912,0.098553
0.069405,0.008199,0.023401,-0.065731,0.024762,-0.052454,-0.014577,-0.066073,-0.032705,0.053453,0.004809,0.127437,0.016720,-0.062200,-0.024906,0.908278,0.047033,-0.034908,-0.066838,0.352816
0.283992,0.029265,0.071495,-0.043517,0.010243,-0.099844,-0.103030,0.031842,0.082092,-0.143768,0.742569,-0.015489,-0.042965,-0.031331,0.235774,-0.146960,-0.195618,0.044411,0.359411,-0.247583
0.025976,-0.014545,-0.019641,0.290653,-0.016586,0.079938,0.141658,-0.044260,-0.055440,0.035364,-0.179063,0.101168,-0.046310,0.041015,0.185131,-0.052402,-0.073252,-0.043250,0.882001,0.113694
0.146713,-0.122936,-0.020773,0.096296,-0.031361,-0.009982,0.094527,-0.027773,-0.013046,-0.074752,-0.136163,-0.088358,-0.065443,0.112059,0.005645,-0.031078,0.211707,0.058993,0.918148,0.040360
0.115547,0.015053,-0.102043,-0.215194,0.246493,-0.179658,0.200675,0.112165,-0.078333,0.737125,-0.093160,0.312119,0.121299,-0.127352,0.089274,0.104723,0.146447,-0.082825,-0.040352,0.220054
0.135301,-0.015860,-0.049341,0.066308,0.021904,0.055219,0.035739,0.011226,-0.024362,0.020209,0.944197,-0.000630,-0.004161,0.059606,-0.093631,-0.008309,0.007478,-0.026378,0.248096,-0.049588
-0.137731,0.010329,-0.039402,0.002084,0.045254,0.118186,0.127747,0.117286,-0.015599,0.555171,-0.055026,-0.035982,-0.055366,0.152560,0.086981,0.074587,0.044523,0.053738,0.758808,-0.019142
-0.270469,0.140608,0.213492,0.001235,0.137556,-0.150730,0.429807,0.093658,0.400840,-0.382064,0.015734,0.052844,0.239134,0.064320,0.045121,0.126301,0.136878,-0.181109,-0.178999,0.392143
-0.225902,0.018338,0.005302,0.003653,0.026562,0.066250,0.079120,0.100251,-0.022315,0.035491,-0.118937,0.006270,-0.076836,0.051477,-0.061638,0.250489,0.130334,-0.005664,0.904982,-0.011579
-0.122087,-0.164260,0.302290,0.054030,0.266804,-0.190807,0.064315,-0.004053,0.260886,-0.356962,-0.160347,-0.142117,0.555843,0.061878,0.224804,-0.074862,0.236617,0.076357,0.279256,0.044109
0.076512,-0.055003,0.005164,0.055144,0.043843,0.110705,0.228766,0.021142,0.019436,0.015807,-0.069424,0.009071,-0.005419,0.081695,0.022853,0.085180,0.075446,0.003224,0.945919,0.024862
0.239624,0.137190,0.080387,0.065950,0.153922,-0.042125,0.189166,0.106468,0.170406,-0.342863,0.401852,-0.276954,0.487561,0.320372,-0.112649,-0.072783,0.166574,0.136164,0.028115,-0.223965
0.047185,-0.066673,0.000392,0.025718,-0.020400,0.077523,0.032748,-0.038952,0.041036,0.020529,0.980730,-0.002561,-0.055128,0.073605,-0.011521,0.031426,0.074404,-0.028199,-0.056839,-0.023838
0.003334,0.020237,0.265201,0.259397,0.159096,-0.058555,0.328277,-0.094333,0.406176,-0.357259,-0.013141,-0.085773,0.559289,-0.146375,0.075835,0.208878,0.093043,-0.064733,0.113827,-0.083663
-0.193971,-0.334141,0.167261,0.155096,-0.155739,-0.255051,-0.244126,-0.142349,0.231701,-0.121274,-0.007419,0.077137,0.456013,-0.253175,0.395228,-0.092329,-0.181682,0.014332,0.034027,-0.289798
-0.049357,0.072217,0.113910,0.015605,-0.001057,-0.023385,0.032013,0.031581,-0.018736,0.134586,0.025370,0.970161,-0.029390,0.029035,0.046704,-0.060707,0.011347,-0.024786,-0.068185,0.057213
-0.091934,0.046996,-0.068703,-0.147615,0.131070,0.048911,0.287778,-0.095426,-0.044673,0.033239,-0.097607,0.227566,-0.006131,-0.120307,-0.034302,0.702984,0.219439,-0.132445,-0.065280,0.455072
-0.028578,-0.075392,-0.000285,0.047938,-0.001393,0.013418,-0.030365,-0.022954,0.008952,0.045801,0.980001,-0.008012,-0.008523,0.065861,-0.014956,0.034309,0.015311,0.056004,0.038084,-0.127648
0.056210,0.047851,0.318152,0.004293,0.101784,-0.190699,0.065450,-0.292185,0.221175,0.121178,-0.096547,-0.009533,-0.238354,-0.005260,0.683529,0.078565,-0.346265,-0.103904,0.069336,0.134859
0.139661,0.018509,0.077068,0.212828,0.116025,-0.060046,0.397681,-0.249232,-0.161987,-0.294398,-0.240045,0.108037,0.195909,-0.250715,0.049120,0.269684,0.185325,-0.229180,0.052595,0.493319
0.964813,-0.011978,0.008105,0.087539,-0.005020,0.092378,0.019572,-0.025145,0.021940,0.075558,0.039085,0.025942,-0.027847,0.049077,-0.002778,0.146165,0.052951,-0.036006,-0.120140,-0.014422
-0.030638,-0.055907,-0.000738,0.036013,-0.011727,0.034405,0.008455,0.019347,0.000880,0.010609,0.918463,-0.015677,-0.042132,0.088372,-0.065658,-0.059837,0.112351,-0.048112,0.340756,-0.020236
0.056609,-0.059067,0.008536,0.045654,0.040389,0.103020,0.121862,-0.013073,0.008085,0.944048,0.027630,-0.046783,-0.024045,0.113228,0.226543,0.033100,-0.000142,-0.019722,0.046870,-0.035188
0.138934,-0.055649,0.286717,-0.220581,-0.182033,-0.058918,0.244513,-0.283442,0.188890,-0.178657,0.380626,-0.156213,0.145386,-0.203778,0.321812,-0.053440,0.115887,0.171267,0.433592,0.182435
