0.108420,0.172836,0.058489,0.188225,-0.157787,-0.020949,0.544592,-0.011314,0.375678,-0.070588,0.398429,-0.048937,0.086357,-0.228855,-0.193203,-0.161832,-0.150631,-0.002886,0.226343,-0.304868
0.151935,-0.028171,0.198996,-0.055683,-0.058696,0.331156,-0.005414,0.194973,0.026565,-0.083898,0.397645,0.684878,-0.017199,-0.051257,-0.207752,0.295851,0.082120,-0.073788,0.024627,0.030631
0.229096,0.186296,0.168771,0.134430,0.027208,-0.019794,-0.227244,-0.110693,0.171777,-0.418995,0.508244,0.116463,0.200441,-0.327625,-0.285092,-0.060072,-0.022350,-0.115900,0.256066,-0.111290
0.094872,0.063302,-0.045744,0.366726,0.095701,-0.100725,0.038013,-0.034332,0.246735,-0.278495,0.420360,0.298934,0.235215,0.002287,-0.318518,0.229455,0.448026,-0.082455,0.048220,0.068527
0.191123,-0.161624,0.170837,0.271199,-0.071407,-0.158094,0.173640,0.124681,0.124383,-0.239713,0.127981,0.213316,0.145153,-0.026473,-0.201230,0.603726,-0.145407,-0.007267,0.129556,0.399100
-0.040689,0.034502,-0.044589,-0.057560,0.366624,0.052317,0.374456,0.498727,-0.038744,-0.198523,0.184636,0.328964,0.240940,-0.040690,-0.175960,0.202565,-0.200307,-0.187799,-0.135161,-0.239112
0.124764,-0.027530,0.197958,0.166188,-0.003846,0.145030,0.061487,0.128201,0.100988,-0.447235,0.164800,0.564574,0.228106,-0.109695,0.430048,-0.132774,-0.041817,-0.091763,0.185779,0.090361
0.251583,-0.154786,0.080517,0.172279,-0.107108,0.605495,0.073133,0.206118,0.147258,-0.241703,0.175182,0.236574,0.213464,-0.067683,-0.282840,0.302620,-0.133968,-0.008922,0.103091,-0.183067
0.219628,0.000524,0.097869,0.072670,-0.161545,0.510038,-0.095644,0.173411,-0.071726,-0.232203,0.233947,0.451350,0.158550,-0.140159,-0.176146,-0.363255,-0.006587,-0.003179,0.112265,0.271143
0.319639,-0.079125,0.051600,0.247384,-0.049357,0.299815,0.394538,0.340231,0.022729,-0.146541,0.364320,0.066813,0.183000,-0.065554,-0.082986,0.416691,-0.166917,-0.167876,0.072801,-0.158540
0.325374,-0.210576,0.161026,0.117074,-0.102980,0.227668,0.275691,0.318488,-0.127926,-0.302714,0.193507,0.340248,0.319009,-0.133790,0.182000,0.223113,-0.099995,-0.083459,-0.256070,0.154775
0.230413,-0.021959,0.074158,0.204624,-0.005038,0.043838,0.074339,-0.078312,0.146917,-0.223165,0.342062,0.080906,0.224958,-0.090602,-0.076258,0.667963,0.237020,-0.299780,0.027362,-0.181413
0.069434,-0.500992,0.180582,0.171199,-0.140465,0.046243,0.011225,0.045291,0.222747,-0.178193,0.323330,0.519291,-0.017285,0.220395,-0.199565,0.010981,0.195624,-0.022694,-0.124808,0.243856
0.241001,0.064659,0.016997,0.003139,0.045580,0.269553,0.391295,-0.138826,0.140734,-0.260636,0.321545,0.181491,0.457455,-0.107578,-0.212551,0.104250,0.157027,-0.206647,0.049323,-0.345794
0.283714,-0.135018,-0.117625,0.068383,0.091242,0.323059,0.096924,-0.078566,0.123352,-0.258817,0.437461,-0.093851,0.175645,-0.136297,-0.001665,0.585413,-0.083602,-0.183575,0.025858,-0.196536
0.151246,-0.098755,0.332645,0.055182,0.005767,-0.016299,0.275656,0.201323,0.025308,-0.312395,0.328307,0.543751,0.275064,0.236838,-0.203537,-0.042319,0.220643,0.022637,0.041320,0.096445
0.084550,-0.072073,0.124632,0.212783,-0.052617,0.026777,-0.112132,-0.067919,-0.099939,-0.157383,0.545664,0.118336,0.182644,0.067754,-0.006566,0.628316,-0.128079,-0.315974,0.073081,-0.072850
0.326136,-0.179128,-0.060256,0.039406,-0.104593,0.384313,0.414737,0.410271,0.083837,-0.140641,0.320498,0.248227,0.147719,-0.045602,-0.260112,0.062937,0.202013,-0.095055,0.059545,-0.131704
0.168297,0.057710,0.190239,0.408893,-0.020873,0.034573,0.128889,-0.013777,0.248155,-0.178483,0.226214,0.246631,0.144302,-0.130909,-0.358363,0.593893,-0.004923,-0.137456,0.048539,-0.026898
0.067097,-0.045791,0.109251,0.221541,-0.117796,0.337694,0.054625,0.182742,0.126557,-0.099249,0.261872,0.079489,0.183564,0.007546,-0.117043,0.728584,-0.189907,0.217620,0.024231,-0.070949
0.192660,0.053682,0.069124,0.114387,0.050937,0.559224,-0.040039,0.013390,0.210426,-0.322440,0.294677,0.026395,0.200751,-0.208676,-0.183840,-0.115087,0.046489,-0.224162,0.140272,-0.431598
0.163068,-0.121212,0.187764,0.232716,-0.160934,-0.194785,0.118303,0.101370,0.177174,-0.089429,0.045937,0.183158,0.098990,0.025600,0.009761,0.710389,-0.074452,-0.235073,0.209847,-0.293439
0.221237,0.151549,0.294223,0.116147,0.020575,0.101632,0.275241,0.070484,0.003258,-0.284034,0.566454,0.233157,0.128438,-0.112075,-0.425013,0.157459,-0.038864,-0.062130,0.196849,0.045016
0.313308,-0.102129,0.043234,0.396896,-0.051480,0.021521,0.041691,0.127438,0.220575,0.316253,0.477214,0.194728,0.161870,0.029333,-0.141844,0.466599,0.003707,-0.079402,0.157549,0.023691
0.226958,-0.057686,-0.010849,0.240472,0.056092,-0.012516,0.247798,-0.165018,0.286187,-0.067020,0.156414,0.180669,0.188756,-0.018581,-0.149786,0.580673,0.261881,-0.292764,0.123444,-0.294374
0.372359,0.089924,0.210549,-0.015704,-0.000708,0.036027,0.191899,0.011393,-0.149435,0.004449,0.377778,0.176837,-0.027624,0.020141,0.002690,0.714485,-0.078706,-0.129137,0.194336,0.042320
0.213656,0.012360,0.132789,0.237509,-0.027622,0.147532,0.091654,0.034321,0.668425,-0.094830,0.473671,0.149440,0.047249,0.041861,-0.057382,0.234123,0.183369,-0.186864,0.118425,-0.030119
0.226210,0.093747,0.132683,0.237363,-0.121789,-0.086674,0.137275,0.165105,0.345661,-0.200378,0.193859,0.202610,0.344616,-0.129325,-0.289908,0.536539,0.046488,-0.128093,0.149212,-0.105554
0.030649,-0.169043,0.085322,0.404568,-0.182919,0.268533,0.223192,0.176801,0.281209,0.007347,0.478622,0.348597,0.176668,0.134425,0.089374,0.084564,-0.129950,0.217612,-0.076591,-0.220514
0.030851,-0.003280,0.052010,0.108379,0.021863,0.038124,0.079784,0.070954,0.071813,-0.119690,0.442119,0.313199,0.105384,0.032803,-0.203498,0.718196,-0.135236,-0.176147,0.119814,-0.158551
-0.064169,-0.197257,0.276818,0.162958,-0.075274,0.077547,0.144412,0.003378,0.013020,-0.054187,0.076961,0.460698,0.313624,-0.197893,-0.281460,0.393335,0.397124,-0.152301,0.082295,0.202094
0.277366,-0.199317,0.236845,0.398274,0.135770,0.163173,0.159908,0.122695,0.141158,-0.266828,0.371116,0.385051,0.224466,-0.033163,0.015473,0.195995,0.038809,-0.179347,0.265141,-0.108242
