-0.030701,0.032004,-0.402372,0.096750,-0.175971,-0.096959,0.454118,-0.052735,0.284936,-0.174187,0.453879,-0.070924,0.286373,-0.007027,0.038446,0.204290,-0.071114,0.186320,0.295773,-0.048034
0.471681,-0.244129,0.076149,-0.141082,0.072155,0.233561,0.326910,-0.108777,-0.117221,-0.002108,0.081529,0.173033,0.087546,0.045697,0.029714,0.249265,0.244716,0.027566,0.081606,0.568639
-0.024600,-0.211983,-0.379682,-0.029403,-0.294951,0.223081,0.078116,-0.204207,0.077532,-0.074422,0.557675,-0.030106,0.172137,-0.149103,0.150687,-0.038735,-0.055148,0.275537,0.240025,0.297943
0.547694,-0.176471,-0.015294,0.149468,-0.151895,0.183566,-0.135832,0.064641,0.301890,0.145689,0.464711,-0.264141,0.296241,0.102874,0.132810,0.155303,-0.109061,0.008579,-0.060754,-0.114321
0.015694,-0.081795,0.026268,-0.028712,-0.053030,0.200808,0.219890,0.552739,0.127558,-0.189240,0.353018,-0.023856,0.348434,-0.028510,0.122418,-0.166138,-0.002518,0.048189,0.289569,0.407776
0.022005,-0.004604,0.321617,0.108786,0.229580,-0.438245,0.356875,0.417116,0.076298,0.072917,0.202830,0.117085,0.232802,0.218627,0.029148,-0.122734,-0.258699,-0.268451,0.025044,0.120825
-0.018407,-0.173837,0.127389,0.730593,-0.017617,0.231548,-0.001852,0.002901,0.048558,-0.052492,0.267684,-0.163133,0.409920,-0.123076,-0.101125,0.155833,0.065529,0.193092,-0.042193,0.032853
0.661160,-0.143596,-0.024873,0.028509,-0.054497,0.234649,0.060300,0.091726,0.178028,-0.009588,0.371402,0.056781,0.343150,0.104483,-0.046643,0.295422,0.057806,0.051873,0.254831,-0.093264
-0.196866,-0.177234,-0.276175,0.008162,-0.221065,0.428371,0.473905,0.259054,0.017750,-0.002369,0.307297,0.167345,0.290023,0.053158,0.115875,-0.121548,0.067381,0.212829,0.185677,0.084964
0.231296,-0.291331,0.154456,0.304817,0.023813,0.314734,-0.025983,0.121919,0.101079,0.099758,0.402619,-0.149975,0.462842,-0.008615,-0.112709,0.119257,-0.005944,0.118591,-0.012875,0.411635
-0.327552,-0.080968,0.403074,-0.063300,-0.004754,0.116118,0.035703,0.324600,0.015657,-0.123240,0.423605,0.144784,0.229249,0.044984,0.053786,-0.027975,0.175902,0.286532,-0.231290,0.398629
0.061601,-0.128613,0.044128,-0.043365,-0.014718,0.127260,-0.108393,0.053828,0.125276,0.179993,0.675505,-0.157144,0.267758,0.139463,-0.171806,0.537150,-0.003135,0.023398,-0.070880,0.030206
-0.056441,-0.079792,0.193526,0.123315,-0.393941,-0.133734,0.115337,-0.000193,0.225636,-0.263435,0.437177,0.199484,-0.109036,0.340934,0.513339,0.007683,0.045515,0.015437,-0.071860,0.031784
-0.081868,-0.076171,-0.201039,0.048287,-0.152191,0.103085,-0.057187,0.310420,0.165698,0.181463,0.570067,-0.301937,0.499112,0.013688,-0.113429,-0.013222,0.030076,0.194597,-0.086649,0.161798
0.072470,-0.091500,-0.085228,-0.108927,-0.032095,0.267773,-0.030547,-0.160634,0.112644,0.583613,0.153672,-0.022625,0.198889,0.129600,-0.102706,0.571801,0.041896,0.066430,-0.299525,-0.024827
0.022690,-0.173039,-0.036165,-0.092602,-0.066231,0.199760,0.090231,0.338771,0.148438,0.212372,0.513216,-0.172138,0.380674,0.355396,0.280893,-0.019368,0.015397,0.123350,-0.066287,-0.248923
0.409795,-0.127589,0.063515,-0.139581,-0.080754,0.175071,-0.022627,-0.147932,0.125685,-0.065769,0.694310,0.098744,0.157290,0.262952,0.021499,0.319823,-0.092224,-0.032138,-0.076963,-0.093127
0.448744,-0.192838,0.042176,0.058208,-0.077686,0.338643,0.130462,-0.124284,0.026208,0.039466,0.505065,0.275303,0.284702,-0.004833,0.159811,-0.024955,0.319906,0.141223,0.047257,0.195472
-0.081852,-0.200057,0.122363,-0.078316,-0.095505,0.115300,-0.084730,-0.018753,0.184371,0.025582,0.173888,-0.219820,0.321141,-0.061164,-0.047270,0.803538,0.106364,0.074214,-0.125529,0.040755
0.512278,-0.139442,0.435899,-0.048386,0.190215,0.254418,0.086761,0.160007,0.201371,-0.107733,0.428720,-0.176467,0.263316,-0.056611,-0.014004,0.012456,0.021245,0.222924,0.013160,0.037799
-0.006855,0.259061,0.073703,0.353413,-0.135108,0.152682,-0.096829,-0.209427,0.110653,0.079506,0.478943,-0.238807,0.235978,-0.075946,0.092627,-0.079866,0.332042,0.363127,0.062279,0.283410
0.416590,-0.199742,0.162444,0.110356,-0.093594,0.149047,0.190820,-0.030338,0.173657,0.026045,0.407237,-0.151684,0.256706,0.227355,0.245402,0.221689,-0.277078,0.002125,0.392903,-0.043487
-0.164536,0.043399,-0.020684,0.246659,-0.262023,0.054736,0.086318,0.095525,0.219196,-0.052369,0.717226,-0.098838,0.088410,-0.344218,0.080720,0.122778,-0.279701,-0.090369,0.104865,-0.035885
0.737155,-0.217925,-0.017164,-0.013252,-0.084876,0.205904,-0.007837,0.016556,0.247336,0.095643,0.307925,-0.263209,0.196203,0.185099,-0.020292,0.178368,0.094327,0.016561,0.035377,0.094225
-0.034572,-0.135627,-0.094768,0.057233,-0.045260,0.200160,-0.011203,0.578152,0.418595,0.139800,0.227969,-0.125185,0.539551,0.046024,-0.041770,0.140303,0.059512,0.029715,-0.100774,-0.002284
-0.192271,-0.210421,0.098167,0.111290,-0.228786,0.284609,0.340854,-0.147348,0.066103,-0.019257,0.478388,-0.122367,-0.018846,0.053414,0.020283,0.566388,0.013800,0.118335,0.168764,-0.099172
0.044330,-0.107301,0.119910,0.009396,0.111089,0.106017,0.044800,0.000351,0.052507,0.090036,0.835411,-0.163786,0.151862,0.117244,-0.021709,0.361620,0.122895,0.045048,0.153520,0.046004
-0.103391,-0.041879,-0.346828,-0.113611,-0.264842,0.037122,-0.241880,-0.105659,-0.122768,0.050524,0.502088,-0.298901,0.554019,-0.169627,-0.036091,0.025322,0.073501,0.089581,-0.030337,-0.045921
0.489195,-0.198025,-0.006619,-0.004943,-0.119582,0.152696,0.079246,-0.032900,0.233285,-0.200409,0.602489,0.294125,-0.028102,0.016654,-0.076274,0.152011,0.041822,0.113284,0.266664,0.129052
-0.083694,0.069523,0.100956,0.064757,-0.171334,0.157284,-0.112651,0.083969,0.172491,-0.078002,0.548164,-0.218603,0.473528,0.073887,0.013285,0.213492,0.216537,0.091108,0.234103,0.361104
-0.062971,-0.165382,0.190859,-0.045084,-0.158772,-0.231170,-0.100389,0.351077,0.175513,0.262239,0.078938,0.000912,0.383405,0.222886,-0.134694,0.433887,0.372089,0.076706,-0.062091,0.247324
0.008867,-0.113073,0.106092,0.124184,-0.085863,-0.080036,-0.181988,0.247816,0.251602,0.078943,0.521081,-0.267800,0.348913,0.293817,-0.122026,0.167950,0.377251,-0.002738,0.129473,-0.170632
