-0.112397,0.144570,-0.013634,0.087984,-0.192610,-0.127718,0.619494,-0.176915,0.343102,-0.205048,0.333455,-0.077476,0.136718,-0.066888,-0.029885,0.217338,0.031192,0.057471,0.336358,-0.156178
0.477750,-0.154831,0.166868,-0.118344,0.046846,0.262487,0.250684,-0.057182,-0.063046,-0.102134,0.203385,0.267015,0.091809,0.020586,-0.082534,0.306804,0.147848,0.042857,0.094933,0.546952
0.009023,-0.216088,-0.246248,0.016387,-0.172764,0.353012,-0.244616,-0.211771,0.196786,-0.086969,0.596171,-0.054298,0.140409,-0.235502,-0.122633,-0.161652,-0.040395,0.179960,0.203434,0.191739
0.507850,-0.081077,-0.135983,0.283650,-0.019519,0.134523,-0.100870,-0.083009,0.395918,-0.051876,0.391812,-0.085066,0.405751,0.109888,0.074861,0.188584,0.149633,-0.115457,-0.032535,-0.161780
-0.087396,-0.060258,0.111168,0.019510,-0.062495,0.207130,0.512964,0.202703,0.206051,-0.149771,0.297376,0.046193,0.326338,0.049117,0.044209,-0.395698,0.021091,0.153503,0.276258,0.318969
-0.041762,0.011530,0.167786,0.076960,0.282804,-0.222135,0.505955,0.395868,0.092263,-0.038073,0.237474,0.268811,0.302799,0.115946,-0.150587,-0.117177,-0.312822,-0.036400,-0.152100,-0.139836
0.014421,-0.086041,0.124585,0.689314,0.022294,0.299118,0.047811,0.001203,0.160693,-0.131643,0.230216,-0.041990,0.403999,-0.147085,-0.263561,0.191680,0.040474,0.098806,0.071136,-0.063464
0.312917,-0.131581,0.061264,0.086589,-0.131242,0.226055,0.102566,0.163702,0.238655,-0.047281,0.380813,0.129633,0.368819,0.018004,-0.072257,0.565948,-0.026283,0.163065,0.184895,-0.153375
-0.113205,-0.168508,-0.110293,0.024412,-0.256117,0.460795,0.445726,0.172872,0.063272,-0.174116,0.279626,0.286102,0.318386,0.042073,-0.120933,-0.021068,0.102102,0.199288,0.148922,0.233780
0.354841,-0.296088,0.115587,0.433887,-0.183341,0.322851,0.120474,-0.031385,0.050511,-0.024329,0.418836,-0.102296,0.297724,-0.028961,-0.095060,0.356423,-0.090810,0.068883,0.045620,-0.042422
-0.087234,-0.072440,0.307887,-0.020916,0.035342,0.318855,0.280798,0.131030,-0.087891,-0.164586,0.340265,0.194904,0.268639,-0.121681,-0.078955,0.084615,0.104409,0.247295,-0.397075,0.417497
0.151008,-0.106066,0.053732,0.061184,-0.018739,0.127239,-0.009204,-0.008621,0.155931,0.013150,0.595121,-0.103404,0.260589,0.080292,-0.146181,0.672261,0.015834,-0.002199,-0.040472,-0.060958
0.017821,-0.067515,0.105347,0.099324,-0.424960,-0.039860,-0.061152,0.029113,0.230542,-0.037039,0.444432,0.288628,-0.172571,0.241736,0.330023,0.101242,-0.049606,0.092128,-0.476192,0.083409
0.088006,0.030747,-0.142635,-0.019677,-0.122007,0.180247,0.352523,0.244382,0.287807,0.004726,0.427918,-0.258073,0.561443,-0.015719,-0.209904,0.008013,-0.116571,0.096085,-0.005534,-0.155553
0.169190,-0.090026,-0.113685,-0.158088,0.013389,0.307156,-0.105081,-0.240059,0.156372,0.049111,0.243619,0.017529,0.217709,0.193613,-0.160594,0.716284,-0.066717,0.033224,-0.053863,0.208438
0.148026,-0.275758,-0.150580,0.030926,-0.056550,0.186089,0.107559,0.240537,0.195331,-0.064590,0.530649,0.198645,0.434078,0.429581,-0.113227,0.027573,-0.004133,0.063537,-0.120550,0.051534
0.336934,-0.144355,0.072674,0.052676,-0.077900,0.170358,-0.092758,-0.191753,0.126121,-0.068513,0.579760,-0.034374,0.262941,0.220393,0.030267,0.389880,-0.215902,-0.025603,-0.021529,-0.317564
0.333273,-0.198075,0.039187,-0.022267,-0.116065,0.443687,0.158878,-0.043292,0.078174,-0.073249,0.375423,0.423821,0.250448,0.016166,-0.051766,-0.113473,0.381183,0.178560,-0.149367,0.011787
-0.061241,-0.051204,0.173373,0.051799,-0.043153,0.108301,-0.028525,-0.060679,0.292786,-0.012328,0.246959,-0.066193,0.357031,-0.111185,-0.123921,0.750646,0.247337,-0.009410,-0.107357,0.010284
0.584679,-0.113965,0.288194,-0.048650,0.054198,0.268326,0.053598,0.316478,0.278672,-0.195557,0.324067,-0.051926,0.280071,-0.045629,-0.049118,0.034431,-0.095065,0.253469,0.001039,0.027400
0.102891,0.249450,0.360724,0.147402,-0.111881,0.264263,-0.077364,-0.225212,0.200050,-0.102989,0.485131,-0.256245,0.308486,-0.136465,-0.078653,0.064473,0.388566,0.070110,0.059061,0.033511
0.516372,-0.081121,0.249869,0.286342,-0.129399,0.156161,0.137652,0.136825,0.260342,0.106518,0.285329,-0.099086,0.179748,0.154196,0.165691,0.124352,-0.073836,0.094816,0.451218,-0.127104
-0.140647,0.009800,0.236642,0.273422,-0.114415,-0.046332,0.249497,-0.033425,0.278232,-0.099182,0.745638,0.021629,0.078907,-0.124104,0.011012,0.180234,-0.040704,-0.032211,0.205159,0.167476
0.707121,-0.228679,0.026793,0.080985,-0.021186,0.222822,0.037336,-0.030864,0.290733,0.022951,0.312475,-0.052360,0.241433,0.197990,-0.124248,0.195274,0.018837,-0.020143,0.044774,0.220693
0.067620,-0.107188,-0.014631,0.198952,-0.115861,0.229016,0.074555,0.448373,0.523383,-0.053836,0.151820,-0.038296,0.521627,0.034063,-0.094070,0.257134,-0.016787,0.005185,0.074984,-0.127185
-0.052613,-0.120043,0.175341,0.129578,-0.039253,0.269509,0.405444,-0.108422,0.043257,-0.101683,0.488460,0.015157,0.024741,0.067062,-0.032025,0.620045,-0.033904,0.041312,0.161886,-0.119509
0.135350,-0.105131,0.062067,0.074574,-0.095658,0.159262,0.002106,-0.079164,0.118526,-0.034465,0.757764,-0.126379,0.162594,0.123969,-0.002809,0.443354,0.239494,0.066949,0.116141,-0.036185
-0.148664,-0.284359,-0.203894,0.020553,-0.264138,0.019242,0.012389,0.132358,0.384891,-0.080765,0.457232,-0.124627,0.436942,-0.283217,-0.114804,-0.153778,0.185733,0.004141,-0.018693,-0.212496
0.494853,-0.131480,0.008534,0.138941,-0.114691,0.155422,-0.019485,-0.227861,0.322564,-0.266872,0.530499,0.313452,-0.040432,0.039711,-0.063954,-0.084453,-0.090943,0.161526,0.122789,-0.100121
-0.076159,0.028865,0.314800,0.161005,-0.107855,0.069342,-0.282226,0.014712,0.181547,-0.320336,0.397739,-0.041507,0.420797,0.091347,-0.128366,0.298671,0.038812,0.051325,0.079196,0.418369
-0.039035,-0.179269,0.281637,0.134604,-0.165820,-0.161180,-0.001556,0.112145,0.146040,0.191115,-0.031392,0.170717,0.435219,0.013325,-0.247543,0.487114,0.432670,0.084968,-0.091376,0.154733
0.018618,-0.060479,0.204451,0.246644,-0.128520,-0.052089,0.088178,0.152906,0.316139,0.046986,0.425938,-0.013686,0.377957,0.213233,-0.156685,0.430953,0.388966,0.023351,0.090650,-0.023808
