-0.173661,0.258175,0.258964,0.098258,0.239613,-0.022530,0.137453,0.283018,0.044459,-0.134196,0.263378,-0.338743,-0.028202,0.438322,0.258232,0.105207,0.337873,-0.216611,0.060373,0.173376
0.398334,0.052824,0.334815,0.059164,0.116396,-0.001280,0.165218,0.271552,-0.152294,0.035328,-0.191642,-0.140192,-0.005322,-0.017677,0.181071,0.586170,-0.126660,-0.221354,-0.194995,0.218501
-0.183476,0.113245,0.192916,0.124132,0.117693,0.003805,0.221118,0.302725,-0.374536,-0.197730,0.015916,-0.402746,-0.040336,0.367475,0.087838,0.105137,0.357303,-0.290155,-0.022580,0.191973
-0.060497,-0.033504,0.042328,0.079990,0.014622,-0.043246,0.192011,0.265330,-0.336884,-0.014644,0.698945,-0.157830,-0.064137,0.100675,0.306685,0.054564,-0.004740,-0.284888,-0.236170,0.047902
-0.008903,0.060795,0.398616,0.178683,0.117760,0.010755,0.173054,0.305920,-0.214402,-0.051873,0.302127,-0.248754,0.013496,0.383833,0.095714,0.383392,0.178388,-0.309463,-0.110389,0.150436
-0.002110,-0.126658,0.129307,0.114552,0.255602,0.114764,0.067155,0.227609,-0.342203,-0.082489,0.274413,-0.280951,0.063624,0.257326,0.424067,-0.160233,0.081325,-0.364293,-0.011453,0.354855
0.006230,-0.018373,0.088499,0.128527,0.008299,0.131420,0.279982,0.276064,-0.360568,0.177851,0.467401,-0.312089,-0.042920,0.290969,0.059690,0.290518,0.055310,-0.340721,0.012645,0.179022
0.402042,0.091999,0.146603,0.338674,0.085196,-0.116691,0.301095,0.084775,-0.426418,0.055383,0.311036,-0.043152,-0.010059,0.054391,0.186960,-0.018385,0.252319,-0.247856,-0.132885,0.332224
0.185253,-0.145978,0.223929,0.103724,-0.000972,0.144703,0.258743,0.327272,-0.077899,-0.040896,0.342048,-0.280483,0.022900,0.222653,0.503815,0.195711,-0.281493,-0.200064,-0.083143,0.129070
0.326856,-0.006214,0.116930,-0.104936,0.082313,0.145554,0.258478,0.303406,-0.398594,-0.040898,0.211577,-0.183109,0.099086,0.243891,0.231625,-0.190445,-0.204364,-0.167473,0.001649,0.462316
0.143108,-0.437807,-0.006715,0.273605,0.036205,0.072005,0.132179,0.004925,-0.355220,0.181740,0.259632,-0.301356,0.030730,0.119190,0.263357,0.012426,0.141219,-0.362958,0.191982,0.313552
0.279243,-0.013401,-0.059251,0.231287,0.049684,0.074981,0.393060,-0.008348,-0.462730,0.014035,0.405728,-0.250357,-0.003013,0.096440,0.107676,0.247112,0.232315,-0.302364,-0.172323,0.059288
0.179694,-0.275401,0.035988,0.051700,0.211113,0.202290,0.228619,0.197303,0.332991,-0.161061,0.291933,-0.219609,-0.158081,0.183780,0.561312,-0.017150,-0.162468,-0.181877,-0.084991,0.010275
0.267492,-0.016412,-0.002767,0.132047,-0.069394,0.050148,0.428110,0.130398,-0.415189,-0.033051,0.039703,-0.304746,-0.009340,0.292047,0.001966,0.081619,0.280288,-0.478075,0.014699,0.189274
0.163386,0.090249,-0.037544,0.114968,0.071067,0.044507,0.313772,0.108897,-0.613970,0.054090,0.309430,-0.208182,-0.033920,0.042077,-0.053708,0.152402,0.422175,-0.201034,-0.040673,0.254726
0.128174,-0.002070,0.168350,0.065627,0.129134,0.267791,0.456120,0.191920,-0.158257,-0.140567,0.159951,-0.262975,0.093808,0.428408,0.342281,0.125407,-0.066329,-0.354436,-0.063200,0.137373
0.380919,0.037941,0.169905,0.334572,0.061631,-0.067664,-0.014601,0.215174,-0.149255,-0.099532,0.433302,-0.169234,-0.044510,0.208578,0.442859,0.233503,-0.075462,-0.043282,-0.193684,0.260720
0.119894,0.030210,0.299119,0.084646,0.124821,0.146518,0.303154,0.012424,-0.277680,0.377718,-0.134519,-0.317228,0.011364,0.148240,0.440761,0.100626,0.042465,-0.341355,-0.166891,0.218598
0.036098,-0.118449,0.106577,0.140806,-0.235548,0.021811,0.252826,0.101428,-0.327582,0.125244,0.420278,-0.306134,-0.020178,0.350245,0.201318,0.259098,0.043192,-0.345721,-0.107731,0.257356
0.511221,-0.029064,0.097463,0.223103,0.086470,-0.054746,0.400519,0.024330,-0.229005,-0.199341,0.088993,-0.144559,-0.026014,-0.004846,0.295449,0.183892,-0.214705,-0.262774,-0.306617,0.234706
-0.193504,-0.004713,0.126980,0.164399,0.056958,0.101292,0.103865,0.255565,-0.438770,-0.016324,0.202763,-0.463635,-0.001183,0.293693,0.210538,0.036479,0.277026,-0.373556,-0.043229,0.175647
-0.030469,0.217622,0.195668,0.314765,0.008456,-0.065659,0.121920,0.312656,-0.457630,-0.215048,0.243647,-0.131202,-0.021141,0.370926,0.145161,0.072916,0.220666,-0.200950,0.094665,0.320379
-0.213829,0.151093,0.045466,0.084602,0.414428,0.012668,0.031414,0.314224,-0.240413,0.050422,0.574371,-0.053311,0.018150,0.203719,0.313259,0.153849,0.093663,-0.197267,0.083217,0.198142
0.103239,-0.012451,0.067681,0.138979,0.193386,-0.041644,0.292922,0.170019,-0.428648,0.025598,0.680503,-0.157070,0.010720,0.063437,0.097157,0.107181,0.021182,-0.188070,-0.182562,0.212330
-0.061910,0.049760,-0.034711,0.134755,-0.033030,-0.018384,0.330458,0.062592,-0.574141,0.019680,0.446596,-0.288360,-0.007978,0.173157,-0.003291,0.120745,0.203883,-0.344411,-0.037635,0.202269
0.231853,-0.015770,0.107416,0.238863,-0.048277,-0.052713,-0.019949,0.232421,-0.313320,0.042114,-0.332581,-0.079185,0.057600,0.173781,0.229223,0.441112,0.152797,-0.095433,0.014565,0.536419
0.220767,0.062303,0.158788,0.231062,-0.085892,-0.024348,0.315972,0.060514,-0.069280,-0.080270,0.306979,-0.043645,-0.025615,0.000317,0.635271,0.045462,-0.197151,-0.154906,-0.144693,0.399788
-0.105406,0.024722,0.154699,0.231012,0.046512,0.045994,0.087911,0.176291,-0.155193,-0.106677,0.386707,-0.183666,-0.064375,0.335713,0.270638,0.160839,0.360510,-0.452658,0.202150,0.239709
0.064190,0.182104,0.440151,0.178894,0.111659,-0.068860,0.007960,0.260806,-0.091855,-0.046249,0.539103,-0.145329,0.030138,0.261239,-0.003708,0.401031,0.142908,-0.161170,-0.059284,0.222382
-0.160568,-0.072804,0.136026,-0.097585,-0.037235,0.169460,0.145190,0.535118,-0.377447,0.005996,0.254330,-0.124671,0.036971,0.246906,0.166433,0.127259,-0.099781,-0.250771,-0.172863,0.414343
0.164422,-0.268254,0.053227,-0.005324,-0.084700,0.262588,0.217638,0.361069,-0.248002,-0.121644,0.429225,-0.066084,0.014727,0.244349,-0.036977,0.297459,0.063045,-0.414168,-0.076561,0.219620
0.204113,-0.119776,0.090469,0.169537,-0.212205,0.079303,0.223391,-0.007942,-0.453459,0.124053,0.333629,-0.301297,-0.026309,0.094471,0.441675,0.065807,0.009904,-0.259318,0.033346,0.324338
