0.073154,0.122150,-0.033667,0.282412,0.389103,0.158349,-0.282486,0.122561,0.256119,0.107498,-0.044288,-0.062943,-0.055587,0.483030,0.288226,-0.243965,0.047544,-0.124309,0.046180,0.381602
0.332915,-0.091073,0.094303,0.105885,0.022596,0.245399,-0.224591,-0.270760,-0.061293,0.304428,-0.071175,0.023845,0.070235,0.284553,0.343584,0.223923,0.404572,-0.087028,0.042846,0.383451
-0.014160,0.035907,-0.157768,0.435035,0.254799,0.410736,-0.186296,0.085607,0.036521,0.260891,-0.196044,-0.181185,-0.043453,0.304181,-0.035408,0.161829,0.384531,0.072240,0.025639,0.304051
0.378457,-0.197291,-0.008757,0.277859,0.416989,0.181386,-0.133430,-0.000610,0.164201,0.097782,0.508050,-0.220289,-0.079018,0.295573,0.243787,-0.059051,-0.059472,-0.107106,0.011739,0.033776
-0.064617,0.109378,0.222058,0.339510,0.043730,0.071268,-0.199019,-0.058988,0.048448,0.166613,0.173272,-0.141542,0.062056,0.345809,0.524595,-0.070424,0.161571,-0.055289,-0.029315,0.505396
0.278315,-0.258149,0.133148,0.323692,-0.065650,0.285036,-0.311169,0.041599,0.214988,0.178497,-0.110415,-0.240540,0.047040,0.296257,0.490979,-0.104129,0.138296,-0.169853,-0.104715,0.018014
0.098838,-0.199395,-0.043006,0.246031,0.290508,0.322255,-0.174259,-0.059629,0.081715,0.063133,-0.017731,-0.132555,-0.009484,0.450080,0.555889,0.036042,0.111908,-0.117562,0.036064,0.311063
0.338980,-0.173314,-0.008750,0.341221,0.123381,0.231410,-0.180979,-0.084686,0.101196,0.090799,0.103702,-0.062083,-0.021812,0.098779,0.571382,-0.084724,0.129852,-0.045252,0.001080,0.483690
0.062151,-0.247663,0.078898,0.133515,-0.032260,0.234388,-0.043054,-0.061495,0.190864,-0.029342,0.250221,-0.055774,-0.068927,0.382704,0.727790,-0.062378,-0.104162,-0.026638,0.049526,0.217551
0.673253,-0.018017,-0.039604,0.190297,0.075445,0.272830,-0.237705,0.029613,0.120278,0.210885,0.077071,-0.207062,0.210731,0.267356,0.169118,-0.187622,-0.062602,-0.051076,0.153554,0.231444
0.431670,-0.361979,0.074431,0.247232,0.017207,0.239964,-0.091157,-0.238756,0.337650,0.079602,-0.118491,-0.087175,-0.106727,0.376607,0.308128,0.104799,-0.058585,-0.130733,-0.015748,0.266217
0.607358,-0.089326,-0.092183,0.332471,0.426463,0.385396,0.016901,-0.042479,0.131697,0.100511,0.086633,-0.114042,0.083275,0.241601,0.091593,-0.078500,0.071129,-0.038394,0.100866,0.164588
0.080316,-0.254237,0.276203,-0.152749,0.236085,0.114730,-0.023112,-0.178371,0.331652,0.143361,0.236329,0.027833,0.026166,0.145901,0.529939,-0.406955,-0.130553,-0.183885,0.010326,0.146588
0.404746,-0.081111,-0.066144,0.200803,0.279350,0.402866,-0.084248,-0.086131,0.053548,0.258616,-0.215313,-0.089631,-0.005966,0.422369,-0.120805,-0.281489,0.155397,-0.087775,0.224135,0.227063
0.517406,0.066425,-0.229047,0.310728,0.349900,0.252199,-0.111276,-0.295596,0.042533,0.314670,-0.050246,0.001386,0.035718,0.182260,-0.211711,-0.062677,0.139579,-0.043746,0.098592,0.274511
0.045099,-0.077167,0.178750,0.146771,0.081511,0.348034,-0.038215,-0.043601,-0.014508,0.250661,0.070223,-0.188809,0.002121,0.469630,0.576449,-0.167694,0.017943,-0.069504,0.062932,0.337162
0.717789,-0.014564,-0.021339,0.202467,0.125400,0.251301,-0.074258,0.059199,0.125991,-0.038107,0.335271,-0.261385,0.003396,0.264973,0.111235,0.065500,0.019367,-0.057205,0.053741,0.252484
0.205362,-0.079895,0.188584,0.298297,0.106773,0.324988,0.354236,-0.122989,0.084991,0.215156,-0.027290,0.060473,0.007219,0.207431,0.550971,-0.133312,0.189060,-0.073276,-0.006862,0.325226
-0.029473,-0.155580,-0.050192,0.342069,0.347710,0.275574,-0.082439,0.134056,0.195125,-0.037574,0.322347,0.016031,-0.072854,0.408627,0.367855,-0.106217,0.000321,-0.098055,0.091754,0.391431
0.468613,-0.082194,-0.098904,0.221500,0.284905,0.274147,0.039869,-0.186716,0.115253,0.138351,0.337837,0.088009,0.019907,0.087450,0.433480,0.020859,-0.192331,-0.006808,-0.169089,0.325125
-0.111094,-0.076485,-0.146710,0.456342,0.264431,0.217998,-0.229454,0.028273,0.065337,0.026120,-0.032228,-0.225192,-0.034967,0.458425,0.332444,-0.156668,0.350074,-0.050153,-0.027303,0.228444
0.282044,0.183845,0.040645,0.403698,0.290788,0.095075,-0.243922,0.074911,0.087532,0.090042,0.129039,-0.294768,-0.017267,0.403243,0.138338,-0.058230,0.298558,-0.020097,0.056581,0.407234
0.167174,-0.077029,0.010358,0.476867,0.212246,0.288802,-0.177337,0.168649,0.102268,0.051117,0.074576,-0.103268,-0.078794,0.533060,0.334912,-0.207425,0.182812,-0.094754,0.175654,0.046486
0.360362,-0.123560,-0.061050,0.197167,0.602803,0.167217,-0.069440,-0.166331,0.076433,0.058585,0.499533,-0.088786,-0.007455,0.237341,0.019512,0.027023,-0.053699,0.016431,0.046417,0.242801
0.377961,-0.002769,-0.061553,0.405621,0.454565,0.241988,-0.141532,-0.143020,0.094775,0.222422,0.247963,-0.076317,-0.004867,0.253318,0.002535,-0.182193,0.048931,0.109188,0.060390,0.376863
0.291331,0.057701,-0.045494,0.476500,0.021429,0.146886,-0.096722,0.041891,0.128084,0.166305,-0.055534,-0.093298,0.156378,0.360889,0.289775,0.363304,0.141551,-0.052043,0.096166,0.437072
0.403433,-0.151243,-0.060794,0.293363,0.366310,0.051100,-0.026059,-0.062405,0.066648,0.073471,0.225012,0.118091,-0.088420,0.293717,0.594001,-0.062296,-0.193668,0.021027,0.040782,0.135678
0.301003,-0.077646,0.043745,0.334737,0.326072,0.199101,-0.205008,0.016157,0.185347,-0.061626,-0.184745,-0.125411,-0.065077,0.502984,0.179296,-0.274542,0.093479,-0.137382,0.123491,0.324857
0.188065,0.014521,0.455258,0.377369,-0.060985,0.010915,-0.214230,0.088489,0.096235,0.137988,0.173392,-0.032498,-0.021688,0.295320,0.312513,0.000264,0.231664,-0.099941,-0.019540,0.498379
0.391353,-0.153476,-0.113203,0.313087,0.108402,0.294201,-0.320250,0.080970,0.130431,0.074242,0.029794,-0.166599,0.068371,0.453884,0.388523,0.107486,0.036209,0.005785,0.066069,0.273795
0.412953,-0.404976,-0.026365,0.053748,0.277511,0.324649,-0.039141,-0.084637,0.165497,0.165239,0.235994,-0.282098,-0.002983,0.497609,0.071372,0.014895,-0.072122,-0.124649,0.062986,0.056255
0.294988,-0.283961,-0.020777,0.331343,0.251055,0.345125,-0.044021,-0.018736,0.363014,0.033309,0.010991,-0.179108,0.065810,0.448902,0.317219,-0.158854,0.028040,-0.133093,0.010908,0.149282
