0.246842,0.128326,0.200275,0.126717,-0.046169,-0.031705,0.503558,0.111844,0.302592,-0.101073,0.441148,0.106620,-0.021656,-0.220720,-0.157180,-0.281653,-0.210113,0.082502,-0.059147,-0.285988
0.101202,-0.052267,0.075442,-0.092214,0.005134,0.238898,-0.046349,0.314603,-0.073842,-0.067945,0.475205,0.622508,-0.016060,-0.029443,-0.167820,0.342519,0.125513,-0.162700,-0.029422,-0.038812
0.267785,0.154873,0.159979,0.027811,0.052303,0.185768,-0.195796,0.080631,0.105007,-0.420174,0.474190,0.077501,0.221949,-0.312719,-0.242114,-0.106756,-0.071006,-0.132988,0.236480,-0.285833
0.063940,0.075898,0.067950,0.323055,-0.021342,-0.049567,0.087415,-0.080615,0.075443,-0.320335,0.475602,0.405421,0.153178,-0.012389,-0.302868,0.113750,0.121958,-0.156094,0.129377,0.425422
0.351867,-0.133111,0.107912,0.101961,-0.056092,-0.199596,0.115419,0.321407,0.063177,-0.140320,0.498956,0.289664,0.092745,-0.081725,-0.248145,0.458682,0.121253,-0.109978,0.040317,0.067895
-0.204319,0.178753,-0.233636,-0.119982,0.080746,0.152652,0.343245,0.533143,0.162930,-0.078278,0.119542,0.197611,0.257275,-0.110900,-0.175614,0.312611,-0.104436,-0.174892,-0.176321,-0.244511
0.150687,-0.000790,0.087594,0.149025,0.020633,-0.001556,0.002147,0.347175,0.063918,-0.029691,0.116366,0.672953,0.363833,-0.105893,0.339322,0.034306,-0.045805,-0.137285,0.253594,0.099574
0.336907,-0.117997,0.018863,0.148623,-0.010838,0.666413,0.057288,0.197417,0.052963,-0.305738,0.016457,0.274261,0.233202,-0.067177,-0.193522,0.014641,-0.161103,-0.112306,0.093963,0.218904
0.286568,-0.016024,0.081457,0.023692,-0.212016,0.079848,-0.347851,0.032848,-0.005255,-0.337638,0.261318,0.440799,0.254510,-0.140882,0.000017,-0.212626,0.217379,-0.023925,0.143349,0.402732
0.256862,0.013709,-0.006566,0.088214,0.010636,0.399811,0.101654,0.453606,-0.033822,0.075648,0.288661,0.244052,0.200001,-0.038866,0.082977,0.342561,-0.200288,-0.345354,0.112280,-0.249934
0.378022,-0.262385,0.112682,0.060106,-0.076278,0.334666,0.186178,0.370494,-0.119216,-0.306928,0.099070,0.286547,0.232074,-0.174290,0.221604,0.338107,0.018708,-0.150840,-0.044344,-0.095525
0.229277,-0.031678,0.019475,0.227258,-0.019589,0.140943,0.022300,-0.065399,0.088879,-0.269834,0.142121,0.088110,0.054335,-0.148719,-0.101778,0.707741,0.086644,-0.357839,0.178706,-0.238518
0.155767,-0.349080,0.276512,0.193690,0.308282,0.030590,-0.043576,-0.086372,0.141159,0.017430,0.263185,0.112150,-0.137133,0.001619,0.143629,-0.185620,0.294356,-0.144813,-0.292897,0.514978
0.251668,-0.006911,0.000454,0.011550,0.229418,0.349135,0.339169,-0.000671,0.024045,-0.180070,0.248514,0.384975,0.348818,-0.142581,-0.234780,-0.014649,0.131562,-0.197112,0.202710,-0.330691
0.248046,-0.175629,-0.140058,0.085912,0.070831,0.062251,0.025074,0.040237,0.006172,-0.268376,0.417759,0.027454,0.059247,-0.195209,0.056365,0.596296,-0.190803,-0.315841,0.092641,-0.277568
0.212069,0.108688,0.266695,0.127924,-0.026202,-0.047704,0.146743,-0.037023,0.045567,-0.392580,0.464926,0.511931,0.228229,0.105256,-0.112559,-0.074072,0.053629,-0.068944,0.057171,0.321264
0.099415,-0.106085,-0.045376,0.271129,0.059663,0.048171,-0.134152,0.147753,-0.060310,-0.038196,0.659110,0.192177,0.057840,0.011011,-0.081662,0.408944,-0.108126,-0.358567,0.178021,-0.178345
0.333598,-0.131292,-0.093757,0.214585,0.295631,0.330100,0.189419,0.484855,0.026063,-0.114031,0.290738,0.238369,0.126752,-0.056259,-0.208717,0.188390,0.187664,-0.213643,0.053417,-0.110812
0.208189,-0.005952,0.066622,0.130674,-0.005366,-0.153339,0.062597,0.102530,0.125450,-0.231860,0.113479,0.325181,0.173358,-0.190876,-0.377332,0.058881,0.647680,-0.156236,0.091252,-0.210856
0.214536,-0.077282,0.123853,0.285913,-0.092885,0.348008,-0.064835,0.089896,0.057343,0.319321,0.264723,0.029216,0.124745,-0.085167,-0.179507,0.671269,-0.035652,0.158032,0.026190,-0.011733
0.267866,0.061165,0.159668,0.106042,0.027541,-0.005459,-0.001999,0.119775,0.147249,-0.199383,0.248529,0.139237,0.152421,-0.128295,-0.179759,-0.008652,0.470230,-0.425319,0.047563,-0.503671
0.323617,0.013761,0.199992,0.171118,-0.037400,-0.239188,0.080446,0.255038,0.095921,0.011205,0.023177,0.295511,0.118782,-0.040437,0.011551,0.545213,0.192147,-0.278033,0.158032,-0.382305
0.388615,0.129917,0.248305,-0.002414,-0.049315,0.203107,0.333219,0.086245,-0.007396,-0.270759,0.357503,0.287901,0.229067,-0.050671,-0.391344,0.192778,-0.111305,-0.046522,0.252322,0.025476
0.305918,0.044707,-0.004530,0.355175,-0.080770,0.007675,-0.056419,0.329191,0.084624,0.182508,0.556951,0.300144,-0.024697,-0.028726,-0.160010,0.367289,-0.077543,-0.146826,0.152361,-0.081471
0.156972,0.033907,-0.057220,0.287861,0.006072,-0.093753,0.177889,0.089185,0.142828,0.013319,0.443154,0.345513,0.240151,-0.116038,-0.333348,0.104900,0.307518,-0.344942,0.256298,-0.175501
0.466520,0.208935,0.015473,-0.121604,-0.010777,0.043877,0.153457,0.219958,-0.097111,-0.106822,0.294204,0.246708,-0.017716,-0.006171,0.042746,0.560757,-0.037241,-0.291749,0.258641,0.106852
0.322915,0.040836,0.169229,0.242212,-0.401137,0.085081,0.007620,-0.088281,0.247202,-0.124488,0.500233,0.139308,0.045688,0.010109,-0.066755,0.287399,0.192553,-0.258221,-0.292544,0.076981
0.184321,0.080806,0.180366,0.201028,0.039166,-0.160381,0.073653,0.016191,0.203112,-0.158573,0.142196,0.328282,0.287503,-0.147379,-0.282994,0.524926,-0.201195,-0.073961,0.117281,-0.373503
0.274730,-0.050811,-0.006990,0.255948,-0.171467,-0.217660,0.010138,0.312764,0.156484,-0.310679,0.567414,0.234929,0.162102,0.157917,-0.045354,0.325003,-0.028829,0.072203,-0.128197,-0.046324
-0.165323,0.085214,0.077676,0.130495,-0.320167,0.207692,0.067529,0.259927,-0.047413,0.005477,0.278297,0.335284,0.106322,-0.008337,-0.161439,0.530483,-0.120202,-0.184556,0.263699,0.309099
-0.044276,-0.115644,0.165136,0.118193,-0.036987,0.127850,0.079920,0.131650,-0.113116,-0.174937,0.252067,0.466916,0.252899,-0.219783,-0.258838,0.332220,0.250563,-0.197480,0.265734,0.339150
0.278401,-0.152250,0.127035,0.240027,0.136723,0.357560,0.158653,0.206031,-0.104767,-0.303746,0.262851,0.463020,0.185313,-0.162620,-0.150463,-0.044583,-0.127484,-0.171000,0.279447,0.125251
