0.111376,0.211451,0.144736,0.135449,-0.186012,-0.144644,0.498776,-0.111947,0.336648,-0.230445,0.326147,-0.070837,0.164798,-0.141591,-0.132101,-0.062450,-0.025987,0.251419,0.314674,-0.278329
0.302692,-0.063618,0.222151,-0.045779,-0.014545,0.375294,0.166957,0.035049,0.086428,-0.146862,0.426158,0.499222,0.056716,0.004455,-0.150981,0.428169,0.061749,0.050537,0.071998,0.044043
0.105107,0.043800,-0.071881,0.126521,-0.075314,0.267216,-0.281120,-0.200991,0.217691,-0.284148,0.527946,-0.035500,0.092991,-0.310676,-0.336388,-0.248477,-0.084778,0.002164,0.221526,0.157830
0.133098,-0.009798,-0.232689,0.387537,0.106346,0.027667,-0.015509,-0.101203,0.370369,-0.199536,0.361443,0.102864,0.419840,0.062090,-0.049601,0.258459,0.405191,-0.123875,0.019120,-0.088434
-0.074999,-0.115477,0.132866,0.205799,-0.052213,0.119738,0.382099,-0.027471,0.165019,-0.105237,0.149666,0.133830,0.208830,-0.006571,-0.024978,-0.216590,0.000367,0.194162,0.242343,0.700701
-0.024919,-0.055446,0.311544,-0.007644,0.290452,0.253935,0.416136,0.377559,-0.062768,-0.145921,0.204827,0.252983,0.259211,0.032038,-0.280498,0.060485,-0.295430,-0.114234,-0.088330,-0.211541
0.319179,0.203373,0.256518,0.113089,-0.013620,0.273862,0.033179,-0.042544,0.129631,-0.195751,0.290156,0.222626,0.345007,-0.093551,-0.287437,-0.041484,0.220545,0.016351,0.123202,0.484760
0.071665,-0.159903,0.091426,0.143787,-0.117988,0.069992,0.090640,0.140669,0.208324,-0.147127,0.314869,0.183528,0.307264,-0.061165,-0.169539,0.718080,-0.095743,0.062573,0.104961,-0.170099
-0.013961,-0.289375,-0.146688,0.137208,-0.248342,0.456084,0.230344,0.184244,0.045268,-0.076853,0.226548,0.533853,0.180646,-0.038951,-0.225255,0.002611,0.101380,0.107954,0.146669,0.215441
0.326793,-0.237176,0.104642,0.338812,-0.106346,0.249614,0.337836,-0.040033,0.021981,-0.220088,0.395877,-0.008856,0.171446,0.014157,-0.128441,0.470270,-0.196123,-0.062165,0.046584,-0.066291
0.142221,-0.226118,0.280751,0.062743,-0.035010,0.279502,0.354805,0.097136,-0.075872,-0.232176,0.303492,0.269896,0.288467,-0.111354,0.022278,0.140068,-0.073343,0.078566,-0.412315,0.330637
0.206498,-0.119430,0.056159,0.184142,-0.039877,0.136136,0.055804,-0.026003,0.184356,-0.103974,0.439123,0.057311,0.304684,0.037814,-0.113941,0.683080,0.191818,-0.128724,-0.009665,-0.117929
0.051749,-0.179446,-0.355958,0.147627,-0.359449,0.017725,-0.029311,0.005998,0.111767,-0.207731,0.382737,0.377923,0.036808,0.346096,-0.206220,0.121201,-0.048147,0.083147,-0.365122,0.142657
0.206037,0.040684,-0.106129,-0.010820,-0.161322,0.334283,0.392712,-0.059465,0.211592,-0.159759,0.355397,-0.065307,0.556821,-0.093848,-0.215049,0.148521,-0.041317,-0.057749,0.015082,-0.235982
0.248943,-0.102655,0.218516,-0.023724,0.057567,0.391047,0.074254,-0.143789,0.145267,-0.228178,0.371899,-0.127769,0.178924,-0.002304,-0.018724,0.635206,-0.141193,-0.041724,0.031941,-0.101990
0.230093,-0.001117,0.124661,0.071006,-0.040761,0.106438,0.159647,0.254593,0.188724,-0.154364,0.529003,0.377592,0.307783,0.435048,-0.122429,0.038772,0.144236,0.058168,-0.026259,0.126280
0.109160,-0.157188,0.122441,0.178122,-0.119994,0.092017,-0.080500,-0.168010,-0.018975,-0.123493,0.572159,-0.122823,0.201770,0.135249,-0.046498,0.581780,-0.207404,-0.139168,0.018322,-0.196644
0.310689,-0.046512,0.140874,0.012215,-0.143351,0.454101,0.220529,0.214057,0.086075,-0.135951,0.315118,0.360851,0.214696,-0.009976,-0.274878,-0.079858,0.406321,0.072249,-0.024491,-0.075191
-0.006879,0.014688,0.175281,0.334168,-0.074434,0.007749,0.005241,-0.096422,0.337217,-0.106698,0.260638,0.201897,0.283434,-0.075507,-0.180086,0.625839,0.280343,-0.121385,-0.010042,0.071111
0.575703,-0.099673,0.137088,0.110209,-0.126156,0.283229,0.170786,0.230336,0.206990,-0.292964,0.282556,-0.001185,0.263926,-0.019537,-0.112827,0.294525,-0.177363,0.195092,0.035467,0.023103
0.203117,0.106639,0.062844,0.185123,-0.014386,0.475501,-0.022106,-0.159969,0.264964,-0.247474,0.458397,-0.117140,0.167569,-0.115407,-0.151871,0.182401,0.319780,-0.029445,0.075123,-0.308160
0.193595,-0.127010,0.195232,0.385662,-0.212048,0.043101,0.095310,0.272374,0.250656,0.105484,0.142672,-0.041138,0.161888,0.039844,0.059945,0.487374,-0.100541,0.000577,0.459895,-0.207141
-0.049439,0.133996,0.144330,0.201903,0.067511,0.098840,0.203700,0.019093,0.081849,-0.229143,0.664644,0.173791,0.044346,0.072602,-0.455512,0.193907,-0.038032,-0.111568,0.240844,0.080191
0.529802,-0.199822,0.033679,0.255179,-0.147124,0.115349,0.064175,0.044338,0.305262,0.177277,0.322388,0.107957,0.250914,0.079802,-0.120382,0.286798,-0.019044,-0.061120,0.095041,0.390760
0.184353,-0.168107,-0.017445,0.291440,-0.143600,0.141836,0.129916,0.052842,0.341391,-0.072737,0.130911,0.009101,0.500808,-0.001061,-0.128035,0.469374,0.208661,-0.176711,0.100633,-0.283965
0.193905,-0.009026,0.159083,0.042718,0.000417,0.163176,0.173813,-0.025501,-0.101449,0.013078,0.507011,0.140366,0.063813,0.088176,-0.011283,0.734475,-0.057316,-0.026206,0.184607,0.031524
0.168197,-0.077620,0.140204,0.184813,-0.019771,0.188239,0.043837,-0.039581,0.621904,-0.054197,0.564341,0.094956,0.075174,0.083723,-0.016615,0.287410,0.222934,-0.074926,0.066013,-0.012146
-0.022487,0.003694,0.065187,0.165887,-0.196280,0.009902,0.067088,0.313800,0.394735,-0.202352,0.221414,-0.037614,0.447409,-0.134613,-0.149278,-0.427147,0.355252,-0.112988,0.085474,-0.098011
0.243823,-0.159757,0.040235,0.319397,-0.173091,0.258023,0.056623,-0.092867,0.296754,-0.274275,0.350494,0.485646,0.281691,0.071908,0.060318,-0.084327,-0.171613,-0.049871,0.075365,-0.219435
0.023583,-0.047963,0.165961,0.153718,-0.045845,0.235907,0.024533,-0.007621,0.086073,-0.226679,0.404883,0.021370,0.304727,-0.137257,-0.138339,0.681179,-0.024569,-0.115328,0.114777,-0.206059
-0.076782,-0.260604,0.275779,0.278953,-0.177853,0.028683,0.062450,-0.074574,0.036383,0.070894,-0.032666,0.328706,0.390770,-0.121629,-0.260373,0.431018,0.401341,-0.049227,-0.061456,0.163098
0.099282,-0.168672,0.234595,0.357595,-0.114236,0.094799,0.099364,0.086091,0.267696,-0.130087,0.359670,0.263523,0.322729,0.096900,-0.268565,0.427944,0.270958,-0.066144,0.073158,0.010942
