0.269710,-0.348062,0.090959,0.094583,0.307483,-0.169456,0.443789,-0.140333,0.233716,0.140282,0.270104,0.187068,-0.011387,0.245461,-0.087601,0.198543,0.158980,0.040059,0.050000,-0.360389
-0.107213,-0.252353,-0.091611,-0.091785,0.091083,0.169111,-0.124026,0.261649,-0.043145,-0.193689,0.304779,0.329909,0.080150,0.341629,-0.011349,0.249195,0.565837,-0.180906,-0.086675,-0.019735
0.090281,-0.061476,0.189559,0.175551,-0.027309,-0.291529,0.010479,0.462162,0.186396,-0.041379,0.279970,0.040597,0.233412,0.017292,-0.262796,0.227119,0.243357,0.225963,0.267613,-0.384799
0.326908,-0.318796,-0.102094,0.386266,0.120410,0.275007,-0.048194,-0.296130,0.186536,-0.060707,0.545442,-0.029428,0.091602,0.101767,-0.196132,0.072778,0.074449,-0.151077,0.035396,-0.150820
0.062283,-0.240260,-0.007749,0.215012,0.099588,0.050292,-0.038016,0.301858,0.108927,0.070839,0.314639,0.150596,0.271788,0.302649,0.045010,0.101627,0.422899,-0.084606,0.039624,0.532114
0.130522,-0.163242,-0.076206,-0.102390,-0.276769,0.393571,-0.067969,0.167821,0.270468,0.174255,0.183812,0.001589,0.279692,0.109126,-0.182530,0.334385,0.368091,-0.078687,-0.264651,-0.302401
0.235425,-0.225823,-0.102832,0.081318,0.055098,0.281790,-0.179733,0.240115,0.084144,0.127813,0.378590,0.449777,0.140730,0.184616,0.053486,0.410541,0.308437,-0.053380,-0.017226,-0.106647
0.167555,-0.220448,-0.046604,0.100835,0.177949,0.236487,-0.235246,0.326955,0.089959,0.007984,0.000141,0.287891,0.095254,-0.095851,0.051554,0.162733,0.111913,-0.084953,0.058626,0.706780
0.260667,-0.079093,-0.190478,0.086631,-0.075760,0.231708,0.120189,-0.127424,0.241832,-0.075845,0.110278,0.051955,-0.059761,0.050838,0.399844,0.500788,0.374691,-0.221760,0.060516,0.320548
0.070783,-0.042650,-0.119294,0.191463,-0.075530,0.583078,-0.253114,0.393117,0.039871,0.163690,0.287453,0.151965,0.309821,0.107697,0.194255,0.047146,-0.173100,-0.220761,0.104445,-0.082035
0.474048,-0.399968,-0.082478,0.036217,-0.019980,0.067229,-0.107848,0.111796,0.080769,0.055541,0.056268,-0.081955,0.072515,0.223401,0.128662,0.347242,0.539005,0.012219,0.129174,-0.242880
0.046835,-0.172176,-0.121062,0.445008,0.118001,0.444861,-0.341790,0.178984,0.039947,0.135328,0.189628,-0.318238,-0.032312,0.040875,-0.017611,0.172389,0.110947,-0.252915,0.351763,0.069962
0.315464,-0.147064,0.135977,-0.058578,0.214561,0.370555,-0.102200,-0.216713,0.153142,0.221983,0.201350,0.022859,-0.174384,0.139533,0.448255,0.041703,0.153956,-0.224640,-0.097559,0.407615
-0.093546,-0.316393,-0.169491,0.044655,0.075397,0.364899,-0.171563,0.182197,0.081532,0.399067,0.324455,0.205356,0.226011,0.159080,-0.188270,0.138766,-0.371712,-0.020898,0.141028,-0.236707
-0.095083,-0.309952,-0.259588,0.104155,0.217149,0.461353,-0.439947,0.146576,-0.004269,0.086054,0.193838,0.183995,0.263980,-0.103222,0.088193,0.028944,-0.182521,-0.088452,0.355342,-0.080027
0.241877,-0.296663,0.103561,0.303280,0.209043,0.198087,0.173825,-0.185809,-0.091287,0.292340,0.168699,0.158717,0.057475,0.419014,0.418229,-0.058095,0.196176,0.055019,0.211377,0.110908
0.661902,-0.346017,-0.077003,0.282999,0.102320,-0.189818,0.005181,0.090085,-0.109857,0.018937,0.149660,0.042394,0.008901,0.131161,0.099576,0.427741,0.048916,-0.141302,0.179261,0.014900
0.043089,-0.182347,-0.266651,0.247689,0.085037,0.216574,-0.169632,0.155824,0.062062,-0.149341,0.302438,-0.179117,0.202974,0.174652,0.002807,0.197025,0.403994,-0.313530,0.257325,0.370520
0.143109,-0.314423,-0.165928,0.250118,0.090478,-0.035514,0.269165,0.254700,0.186874,-0.073999,-0.066739,0.197060,0.251695,0.040727,-0.064362,0.313853,0.583537,-0.046764,0.181994,0.128973
0.589179,-0.207199,-0.118631,0.189168,0.151135,0.287265,-0.383377,-0.030275,0.043518,0.047373,0.159954,0.252074,0.044879,-0.103673,0.045062,0.189580,0.007287,-0.284234,-0.183542,0.219756
0.114667,-0.268245,-0.082885,0.200461,0.035755,0.011237,-0.422945,0.132699,0.181282,0.063689,0.029796,-0.023286,0.121994,0.211608,-0.177162,0.266379,0.558876,0.049541,0.146546,-0.365129
-0.037445,-0.197892,0.021383,0.311846,-0.012846,0.165325,-0.064993,0.556108,0.155336,0.208019,0.247770,0.073451,0.136157,0.200765,0.259163,0.484166,0.010554,-0.027581,-0.067567,-0.143880
0.387202,-0.360507,0.054176,0.139383,0.254294,0.091206,0.258803,-0.011082,0.354074,-0.055916,0.204166,0.100294,0.014419,0.381693,-0.117422,0.195280,-0.015742,0.148605,0.182878,-0.351892
0.103382,-0.115036,-0.178110,0.451119,0.176974,0.244299,-0.318021,0.140038,0.125148,-0.029821,0.561110,0.153514,0.095304,0.152915,0.068379,0.190180,0.099793,-0.185015,0.088794,0.220798
0.141996,-0.319756,-0.218723,0.369030,0.172365,0.103805,-0.231427,0.012837,0.177796,0.224723,0.162293,0.299896,0.149055,-0.028287,0.026829,-0.022590,-0.245114,-0.171317,0.426017,0.325278
0.667489,-0.079512,0.072530,0.017987,-0.051845,0.069688,-0.076747,0.300538,-0.102114,-0.018143,0.328628,0.128753,0.079547,0.133909,0.191060,0.348604,-0.077337,-0.121240,0.310318,-0.064799
0.621276,-0.161450,-0.084199,0.295712,0.072943,0.078807,-0.354849,-0.346452,0.214708,-0.013969,0.261378,-0.065326,0.005445,0.143786,0.067530,0.268554,0.045298,-0.098723,0.017825,0.086917
0.162754,-0.223931,-0.064771,0.017156,0.372151,-0.204584,0.014714,0.047808,0.170065,-0.053809,0.055339,0.155884,0.139671,0.174356,-0.264816,0.154597,0.538616,0.011891,0.230395,-0.435405
0.047482,-0.127175,-0.087215,0.253145,0.120349,-0.368858,-0.178273,0.122206,0.022292,-0.037483,0.653396,-0.042461,0.189415,0.394676,0.025752,0.081149,0.033564,-0.275842,0.016750,-0.074868
0.048620,-0.296438,-0.005808,0.233348,0.072283,0.494335,-0.019030,0.220232,0.087386,0.191538,0.099719,0.099863,-0.002327,0.166250,-0.109917,0.570154,0.192383,-0.081940,0.216753,-0.192540
0.190060,-0.408097,-0.164074,-0.156075,0.061040,0.260973,-0.207383,0.051572,0.043241,-0.072919,0.438691,0.079848,0.023040,0.257797,0.050371,0.289622,0.003367,-0.275062,0.419521,0.132156
0.211906,-0.231150,0.169493,-0.050878,0.262434,-0.062315,-0.200582,0.278932,0.021911,0.101809,0.423255,0.113781,0.226062,0.084459,-0.110828,0.089834,0.177109,-0.127645,0.588450,0.064007
