0.347614,-0.053622,0.180608,-0.056356,0.088903,-0.055124,0.463947,0.039308,0.280179,-0.043049,0.447130,0.263499,-0.075035,-0.102266,-0.297376,-0.104472,0.114732,-0.069901,-0.129091,-0.336006
0.003787,-0.184141,-0.038773,-0.100332,0.044035,0.043394,-0.126243,0.311531,-0.049069,-0.101114,0.502248,0.461227,0.072631,0.077491,-0.116722,0.436100,0.260539,-0.242835,-0.102727,-0.087127
0.307374,0.088158,0.147527,-0.011962,0.022816,0.148287,-0.272598,0.327872,0.081294,-0.089181,0.451063,0.005527,0.325037,-0.213307,-0.230450,-0.015708,-0.279549,0.011387,0.221627,-0.348674
0.302553,-0.059847,0.047511,0.326656,0.056207,0.070056,0.063625,-0.199911,0.063043,-0.255146,0.482274,0.190967,0.147621,-0.075321,-0.362210,0.022263,-0.011415,-0.201004,0.094966,0.443847
0.307706,-0.151009,0.037198,0.031713,0.041372,-0.140325,-0.055497,0.346415,-0.003732,-0.143340,0.653762,0.174546,0.162117,-0.035807,-0.142908,-0.006605,0.403822,-0.146697,-0.050340,0.148491
-0.336329,0.093005,-0.204305,-0.173605,-0.140530,0.380678,0.141596,0.430900,0.072363,0.083155,0.160419,0.033430,0.251171,-0.038043,-0.166175,0.370982,0.223791,-0.127052,-0.117309,-0.295296
0.201585,-0.080811,-0.032644,0.094069,0.017509,0.079060,-0.122360,0.404144,0.048211,0.046289,0.270377,0.681537,0.211167,-0.043828,0.181120,0.309122,-0.012278,-0.099602,0.168713,-0.050852
0.309745,-0.067295,-0.068292,0.090036,0.084690,0.435645,-0.120151,0.230304,-0.002909,0.217538,-0.030667,0.398424,0.260972,-0.071809,-0.075659,0.086688,-0.025964,-0.170830,0.141649,0.528097
0.314848,0.072316,0.069493,0.067401,-0.110636,-0.050376,-0.286722,-0.188487,0.030431,-0.204029,0.249387,0.284217,0.178540,-0.014550,0.187340,0.442350,0.358387,-0.050268,0.007879,0.417539
0.065587,0.020090,-0.036910,0.032876,-0.050731,0.596251,-0.078950,0.484136,-0.032232,0.198391,0.245743,0.232022,0.082486,0.053344,0.180660,0.242086,-0.170604,-0.253673,0.112248,-0.180475
0.376133,-0.343503,0.049017,-0.065434,-0.084828,0.316092,0.032093,0.303653,-0.013892,-0.187822,0.125190,0.059684,0.203160,-0.129461,0.233373,0.460349,0.359405,-0.055977,0.079325,-0.125611
0.135550,-0.049643,-0.124276,0.469221,0.047034,0.345478,-0.181683,0.023999,0.046142,-0.048871,0.331981,-0.282223,-0.029390,0.005807,-0.067758,0.374903,0.050041,-0.263272,0.370295,-0.197593
0.244626,-0.160352,0.193520,0.073430,0.181085,0.559818,-0.171854,-0.176682,0.138661,0.146035,0.180727,-0.001808,-0.122469,-0.056472,0.211990,-0.065726,0.240712,-0.375099,-0.024876,0.353184
0.072356,-0.134337,-0.055131,0.026712,0.144972,0.347172,0.129859,0.198918,-0.057572,0.066032,0.383078,0.417417,0.320048,0.099218,-0.189771,0.101493,-0.269573,-0.043961,0.461572,0.009385
0.185709,-0.206507,-0.193971,0.096058,0.063123,0.516590,-0.309962,0.200242,-0.049546,-0.161979,0.240243,0.203038,0.165743,-0.197687,0.021084,0.257577,-0.159658,-0.146782,0.355904,-0.185241
0.311737,-0.074453,0.285165,0.179801,0.236920,0.373683,-0.097312,-0.382685,-0.000978,-0.062405,0.405608,0.312676,0.118613,0.072614,0.001897,0.155237,0.236580,0.051888,0.216625,0.129343
0.032811,-0.199580,-0.020835,0.321788,0.137511,-0.052625,-0.111329,0.239240,-0.124996,0.022140,0.539428,0.277216,0.028339,0.038864,-0.140565,0.481543,0.047882,-0.199439,0.237087,-0.166195
0.136236,-0.024984,-0.169599,0.320273,0.044437,0.218237,0.211623,0.486555,0.029568,-0.177693,0.276207,-0.029535,0.192248,0.013291,-0.128417,0.242499,0.387173,-0.312995,0.147425,0.163424
0.206973,-0.105562,-0.109533,0.160836,0.050366,-0.166424,-0.058155,0.147096,0.085464,-0.104809,0.030761,0.297578,0.183749,-0.189901,-0.321758,0.170283,0.723997,-0.068556,0.027819,-0.114525
0.444953,-0.113277,-0.011428,0.262236,0.048694,0.234878,-0.233719,-0.008330,0.013329,0.395422,0.109244,0.134100,0.114070,-0.218306,-0.032790,0.322262,0.127352,-0.160086,-0.262245,0.381294
0.219838,-0.027602,0.093744,0.105764,0.037962,-0.057435,-0.234311,0.203230,0.183067,-0.095610,0.155255,0.049458,0.183405,0.004828,-0.193177,0.147337,0.539173,-0.387853,0.157363,-0.449666
0.254316,-0.123526,0.023275,0.257942,-0.000333,-0.385902,-0.124250,0.292777,0.034748,-0.050934,0.105670,0.224421,0.181867,-0.055070,0.033113,0.573129,-0.038774,-0.301125,0.037272,-0.279873
0.490756,-0.142566,0.212139,-0.089759,-0.159231,0.090241,0.333032,-0.020901,0.107927,-0.267485,0.281108,0.228543,0.312319,0.098239,-0.357881,0.240308,-0.061336,0.091336,0.066268,-0.130241
0.283230,0.059977,-0.096268,0.414858,0.071339,0.066228,-0.212927,0.171123,0.062914,-0.090022,0.677611,0.230762,0.018321,-0.010074,-0.022568,0.272308,-0.057608,-0.200625,0.076707,0.041123
0.098293,-0.051545,-0.113067,0.390289,0.197211,-0.078577,-0.053967,0.139201,-0.049307,0.098708,0.356349,0.348948,0.298182,-0.083444,-0.108487,-0.008715,-0.313028,-0.305325,0.336088,0.287065
0.482465,0.211637,0.011934,-0.223601,0.025687,0.110936,-0.001503,0.357012,-0.065924,-0.073250,0.347991,0.214066,0.013830,-0.001396,0.187804,0.466854,-0.021553,-0.080577,0.295943,-0.085333
0.485282,-0.088033,0.097979,0.255965,-0.239641,0.000410,-0.160253,-0.284342,0.170494,-0.099443,0.360605,0.102713,0.014787,0.071285,-0.059436,0.222947,0.214011,-0.250538,-0.376903,0.170198
0.214498,0.007643,0.173511,0.069509,0.209354,-0.282874,0.182905,0.029277,0.153516,-0.042584,0.068285,0.300246,0.234678,0.002575,-0.341100,0.265139,0.383319,-0.067925,0.056996,-0.494086
0.252236,0.034060,-0.090561,0.158121,0.034254,-0.379369,-0.115688,0.317949,-0.004117,-0.306825,0.542656,0.060754,0.195779,0.216522,-0.050028,0.226297,-0.058040,-0.225791,-0.038848,0.235235
-0.162853,0.076548,0.051825,0.264893,-0.112353,0.338843,0.128394,0.392843,-0.052148,0.119575,0.144021,0.290920,0.148470,0.033229,0.002277,0.597006,-0.017952,-0.182932,0.244359,0.032486
0.028463,-0.206946,-0.082496,-0.029422,0.075474,0.228726,-0.115662,0.104257,-0.053537,-0.135553,0.431362,0.353177,0.171451,-0.061988,-0.131121,0.214069,0.004633,-0.279398,0.462803,0.381913
0.247880,-0.010157,0.004736,0.095102,0.095226,-0.189692,0.140541,0.283639,-0.083476,0.070930,0.416689,0.402212,0.237986,-0.110012,-0.137804,0.056684,-0.109646,-0.079364,0.469808,0.326717
