0.052009,-0.216719,-0.212656,0.556968,0.237972,0.060437,0.080977,0.156328,0.287458,0.231960,0.072296,-0.250602,-0.080464,0.508958,0.032616,0.065135,-0.106742,-0.034598,-0.054068,0.113196
-0.029149,-0.316618,0.007439,0.292210,0.111423,0.252086,-0.172443,-0.006378,-0.070613,0.131486,0.089895,0.143147,0.081991,0.381494,-0.001600,0.139055,0.679083,-0.105421,-0.060674,0.096577
0.301659,-0.101171,0.040187,0.393870,-0.009565,-0.078811,0.065867,0.242092,0.157023,0.479409,-0.242651,-0.092373,0.164036,0.338599,-0.271689,0.199433,0.128653,0.253297,0.100026,-0.070742
0.262227,-0.331720,-0.124194,0.399313,0.070542,0.233771,-0.117807,-0.242671,0.317756,0.174708,0.442629,-0.129324,0.042810,0.377948,0.012337,-0.026558,0.066041,0.031131,0.046834,-0.129369
-0.085797,-0.217994,0.112612,0.443443,0.025817,0.219705,0.069742,0.179920,0.154612,0.287004,-0.097694,0.299304,0.211651,0.424091,0.080264,-0.061617,0.125919,0.033827,0.030416,0.437499
0.348994,-0.293130,0.079200,0.290253,-0.153008,0.276839,-0.229544,-0.000816,0.299677,0.485240,-0.111689,-0.200864,0.059222,0.201688,-0.111048,0.058746,0.164537,0.069783,-0.167972,-0.225403
0.221789,-0.263970,-0.060353,0.219718,0.072024,0.284582,-0.099258,0.151817,0.235776,0.248753,0.044825,-0.146515,0.066360,0.371121,0.218780,0.327279,0.491663,0.104317,-0.025511,0.137167
0.282186,-0.362874,-0.022510,0.306288,0.185400,-0.017848,-0.198530,0.119611,0.262893,0.315597,0.032090,0.135692,0.033225,0.100524,-0.025028,-0.044017,0.263167,0.034669,-0.199039,0.542178
0.157830,-0.343143,0.065423,0.205408,-0.108157,0.203742,0.056869,-0.012150,0.378774,0.134067,0.066928,-0.156736,-0.012386,0.389100,0.591224,0.069145,0.147198,-0.006150,0.035448,0.186948
0.555978,-0.131639,-0.178083,0.214052,-0.082980,0.258582,-0.228749,0.219303,0.089997,0.438266,0.264456,-0.087473,0.231474,0.224003,0.079248,-0.087873,-0.099548,-0.012040,0.127570,-0.002123
0.466928,-0.372931,0.004248,0.403999,-0.066696,0.105348,-0.149124,-0.085010,0.253491,0.172245,-0.126694,-0.259226,-0.048582,0.404343,0.146468,0.161126,0.138277,0.112134,-0.042401,-0.103537
0.413620,-0.220252,-0.178623,0.399042,0.076285,0.504847,-0.226040,0.157206,0.045630,0.262273,0.266894,-0.029425,0.095483,0.149767,-0.088117,0.023980,-0.022302,-0.030244,0.252812,0.067747
0.125820,-0.242055,0.006048,-0.121719,0.160414,0.355565,0.053489,-0.170990,0.232653,0.289757,0.122234,0.009494,-0.196165,0.245944,0.536563,-0.263495,-0.016840,-0.030366,-0.104534,0.323913
0.279389,-0.277481,-0.250949,0.206972,-0.059486,0.438581,-0.063867,0.023180,0.102273,0.503206,-0.229369,-0.038490,0.129852,0.306237,-0.114176,-0.131274,-0.107938,0.136965,0.146400,-0.167639
-0.097492,-0.229579,-0.281256,0.252936,0.076465,0.713799,-0.161608,0.084799,0.053547,0.310140,-0.051764,0.161521,0.116830,-0.001172,-0.171605,0.041795,-0.069955,-0.001899,0.257199,0.048241
0.065748,-0.419190,0.120815,0.258662,0.074839,0.229115,0.125303,0.071864,-0.017799,0.328536,0.045141,-0.093155,0.034006,0.503992,0.487244,-0.089269,0.053115,-0.017654,0.115094,0.153647
0.796020,-0.291589,-0.128537,0.188604,0.074791,-0.052668,0.014693,0.061273,0.056307,0.141468,-0.015532,-0.164548,0.000514,0.228690,0.005211,0.294666,0.031951,-0.048768,0.092421,0.123696
0.058617,-0.205945,-0.029871,0.361886,0.055081,0.479769,-0.146325,0.237645,0.108894,0.177373,0.206872,-0.167811,0.158633,0.302435,0.009154,-0.038667,0.185912,-0.183522,0.210890,0.407425
0.424593,-0.215676,-0.204438,0.396407,0.069672,0.057464,-0.109691,0.246597,0.328509,0.052645,0.119879,0.043527,0.030459,0.338692,-0.036425,0.059298,0.264695,0.062755,0.264385,0.319270
0.491049,-0.192779,-0.110028,0.306771,0.153699,0.537308,-0.184958,-0.062874,0.158578,0.057982,0.182345,0.066066,0.020992,0.083617,0.237187,0.074933,-0.129983,-0.089011,-0.218981,0.238341
-0.130447,-0.158078,-0.154028,0.442010,-0.030812,0.159708,-0.180915,0.097543,0.138831,0.269122,-0.173666,-0.254415,0.069976,0.475274,-0.234726,0.057397,0.382505,0.144290,0.108686,-0.124474
0.296505,0.011666,0.034715,0.474725,0.004242,0.207017,0.014059,0.348773,0.180734,0.384598,0.150929,-0.241600,0.081316,0.389107,0.067803,0.001718,-0.268762,0.084230,0.057287,0.117084
0.198599,-0.203642,-0.030555,0.277041,0.052418,0.102758,-0.032327,0.088299,0.403004,0.130561,0.043705,-0.072979,-0.034790,0.718851,0.159067,-0.125764,-0.004319,0.116709,0.180461,-0.165161
0.435146,-0.242584,-0.137912,0.435980,0.151932,0.223671,-0.279361,0.005732,0.136869,0.121666,0.456892,-0.035033,0.083866,0.245580,-0.000657,0.087969,0.000477,-0.080083,0.141705,0.215467
0.337282,-0.272138,-0.227078,0.487154,0.217147,0.190186,-0.223850,0.030958,0.278273,0.294971,0.086518,0.019888,0.101473,0.172262,-0.079917,-0.229677,-0.184703,0.087432,0.237544,0.138881
0.517325,-0.016115,0.060174,0.443986,-0.000368,-0.247780,-0.011744,0.177214,0.123223,0.154519,0.222591,-0.121323,0.004496,0.449838,0.096498,0.257298,0.074933,-0.064091,0.126810,0.177244
0.358356,-0.289741,-0.086567,0.303188,0.073872,0.114170,-0.236133,-0.141504,0.127759,0.085466,0.164903,-0.097479,-0.042513,0.265449,0.662202,0.090243,-0.046711,0.019011,0.059013,0.093098
0.458108,-0.182382,-0.117918,0.155549,0.212931,0.147906,0.008974,0.101351,0.311172,-0.038816,-0.302039,-0.042139,0.059963,0.472705,-0.107872,-0.130545,-0.019975,0.096487,0.426764,-0.048037
0.213257,-0.090874,0.105909,0.495720,-0.012474,-0.175622,0.001545,0.154808,0.099042,0.161631,0.428428,0.101114,0.186512,0.516762,0.126803,-0.133762,0.189078,-0.179799,0.026900,-0.005573
0.482430,-0.268923,0.057378,0.304389,0.062454,0.285746,-0.032499,0.275377,0.125564,0.253950,0.125329,-0.177208,0.044553,0.427278,0.205829,0.181702,0.024495,0.060705,0.072604,-0.199251
0.251783,-0.424842,-0.114127,0.033894,-0.065645,0.309513,-0.138392,-0.046844,0.065572,0.194494,0.325623,-0.279182,0.025225,0.543962,-0.001826,0.086792,-0.040668,-0.119258,0.269327,-0.043641
0.369542,-0.322488,-0.014595,0.315142,0.128090,0.231493,-0.154323,0.185517,0.338327,0.274152,0.186763,-0.229545,0.125259,0.323229,0.044622,-0.060105,0.280021,0.066878,0.159752,-0.142520
