0.158172,-0.219709,-0.088686,0.265901,-0.445268,0.200534,-0.096388,0.258763,0.049202,-0.074737,-0.051601,0.183859,0.226039,-0.216799,0.045067,-0.115494,0.083792,0.024197,0.442616,0.414680
-0.067617,-0.205131,0.424049,0.197915,-0.251437,0.245186,-0.237055,0.114558,-0.168674,-0.057582,-0.356464,-0.167096,0.251125,-0.143447,0.258190,-0.030599,-0.005403,-0.279878,0.274406,0.223726
-0.208803,-0.263869,0.035863,-0.014673,0.285299,-0.102603,-0.386281,0.347854,-0.046467,0.437532,0.084200,-0.284535,0.132747,0.003690,-0.127481,0.012073,0.446421,0.035231,0.060262,0.057409
-0.065644,0.029324,0.253687,-0.118605,0.113134,-0.062349,-0.297255,0.074245,0.098699,0.360877,-0.233852,0.041307,0.318803,0.066181,0.321255,0.153904,0.534819,0.137153,-0.147081,-0.223827
-0.097527,-0.012983,0.091826,0.030388,0.071549,-0.043823,0.032143,-0.051694,-0.113108,0.037230,0.116096,0.014795,0.016570,0.062306,0.259976,0.913225,0.104845,0.087305,-0.048844,0.124972
0.383514,-0.202239,0.197037,-0.041611,0.178814,0.077720,0.011213,0.216925,-0.084871,0.013241,-0.110237,-0.175263,-0.256749,0.143963,0.269464,0.559211,0.271978,-0.176160,0.012452,0.242660
-0.281812,-0.143309,0.130056,-0.197954,-0.243109,-0.211376,-0.285788,-0.263946,-0.253477,0.136993,0.364909,-0.200982,-0.133044,0.289193,-0.177033,-0.226973,0.069968,0.270260,-0.131472,-0.229864
0.069092,-0.023943,0.444469,0.003689,0.102712,-0.071863,-0.466339,0.499450,0.042362,0.237369,0.032704,-0.308875,0.273969,0.047641,0.087923,-0.113165,-0.018446,0.086224,-0.179769,-0.147921
-0.235482,-0.164521,-0.162272,-0.235213,0.183261,-0.240284,-0.253319,0.150345,-0.274032,-0.233362,0.262829,0.147835,0.266424,-0.262950,-0.221399,-0.215893,-0.264098,-0.246875,0.192841,-0.183326
-0.247998,-0.327917,0.292823,0.039283,0.035690,0.034360,-0.316059,-0.166626,0.043957,-0.010857,-0.321133,0.559788,-0.110365,-0.070501,0.078661,-0.154286,-0.103543,0.339541,0.139322,0.049664
-0.249954,0.288660,0.042085,-0.262979,-0.217382,-0.271438,-0.219208,-0.259285,0.250399,-0.182619,-0.120660,0.260975,0.181574,-0.241305,-0.045877,-0.133868,-0.269805,0.260929,-0.248032,-0.233916
-0.165623,0.229963,-0.268747,0.142853,-0.322912,0.313271,-0.139521,0.147450,-0.123626,-0.227874,-0.184953,-0.189466,0.246650,0.250629,0.207417,0.413569,-0.125968,-0.213057,0.143926,-0.162582
-0.178705,-0.252598,0.201000,0.221894,0.259182,-0.247964,-0.276440,0.272886,0.246164,0.233676,0.260092,-0.171665,0.232063,-0.282744,0.021510,-0.100433,0.170281,-0.244563,-0.267693,0.133951
-0.338145,-0.253326,0.119169,-0.172790,-0.218681,-0.294350,0.271831,-0.112051,-0.199575,-0.232005,0.132091,0.364790,0.110148,0.199112,-0.138663,-0.293715,-0.043759,-0.061569,-0.261182,0.284856
-0.256950,-0.196603,-0.181425,-0.253812,0.145444,-0.162012,-0.262725,-0.262316,0.188413,-0.173987,0.307018,-0.108296,-0.301888,-0.277721,-0.244666,-0.201748,-0.224533,-0.170021,0.193704,-0.235204
0.130719,-0.037008,0.262160,0.253675,-0.256017,-0.293764,0.292150,0.273718,-0.257552,0.099537,0.187986,-0.176405,-0.225317,0.256013,-0.092907,0.238448,-0.206268,0.248597,0.279440,0.171513
