-0.167061,-0.216482,-0.043693,-0.149103,-0.095807,0.083870,0.204042,0.184377,-0.328503,0.202474,0.332758,0.207756,0.279272,-0.307486,-0.360081,-0.223156,0.328905,-0.034180,0.150106,-0.150227
-0.285489,0.286986,0.095979,0.232185,-0.248578,0.023193,0.157977,0.057226,-0.301907,-0.283154,0.379006,-0.025248,0.244897,-0.039970,-0.023126,-0.120922,0.240052,0.235588,-0.345347,0.240261
0.449851,-0.091333,0.107071,0.042565,-0.034849,-0.185346,0.246239,0.121071,0.066376,0.059559,0.105469,-0.024447,0.269468,-0.054375,0.284940,0.679549,0.109041,0.019521,-0.088322,-0.082849
-0.065524,-0.015111,-0.228465,0.244435,0.061032,0.058623,0.068362,0.058353,0.261424,0.359551,-0.018935,0.355413,0.136706,-0.035976,-0.511716,-0.252828,-0.233363,-0.107397,0.363607,0.006123
-0.017964,-0.022685,-0.196353,-0.024173,-0.051224,0.220464,-0.210476,-0.150355,-0.031589,0.018266,-0.009909,0.056837,0.066368,0.040918,0.851533,-0.085568,-0.069412,0.044517,0.288115,-0.094387
-0.179867,0.264357,-0.186413,-0.146132,0.089479,-0.269737,0.041800,0.212765,0.232325,0.271999,0.016341,-0.315044,0.357867,0.070962,-0.054118,0.463955,-0.198570,0.140449,0.145172,-0.234268
-0.051718,0.278548,-0.254423,0.231880,0.154203,-0.257892,0.241148,-0.264968,0.281757,-0.254107,-0.005210,0.255777,0.061443,0.284225,-0.195502,-0.256539,-0.277454,0.091260,-0.234813,-0.210107
0.210467,0.042052,0.117208,0.095509,0.015957,0.044705,-0.315252,0.305138,0.017326,0.330143,0.134332,-0.012004,-0.329425,0.031953,0.596995,-0.353939,0.037117,0.087144,0.090159,-0.022960
-0.257747,-0.250863,-0.273443,0.235431,-0.198020,-0.228225,-0.218362,-0.233463,-0.274120,-0.240002,0.052071,0.343454,-0.223225,-0.216125,-0.006972,-0.050094,0.266909,0.204411,0.226738,-0.173213
-0.097016,-0.308910,0.138672,-0.067753,-0.231027,0.465112,0.094154,-0.006632,-0.001468,-0.067697,0.102956,0.411738,-0.058274,-0.146777,0.374218,-0.000941,0.304138,0.026019,0.329682,0.202906
-0.306227,0.312800,-0.009644,0.204909,-0.059942,0.309099,-0.225105,-0.292978,0.198745,-0.147612,-0.170858,-0.201315,-0.150651,0.231314,-0.045281,-0.298582,0.233244,0.190444,0.272147,0.259824
0.212871,-0.263055,0.235348,-0.002033,0.305291,-0.006741,-0.219338,0.108054,-0.348340,-0.182600,-0.118318,-0.174378,0.284739,0.257456,0.176173,0.395525,-0.288194,0.040828,0.077414,-0.228953
-0.257190,-0.239558,-0.261436,-0.237191,-0.221744,-0.224691,-0.216296,-0.247684,0.225153,-0.214347,-0.240667,0.158279,-0.246341,0.237563,-0.090930,-0.268246,-0.238204,-0.228485,-0.222778,0.092392
-0.162505,-0.270860,-0.246372,-0.193504,-0.239956,0.296519,-0.259511,0.262152,-0.197861,0.263009,-0.096623,-0.108269,0.158499,-0.270304,-0.159172,-0.179443,0.272322,-0.196971,-0.244830,-0.250023
0.114207,0.196850,-0.228231,0.242346,0.176877,-0.254552,-0.242399,0.244776,0.226706,0.280687,-0.177282,0.396037,0.198203,0.211133,-0.157575,-0.099399,0.144479,-0.193113,0.202216,0.294188
-0.210069,-0.219614,0.104454,0.004327,0.239242,0.352485,-0.201806,0.255442,-0.205007,0.314947,0.202897,-0.161563,-0.049475,-0.234088,-0.223081,-0.224351,-0.190852,-0.224459,-0.297579,-0.260885
