-0.240205,0.236432,-0.008055,-0.252656,-0.164428,-0.209230,-0.282551,-0.276621,0.271904,-0.178318,0.085471,0.108278,0.239596,-0.275607,0.212587,0.099144,-0.275765,0.262754,-0.239114,-0.282711
-0.305823,0.251206,-0.193670,0.289690,0.253944,0.357455,0.139628,-0.160534,0.144111,-0.074548,-0.021336,-0.325418,0.337292,-0.186585,0.179683,0.057064,-0.060004,-0.233844,-0.279288,0.176992
0.086750,0.210258,-0.080994,0.340676,-0.329701,-0.139281,-0.139150,-0.241173,0.195233,-0.004770,-0.289954,0.182559,-0.080835,-0.288720,-0.111603,-0.159902,0.327265,-0.206515,-0.334427,0.273802
0.127023,0.279536,-0.121343,0.407814,0.059385,-0.230007,-0.134855,-0.270025,0.071671,0.287762,-0.340999,-0.355837,0.015755,-0.021879,-0.105342,0.237303,0.219112,-0.160745,0.321636,-0.029667
-0.066628,-0.296017,-0.246264,-0.182341,0.242343,-0.291681,-0.266289,-0.083006,-0.237391,0.267739,-0.219134,0.001525,0.254122,-0.190490,-0.299970,-0.078103,0.266297,-0.244712,-0.184149,0.233915
0.109023,-0.263937,-0.210373,-0.301272,0.075514,-0.270635,-0.065120,0.304097,-0.328135,0.202064,-0.227316,-0.118824,0.254591,0.311477,-0.107716,-0.105368,0.064420,-0.282150,0.251220,0.249126
0.022571,-0.209963,-0.093197,-0.068419,-0.232336,0.311738,0.145998,-0.216950,0.234458,-0.253378,0.440998,-0.219326,0.195437,-0.234356,-0.196314,-0.173049,-0.275322,-0.193410,-0.207410,0.207147
0.371290,-0.202081,0.017468,-0.029289,-0.303626,0.024649,0.242894,-0.407530,0.074231,-0.128524,-0.334199,0.110672,-0.018442,-0.221003,-0.038237,0.341415,-0.027682,0.288787,0.015013,0.323582
0.385118,0.245060,-0.361042,-0.174053,-0.258711,0.153575,0.032003,0.399535,-0.149417,0.191899,-0.166543,-0.065942,-0.079398,0.275732,-0.011966,-0.040317,-0.205133,-0.021235,-0.307881,0.259146
-0.217531,-0.164845,-0.234696,-0.205123,-0.214598,0.184562,0.231447,0.173738,0.238894,0.163507,-0.217601,-0.236125,0.221904,-0.303263,-0.242208,-0.271080,-0.212768,-0.214834,-0.191539,0.275865
0.001991,0.074764,-0.022813,-0.011732,0.259694,-0.111915,-0.165265,-0.189775,-0.062895,0.190401,-0.278257,0.167237,0.351194,0.485915,0.090510,0.331784,0.194120,-0.284410,0.158594,0.288800
0.098100,0.117963,-0.278905,-0.258150,-0.250061,-0.246606,-0.260046,-0.228112,0.259334,-0.291861,0.192894,0.281201,0.013300,-0.068588,0.177168,-0.197280,-0.238006,-0.253541,0.320775,-0.145920
0.177029,0.141037,-0.090893,-0.286544,-0.002059,0.037444,-0.346035,0.079351,-0.336220,-0.186876,-0.300040,0.312670,-0.351964,0.154850,0.292252,-0.179954,-0.125881,-0.036293,-0.225965,-0.247647
-0.130622,0.218767,-0.206075,0.211005,-0.254036,0.338683,-0.267563,-0.280349,0.180770,0.268756,0.199667,-0.217857,0.234276,-0.096529,0.272372,0.150347,-0.222767,0.191793,-0.250460,0.127644
0.262648,-0.254999,-0.073291,-0.214906,-0.006696,-0.308190,0.198158,0.298540,-0.266247,0.004156,-0.262330,0.221645,-0.258426,0.341495,0.123957,0.038442,0.258212,0.030723,-0.147028,0.335690
0.063445,0.161967,0.241214,0.154254,-0.192504,0.352832,-0.137552,-0.158406,-0.001531,0.109284,-0.122115,0.153528,-0.155453,-0.335931,-0.173152,0.383929,0.186750,-0.292960,0.288191,-0.337075
