-0.171298,-0.253549,0.280621,-0.145193,-0.221099,0.327846,-0.183159,-0.178901,-0.011426,-0.196479,0.437690,0.189892,0.161235,-0.246619,0.270602,-0.178649,0.192634,0.147409,0.247864,0.077601
-0.379238,-0.037145,-0.082888,-0.263951,0.079876,0.306172,-0.194948,-0.286951,-0.317720,-0.106073,-0.046961,-0.208307,0.305619,-0.108660,0.206612,-0.141734,-0.331329,0.095126,-0.268802,-0.202304
-0.271799,0.106437,0.263473,0.093330,0.213211,-0.181741,-0.074148,0.168091,-0.242914,0.296848,-0.358853,0.206924,-0.284444,0.289736,0.109249,-0.133040,0.274495,0.221443,-0.053764,0.289727
0.291455,0.121114,0.276472,-0.284328,0.109954,0.267774,0.083295,-0.055891,-0.213395,-0.271441,-0.239519,0.175077,-0.282301,-0.147633,0.217475,-0.152894,-0.265888,0.017259,0.329215,0.300790
-0.221901,-0.202396,0.156709,0.133022,0.235140,-0.282422,-0.259953,0.317917,-0.221133,-0.000953,-0.221969,-0.264705,0.235616,0.097715,-0.304831,-0.235136,-0.236956,-0.135826,-0.173353,0.278715
-0.197122,0.314780,-0.151624,0.004153,-0.316883,-0.161579,0.216614,0.278240,0.331687,0.180290,-0.230098,0.310974,-0.233060,0.306178,0.083396,0.029977,-0.001258,0.031308,0.219543,0.301530
-0.024581,-0.177074,-0.138815,-0.189931,-0.235757,0.358060,-0.312247,-0.244282,0.278424,0.072236,-0.021509,-0.295143,0.218804,0.198096,-0.188778,0.212484,-0.240168,0.235003,0.169745,-0.302989
-0.031118,0.088502,-0.152172,0.305170,0.074118,-0.384494,-0.000383,0.363618,0.170991,-0.083773,-0.256714,0.196795,-0.312666,0.030489,-0.218367,0.373385,-0.138867,0.010632,0.253270,0.281332
-0.340222,0.132519,0.188326,0.112895,0.015246,0.074965,-0.146660,-0.272292,-0.212724,0.219575,-0.289505,-0.308023,-0.186941,0.234412,0.119900,-0.272004,0.252648,0.026468,-0.324529,0.310977
0.191017,-0.219679,-0.255615,0.225374,0.221428,0.175780,-0.259561,0.154686,-0.206104,0.136646,-0.292504,0.190312,0.229716,0.187028,0.198668,-0.229007,0.199511,-0.215058,0.360504,-0.222001
-0.361883,0.215515,0.026796,0.053273,-0.375104,-0.183371,-0.237518,0.326304,-0.041107,-0.090678,-0.270402,0.117090,0.034641,-0.014225,-0.422607,-0.193380,0.197014,0.206780,-0.280602,-0.085885
-0.069182,0.073208,-0.258779,0.285464,-0.281236,0.200988,0.179186,-0.085157,0.169672,-0.293821,-0.229220,-0.211434,0.194148,-0.271801,-0.232246,-0.112656,0.208448,-0.278516,0.310362,0.273200
-0.324791,0.215973,0.323232,0.022868,-0.047559,0.065912,-0.309631,-0.291498,-0.155529,-0.311606,-0.054969,0.307297,0.022289,-0.175777,0.081914,0.257929,-0.131077,-0.249120,-0.190669,-0.341243
0.131377,-0.208685,-0.237532,0.159254,0.118940,-0.078336,0.234434,-0.171516,0.264997,-0.245886,0.404665,-0.279978,-0.228305,-0.197506,0.253508,-0.165280,0.107796,-0.229079,-0.228815,-0.284171
-0.190446,0.257563,-0.159697,-0.199190,-0.231304,-0.307826,0.316267,0.180084,-0.013563,0.143149,-0.264084,0.239547,-0.086275,-0.236615,-0.260038,-0.146072,0.253444,0.060116,0.269255,0.333117
-0.305770,0.197690,-0.229437,-0.271595,-0.157373,0.317950,-0.259545,-0.171297,0.331513,0.114954,-0.015621,-0.161075,0.061874,-0.303512,-0.283157,0.319327,0.156463,-0.040020,-0.249284,0.053187
