-0.223505,-0.237300,-0.012122,-0.142514,-0.153382,-0.208645,0.109990,0.246170,-0.284792,0.370080,0.121831,0.245356,0.224343,-0.280869,-0.287676,-0.186951,0.221919,-0.174695,0.250604,-0.225650
-0.308950,0.281131,0.012507,-0.223557,0.249371,-0.162616,0.187142,-0.222319,-0.292661,-0.159422,0.269004,-0.174093,-0.288024,-0.060254,-0.107203,0.268083,-0.228466,-0.236089,0.255767,-0.212754
0.191803,0.198211,-0.186682,-0.113153,-0.140882,0.179939,-0.121809,0.215417,-0.106498,0.177968,-0.116417,-0.433497,0.162470,0.285032,0.173084,0.150415,0.211725,0.262117,-0.180277,-0.460500
-0.234093,-0.086128,-0.213821,0.135974,-0.116721,-0.060985,-0.064965,-0.280785,0.207763,-0.233570,-0.267632,0.121002,-0.292017,0.300044,-0.242050,-0.078999,-0.193146,0.273891,0.308227,0.376467
0.023308,-0.184215,0.226955,-0.264648,0.253939,-0.261419,0.247276,-0.228467,0.325646,0.143523,-0.305599,0.234464,0.186829,0.133609,-0.270510,-0.166373,0.346639,-0.017546,-0.205486,-0.080594
-0.087428,0.293888,-0.347010,-0.167858,0.258094,0.102428,0.012634,-0.127938,-0.061806,-0.265680,0.096222,0.357464,0.221719,0.091123,0.218429,-0.331457,0.167622,0.291959,-0.259318,-0.238110
0.237279,-0.190546,0.348757,-0.210179,-0.287989,-0.298162,0.148050,0.163115,-0.189862,0.037561,-0.217950,-0.132733,-0.116122,-0.201888,-0.250557,-0.249652,-0.241759,-0.064769,-0.302440,0.291859
0.213005,-0.067949,-0.142104,0.113512,0.009229,0.037650,0.348375,0.197356,0.360877,-0.319055,0.291009,0.139272,-0.104705,0.125817,-0.114784,-0.260891,0.297620,-0.232152,-0.341037,0.228459
0.154835,-0.129820,-0.121567,0.329306,0.015251,0.126718,0.260394,-0.315023,-0.272309,0.265548,-0.070514,-0.191657,-0.280382,0.309074,0.220019,0.091600,-0.233643,-0.146483,-0.316330,0.243299
0.186956,-0.203139,0.204579,0.207470,-0.211218,-0.289821,0.194313,0.335947,0.069254,0.194310,0.204021,0.201537,0.209081,-0.252510,-0.261362,-0.213231,-0.256373,0.248213,0.204122,-0.211206
-0.396262,0.185836,-0.188943,-0.164853,-0.206741,-0.392944,0.178027,0.095054,0.169375,-0.202795,0.189391,-0.072051,0.017762,0.360281,-0.242553,0.119174,-0.310475,0.166758,-0.041525,0.260262
0.214207,0.283415,-0.260270,-0.299874,-0.284876,0.145536,0.218051,0.309972,-0.207844,-0.004234,-0.056539,-0.141864,-0.267200,0.060519,-0.217994,0.265362,0.254747,0.267850,0.270518,-0.028400
-0.199586,-0.211267,0.317454,-0.010673,-0.155818,0.022552,-0.355548,0.306500,-0.336418,-0.223390,-0.087558,-0.358568,0.065356,-0.115904,-0.079053,-0.055788,0.247314,0.131238,0.187042,-0.360193
-0.263835,-0.247082,-0.198961,0.264687,-0.258822,-0.224271,0.173392,-0.137169,-0.252725,-0.225753,0.107093,0.238480,0.240212,0.135438,-0.236812,0.270327,-0.269607,-0.238491,-0.199043,0.189651
0.236400,0.293007,-0.159884,0.211848,0.110600,0.213132,0.280647,-0.160064,0.335526,-0.030424,-0.183423,0.269814,-0.305410,-0.168687,-0.258504,-0.257750,0.292883,0.123319,-0.219573,-0.040512
0.167791,-0.224173,0.283982,0.000480,0.219355,0.043867,-0.249041,0.231358,-0.294074,-0.240051,0.293606,0.280494,-0.082580,0.277935,-0.198644,0.268563,-0.245042,0.019295,-0.183290,-0.276960
