0.284452,-0.247898,-0.150556,-0.147225,-0.228039,0.067939,-0.246094,0.261730,-0.147295,0.376617,0.018175,-0.125287,0.186505,-0.312861,-0.213319,0.152108,0.173312,-0.256461,-0.262347,-0.286536
-0.268775,0.293809,0.380790,0.263145,0.012422,0.047117,0.154783,0.162454,0.207549,0.295323,0.331606,0.313355,0.039282,-0.262035,-0.006455,0.247018,0.117970,-0.234404,-0.188304,0.020852
-0.202355,-0.073363,-0.259100,0.114962,0.129008,0.406070,-0.238993,0.145552,0.295005,-0.299020,-0.007877,-0.196085,0.104251,0.355968,-0.307060,0.097153,0.232079,0.315711,-0.006010,-0.060444
-0.315555,-0.244665,-0.019905,0.249256,0.295065,0.088256,0.043221,-0.145917,-0.057574,0.104968,-0.296961,-0.296978,0.255310,-0.055760,-0.096969,-0.203105,-0.282606,-0.328625,-0.275567,-0.294226
-0.000914,-0.360504,-0.159572,0.234946,0.236291,0.151119,0.233875,-0.184057,0.181300,0.025228,-0.345814,-0.160487,0.268654,0.210261,-0.198282,-0.166505,-0.276130,-0.097342,0.337377,0.245575
-0.204749,0.306109,-0.192954,-0.300954,0.165466,-0.058507,0.200370,-0.009168,-0.400209,-0.281011,-0.085477,-0.217713,0.104417,0.182920,0.016771,0.063370,0.315033,-0.117354,-0.069285,0.453011
-0.056661,-0.217821,0.356257,-0.198892,0.163291,0.102450,-0.169278,0.271367,-0.167661,0.409812,0.251304,-0.172563,-0.186671,0.103736,-0.264252,-0.192508,-0.318649,0.119462,0.153208,-0.250293
0.340332,-0.025911,-0.003544,-0.251214,0.306240,-0.163169,0.065319,0.291201,-0.309547,-0.158205,-0.143158,-0.011050,0.279377,0.344505,0.152359,-0.074367,-0.062644,0.299493,0.266549,0.281598
-0.178629,0.263018,-0.137292,0.239528,0.182815,0.383385,0.117251,0.237822,0.031238,-0.366756,-0.010610,-0.320934,-0.018057,-0.048251,0.275774,-0.137618,0.038620,0.297884,-0.069073,0.375153
-0.220580,0.224211,-0.287886,-0.202247,0.255027,-0.246170,-0.190750,0.196489,0.111354,-0.233633,-0.197794,-0.227590,-0.226793,-0.244203,0.226305,0.222577,-0.248650,-0.251135,0.183841,-0.219633
-0.174379,-0.224877,-0.018832,0.064995,-0.023879,0.306597,0.231580,-0.100497,-0.105814,-0.326070,0.049843,-0.295001,0.136198,-0.202407,0.337850,0.177119,0.282081,0.342139,-0.259050,0.283453
-0.290360,-0.003331,0.158016,-0.090683,-0.184303,0.142370,-0.153916,0.281565,-0.306886,-0.277564,-0.160628,-0.128018,-0.210207,0.285479,0.032653,0.333597,-0.264999,-0.247748,-0.292330,0.238268
-0.031758,-0.219589,0.359865,0.279788,0.296777,-0.213388,0.172002,-0.072302,0.250171,-0.164921,-0.278205,0.285573,0.089066,-0.099292,0.211199,-0.099361,-0.296668,-0.222845,-0.160900,-0.300000
0.225580,-0.276348,-0.231640,-0.256838,0.201085,-0.247160,0.073861,-0.215098,-0.245105,-0.236296,-0.127818,0.263392,-0.296284,-0.268666,0.061936,0.096971,-0.235555,-0.282783,0.052311,-0.294717
0.373825,0.165130,-0.259134,0.120041,0.204322,-0.298714,-0.209374,-0.097907,0.004304,-0.101780,-0.340737,0.176786,0.266042,-0.281715,0.190410,-0.075971,0.186871,0.314792,0.264003,0.115809
0.048633,0.111379,0.459270,-0.229807,0.247680,0.163632,0.243161,0.124322,-0.165048,-0.236970,-0.016895,0.334028,-0.222605,-0.147077,-0.149891,0.082273,-0.201391,-0.258162,-0.308852,-0.245993
