-0.237429,-0.208244,0.115057,0.222667,0.244630,-0.271467,-0.237560,0.283161,0.218039,0.341073,0.063151,-0.097739,0.251375,-0.252055,0.135777,0.103871,0.198992,-0.242251,-0.257153,-0.263667
0.157674,0.235803,0.456378,0.222722,-0.105805,-0.258744,-0.175446,0.071360,-0.208849,0.350027,0.159289,0.330479,-0.237558,0.223165,-0.204643,-0.103163,0.232347,0.067351,-0.172087,-0.003683
0.282969,-0.029211,-0.259089,0.275458,-0.120606,-0.137051,-0.216448,-0.297428,-0.271459,-0.061976,0.277531,-0.148231,-0.156825,0.289976,-0.031738,0.291777,0.290841,0.072761,0.194759,0.329040
-0.208446,0.249331,0.226886,0.270162,0.223388,-0.268875,-0.317467,0.250663,0.004185,-0.269058,0.278645,-0.000752,-0.228732,0.227546,0.298724,0.067626,-0.135536,0.037591,-0.236147,0.246172
-0.220951,0.297480,0.113559,0.187183,-0.234327,0.169015,-0.167439,-0.177545,0.192400,-0.042206,-0.223733,0.243814,0.084335,-0.232193,0.176982,0.272550,0.334995,0.316807,0.259601,-0.277140
-0.166394,0.207543,-0.168623,-0.295511,-0.160458,0.372582,0.073212,-0.279484,-0.211073,-0.167855,-0.003944,-0.150263,-0.043816,0.234082,0.267306,0.322093,0.298446,-0.265960,0.099985,0.261551
-0.182097,-0.185230,-0.164151,0.235447,0.195707,-0.289972,-0.206056,0.273626,-0.135307,-0.124090,-0.229706,0.317226,-0.151941,-0.150040,-0.241198,-0.193548,-0.250879,-0.248116,-0.264911,-0.295661
0.486638,-0.147080,0.247883,0.030431,-0.037928,0.295394,-0.037612,-0.292364,-0.030646,-0.078827,-0.147405,-0.120547,-0.280780,0.007845,-0.248504,0.263176,0.207440,-0.289649,-0.261633,-0.234275
-0.104754,-0.232746,-0.238107,-0.230817,0.062339,0.447234,-0.068814,-0.130069,-0.090971,-0.240961,-0.189416,0.154363,0.223938,0.238894,0.192170,0.350931,-0.012059,0.349104,-0.234184,-0.170647
0.199424,0.260874,-0.260909,-0.194725,0.248888,0.174759,-0.214933,0.129391,-0.264521,-0.298932,0.238427,-0.220505,-0.214504,-0.246132,0.119237,-0.228396,-0.218921,-0.226804,0.208348,-0.224072
-0.066468,0.137359,-0.098520,-0.021568,-0.335041,-0.047879,-0.427675,-0.110542,0.076931,-0.138597,0.295757,-0.121573,-0.097170,-0.125947,0.044105,0.312158,0.370060,0.147493,0.312446,0.385331
-0.270231,-0.119423,-0.245323,-0.247944,0.278753,-0.276537,0.250487,-0.202645,-0.282010,0.150212,-0.209392,0.271074,0.234016,0.261793,-0.046450,-0.291807,0.128073,-0.170540,0.197929,0.135573
-0.247750,-0.279434,0.009947,0.233184,-0.129741,-0.354936,0.281596,0.116298,-0.205587,-0.011746,-0.294545,0.311651,-0.251743,-0.184913,-0.255978,-0.287726,-0.178132,0.036735,0.254125,0.024577
-0.273795,0.263753,0.268965,0.209774,-0.238944,0.263649,0.246168,0.012391,-0.230424,-0.136074,0.232667,-0.221547,0.139663,-0.218171,-0.158212,0.154066,0.156602,-0.257829,-0.236602,-0.337766
-0.146065,0.170743,0.216416,-0.337893,0.061415,0.049460,0.289981,-0.107235,0.073010,0.418739,-0.201624,-0.012335,-0.328682,0.109445,-0.233554,0.228523,-0.292964,-0.091209,-0.344415,-0.160225
-0.046866,-0.139142,0.266327,-0.279872,-0.247565,-0.308980,-0.312019,-0.142172,0.209844,0.366970,0.161141,0.302826,-0.055866,0.132340,-0.095729,-0.331356,-0.135783,0.242457,0.174663,-0.105650
