-0.117819,0.173813,0.299495,0.256716,-0.215380,-0.211890,-0.347932,0.289685,-0.106278,-0.062402,0.121339,-0.243753,0.243368,0.182781,-0.043570,-0.244205,-0.265880,-0.220435,-0.228082,-0.298735
0.108441,0.146672,-0.357714,0.344610,0.053761,-0.365349,-0.185290,0.224774,0.229207,0.319832,0.142974,-0.304878,0.034177,0.264420,-0.229098,0.279001,-0.014902,-0.085300,0.146069,0.017868
-0.227246,0.142694,-0.050675,0.022545,-0.330030,0.271896,0.252171,-0.071947,0.218302,0.059321,-0.368884,-0.194155,0.077401,-0.195963,-0.207677,0.306448,0.238184,0.144816,0.284663,0.328926
-0.157910,-0.161161,0.144984,-0.101130,0.234560,-0.127125,-0.334612,-0.273784,0.224064,0.228369,0.211654,0.025867,0.274075,0.227016,0.193630,-0.279625,0.277592,0.282509,-0.171522,0.288606
-0.115759,0.203598,-0.267316,-0.291000,-0.164479,-0.269357,-0.115000,0.337411,-0.227137,0.221562,-0.283130,-0.156830,-0.242912,-0.281363,-0.174878,0.033101,0.223725,0.182770,-0.134132,0.292564
-0.087442,-0.258655,-0.331602,-0.167484,-0.296937,0.269361,-0.271549,0.091285,-0.278691,-0.215186,-0.330445,-0.192621,0.018531,0.257842,-0.139003,0.098096,-0.050251,0.111964,0.117729,0.386884
-0.207998,0.086713,0.212127,0.221978,0.286457,-0.277011,-0.152669,-0.169743,-0.185865,-0.024620,-0.039716,0.328269,-0.261808,-0.237938,-0.207820,0.242072,0.197323,0.237646,0.272129,-0.321140
-0.072225,0.026739,-0.242049,-0.087510,0.008308,0.097700,0.453965,0.390434,0.185066,0.237127,-0.091598,0.245060,0.306060,0.305205,0.013228,0.088229,-0.031675,0.209253,-0.062963,-0.396517
-0.163667,0.304324,-0.200836,-0.101867,0.054423,0.127653,0.416111,0.196241,-0.199252,0.049718,-0.162588,-0.149976,0.258469,0.311724,0.169769,0.119242,0.276765,-0.309172,-0.077145,0.350308
0.228900,-0.224790,0.170874,0.227014,0.216849,-0.220827,-0.270003,0.169375,0.243547,-0.226191,-0.315117,0.164042,-0.213079,-0.234688,-0.221264,-0.209301,-0.223501,-0.221530,-0.221301,0.202556
-0.073519,-0.272217,-0.259361,0.264066,-0.323936,0.010194,-0.201078,0.355845,-0.182137,0.331420,-0.072365,-0.330463,0.044064,0.197907,0.111281,0.091888,0.286487,0.020441,0.024004,0.330057
-0.300454,-0.210899,-0.039644,0.307685,-0.179311,-0.224460,-0.323239,-0.311984,0.205457,-0.247810,-0.125615,-0.091462,0.216107,-0.299907,0.208031,-0.195863,-0.192795,-0.119813,-0.275469,-0.105808
0.259437,-0.271126,-0.168679,-0.038639,-0.126602,0.264805,0.093974,-0.215074,0.034902,-0.053658,-0.207731,0.362852,0.296982,-0.183835,0.291886,-0.156178,-0.304384,0.246195,0.253655,-0.244752
0.265434,0.218283,0.218796,-0.046504,0.175325,-0.192201,0.144978,0.245605,0.183125,-0.285724,-0.182322,-0.202746,0.231102,-0.267124,-0.232918,-0.252361,-0.295747,0.170498,0.219220,-0.293306
-0.205411,-0.290920,0.007559,-0.212545,0.176939,-0.303313,-0.253033,0.333060,-0.019661,0.306311,0.024847,0.039616,0.145006,0.291408,0.067490,0.324150,0.281791,-0.258123,0.120176,0.239228
-0.151811,-0.061861,0.227484,0.286308,-0.165509,0.132821,-0.014073,0.228787,0.227447,0.191794,0.415748,0.183885,-0.243997,0.189818,0.253121,0.305990,-0.241101,0.124859,0.283975,-0.197547
