0.224562,0.006295,-0.130921,0.257965,-0.319350,-0.252724,-0.263872,0.114382,0.228192,0.290611,-0.169831,0.319080,0.119432,-0.003167,-0.223655,0.372869,0.142521,-0.135312,-0.134071,0.300294
-0.103052,-0.300326,-0.101772,0.283092,0.022869,-0.268649,-0.191170,-0.245157,-0.188046,-0.210509,0.236818,0.394642,0.311438,-0.293842,0.295243,-0.049542,-0.084007,-0.185651,-0.106657,-0.148269
0.231866,0.207006,-0.315062,-0.311130,0.322503,0.169671,0.087687,-0.066216,0.223328,-0.190792,-0.024387,-0.326769,-0.306525,0.160172,-0.025141,-0.110521,0.261013,0.201502,0.275353,-0.227575
-0.150825,-0.073206,0.214257,0.119247,-0.366236,-0.179056,-0.144601,0.153637,-0.267840,-0.151722,-0.100017,0.018027,-0.259427,0.343070,-0.238346,-0.319038,0.228938,-0.263333,0.263588,0.247282
0.134313,-0.099254,0.117602,-0.275623,0.080814,-0.185705,-0.323391,-0.286257,0.183043,-0.261649,0.305130,0.160731,0.210256,0.225566,-0.229037,0.328314,-0.100749,0.185800,0.256557,-0.260835
0.190540,-0.139947,-0.259755,-0.025814,0.332743,0.251582,-0.285573,0.095820,-0.361463,-0.023051,0.191744,-0.407892,0.194247,-0.250599,-0.186467,-0.227395,0.163232,0.201718,0.138937,-0.056994
-0.115721,-0.184098,0.129453,-0.267897,-0.181473,-0.187923,-0.296927,-0.294729,0.139830,0.302479,0.262347,-0.048526,-0.289570,0.210578,0.229943,0.370524,-0.246424,-0.010494,0.022958,0.242832
0.295658,0.220569,0.068392,-0.104914,-0.167057,-0.265532,0.208832,0.255717,-0.018267,-0.162544,0.405854,0.139686,0.208426,-0.363137,0.139307,0.384715,-0.094363,-0.178911,0.193371,-0.093928
-0.065207,0.223395,0.119590,0.222880,0.316525,0.358682,0.014334,-0.106355,0.343370,-0.165381,0.013771,-0.214718,0.184189,0.165074,-0.145568,-0.277066,-0.182269,0.138364,-0.396862,0.284540
-0.150413,-0.203817,-0.249805,0.236811,-0.255325,-0.231108,0.244141,-0.242665,-0.273017,0.210075,0.117818,0.214824,0.221396,-0.214588,0.207504,0.177448,-0.258500,-0.253378,-0.254171,-0.190587
-0.159278,0.268515,0.031386,-0.022048,0.419468,-0.199906,0.321633,0.203335,0.312414,-0.237204,-0.219778,0.081918,0.218511,-0.245391,-0.192251,0.017652,-0.103763,-0.399049,0.122889,0.033533
-0.323329,-0.231362,-0.244064,-0.290492,-0.111644,-0.185996,0.169287,0.143908,-0.055747,-0.236019,-0.352948,-0.019392,0.136215,-0.221614,-0.326336,-0.108430,-0.340534,-0.224515,0.191094,0.170244
-0.014580,0.263755,-0.083969,0.254216,-0.305402,-0.069886,0.156900,-0.349957,-0.244107,-0.050817,-0.294666,0.397804,-0.046724,0.024404,-0.321871,-0.149832,-0.084298,-0.142153,-0.292352,0.253854
-0.261406,-0.165749,-0.215419,-0.209784,-0.256201,0.286018,0.098468,-0.243820,0.238501,-0.203639,-0.227552,0.318700,-0.258951,0.165190,0.200502,0.213651,-0.151870,0.271373,-0.142301,-0.219865
0.447490,0.046905,-0.099869,-0.211109,0.350986,0.115527,0.243106,-0.037771,-0.232352,-0.010553,0.240988,0.281035,0.094522,0.160050,0.293403,-0.242925,-0.316362,0.152815,0.013001,-0.227020
0.023535,-0.325873,0.063697,-0.152653,-0.208545,-0.130371,-0.182442,0.176499,0.306087,0.179459,-0.148128,-0.164224,0.253199,-0.217666,-0.270979,0.433676,-0.237925,-0.137529,-0.145834,0.310449
