-0.141002,-0.200137,-0.141163,-0.184721,0.210270,-0.108525,-0.290921,-0.011491,-0.234657,-0.209590,0.390075,0.121680,0.279338,-0.286620,0.164970,-0.205395,-0.259671,-0.244765,0.235649,-0.258550
-0.045954,-0.292353,-0.246839,-0.272919,0.280754,0.292466,-0.181521,-0.145897,0.317132,-0.169554,0.453653,-0.062504,-0.176818,-0.173625,-0.074017,-0.280980,-0.003045,-0.128457,0.229370,0.066476
-0.011084,0.272984,-0.185919,0.200945,0.193060,-0.146031,0.378397,0.295095,-0.214585,0.196672,0.081103,-0.176240,0.115514,-0.141235,0.189339,0.416696,0.286667,0.206660,0.078683,-0.255600
0.212185,0.395483,0.125170,0.001877,-0.118677,-0.242915,0.241358,-0.100931,-0.352713,-0.312461,0.263639,0.112631,0.287187,0.040890,-0.005595,-0.289867,0.156591,-0.128603,0.255517,-0.250170
0.129847,-0.300970,-0.195849,-0.285051,0.284297,0.189244,-0.139462,-0.154483,0.279279,0.300108,-0.246886,-0.151636,0.198256,0.215804,0.252632,0.138912,-0.080588,0.280959,0.220452,-0.240744
-0.205613,-0.126899,-0.115498,-0.173000,0.037770,-0.098836,0.405352,-0.321566,-0.367345,0.322322,-0.206449,-0.343321,0.160500,-0.193867,-0.014817,0.198779,-0.173644,-0.288659,-0.037950,-0.046089
-0.226977,-0.226204,0.204280,0.184521,0.171772,0.317883,-0.308432,-0.252070,0.301274,-0.276795,-0.023732,0.203435,0.242125,0.176347,-0.176872,0.085314,-0.165393,-0.244610,-0.208943,-0.252682
0.285423,0.139285,0.157480,-0.183921,-0.160014,-0.249405,0.321070,0.286222,0.268154,0.312139,-0.213508,-0.185589,0.089765,0.151846,-0.184051,0.171804,0.332530,-0.197116,-0.087061,-0.258472
-0.050114,0.168810,-0.175880,-0.077068,-0.165649,-0.040408,0.515512,-0.028593,-0.373517,0.336276,-0.270784,0.210661,0.234326,0.105687,-0.137326,-0.032119,0.341556,-0.229888,-0.087997,-0.054370
-0.194893,-0.255025,0.205678,-0.219974,0.228806,0.195359,-0.259699,0.044429,-0.224534,0.181690,0.161985,-0.305530,-0.224948,-0.259812,-0.241272,0.206798,0.240678,0.315927,-0.215526,-0.141665
0.022468,0.402148,-0.187713,-0.220679,-0.023245,-0.101415,0.344830,0.249076,0.145029,0.114298,-0.154966,0.095893,0.003795,0.216728,-0.150395,0.267408,0.436526,-0.069712,0.293359,0.268651
0.053512,0.177222,-0.214146,0.319792,0.035516,0.255387,-0.179398,-0.282223,-0.259198,-0.286712,-0.213531,-0.136591,0.034037,0.312083,0.315956,0.010197,-0.059371,-0.264500,0.327031,-0.216160
0.270953,0.150835,-0.054633,-0.257789,-0.321188,-0.166013,-0.170252,-0.112405,0.266600,-0.006749,-0.051229,0.312417,-0.282595,-0.345692,0.155777,0.171737,0.312782,-0.338904,0.061017,0.145488
-0.258500,-0.233291,0.259354,0.218266,-0.261576,0.144887,-0.260582,0.009819,0.202553,0.125593,0.389160,-0.161634,0.244208,0.100109,-0.282154,0.230871,-0.303617,0.226090,-0.161697,0.006773
-0.178264,-0.162849,-0.156115,-0.137893,-0.185479,-0.340508,0.375218,-0.144012,0.286990,-0.214732,0.079984,0.210512,-0.093176,-0.217290,0.091629,0.095138,0.296987,0.300769,0.271929,0.285134
0.294795,-0.137557,-0.203343,-0.295308,-0.079395,0.115978,-0.176530,-0.078527,0.379567,-0.112603,0.156537,0.304726,-0.158037,0.145218,0.283904,-0.208908,-0.252554,0.235942,0.282422,0.254756
