0.258576,-0.202264,0.188227,0.254601,-0.194911,-0.275810,0.226719,-0.010104,0.173133,0.323195,0.171668,0.222942,0.246930,-0.240565,-0.128345,0.299015,0.169523,0.209712,-0.233155,-0.246986
-0.261611,-0.263162,0.085261,0.269210,-0.264386,0.161207,0.225152,0.241903,-0.022447,0.057965,0.334719,0.235564,0.165894,-0.262383,-0.152231,0.360750,0.195796,0.227002,-0.178500,-0.186180
0.097171,0.335439,0.009857,-0.263588,0.123774,-0.227098,-0.077205,0.340005,0.340084,-0.177741,-0.013649,-0.126316,0.132847,0.367252,-0.343372,-0.038135,-0.321454,-0.114008,0.023711,0.260462
0.052563,-0.088566,-0.184544,0.276182,-0.149519,-0.242549,-0.218373,-0.133489,-0.265900,-0.221933,0.321620,0.289436,0.056068,-0.202976,0.305383,0.061790,-0.193387,0.262738,0.294629,-0.300902
0.293498,0.036548,0.235642,0.183162,0.221818,-0.203499,0.202773,0.171934,0.351245,-0.179758,-0.078460,0.293362,-0.163407,-0.265833,0.092920,-0.247454,0.335945,0.115341,-0.195201,0.287661
-0.209032,0.280762,-0.136112,0.261260,-0.143312,-0.184458,0.318259,-0.022976,0.177502,-0.140430,-0.350410,0.232581,0.240655,-0.110656,0.279306,0.059605,-0.265248,0.283031,-0.322503,0.003388
-0.180823,-0.277827,-0.136701,-0.155910,-0.135947,-0.260744,0.147500,-0.146704,0.252610,0.317792,-0.181692,0.306361,-0.213360,-0.293972,0.235691,-0.182991,0.202263,0.265970,-0.191204,-0.237724
0.368337,0.315816,0.206179,0.050349,-0.156836,0.387618,-0.190746,-0.343298,0.376295,0.205901,0.134004,0.130119,-0.066219,-0.350319,0.129162,-0.098196,0.033006,0.017323,0.118422,0.052268
-0.239370,0.119345,0.245582,-0.164652,0.049071,0.292364,-0.317964,0.299331,0.333297,0.197911,0.240300,0.126144,-0.236744,-0.153599,-0.278100,-0.246691,-0.263847,0.220335,0.046117,0.020376
0.218113,-0.171177,-0.245715,-0.208080,0.244663,-0.261589,-0.235235,0.217083,-0.246781,-0.204930,-0.224434,-0.094272,0.214437,0.259083,0.242551,-0.196207,0.242383,0.250701,-0.238186,0.194369
-0.401830,-0.028983,-0.075267,-0.131289,-0.044256,0.391118,0.138441,0.140321,-0.316338,0.145715,0.263156,-0.345917,0.020059,0.075906,0.157472,-0.203006,0.191857,0.124738,-0.261515,-0.343306
-0.290778,-0.229913,-0.238908,0.136707,-0.047869,-0.042702,0.256366,-0.217472,-0.261246,0.225419,0.278471,0.241256,0.276965,-0.217188,-0.080811,0.275588,0.223897,-0.212415,-0.264394,0.208236
0.301719,-0.221897,0.274993,0.142350,-0.266173,0.153648,0.143588,-0.166554,-0.198288,-0.260842,0.331126,-0.216724,-0.252370,-0.183449,-0.137383,0.024630,-0.316126,-0.186032,-0.112325,-0.305081
-0.249261,-0.213411,0.256291,-0.200921,-0.142435,-0.126164,0.239994,0.269246,-0.199484,-0.117841,-0.217620,-0.199325,0.231914,-0.265185,-0.239283,0.260023,-0.266585,-0.214313,-0.224765,-0.250427
-0.004423,-0.152519,0.157980,-0.024763,-0.024363,0.034042,-0.283231,0.030786,0.341482,0.301129,-0.287389,-0.185515,0.211029,0.248113,0.310022,-0.287277,-0.107050,-0.303669,-0.246587,0.307760
-0.034241,0.090009,-0.080097,0.087109,0.312367,-0.279225,-0.298957,-0.312249,-0.080722,0.330215,0.348774,-0.120371,-0.065144,0.196743,0.202548,-0.200068,-0.198370,-0.295384,0.297499,0.153315
