-0.200890,0.225600,-0.262134,-0.185820,0.193809,-0.248912,-0.199032,0.169313,0.240378,0.258852,-0.111780,-0.183148,0.241644,-0.199342,-0.228505,0.275290,-0.251315,0.213271,0.253252,-0.260715
0.290527,-0.063429,-0.275242,0.334955,-0.127029,0.108968,-0.217775,-0.330016,0.098455,0.275789,-0.302866,0.277414,0.071846,0.070569,-0.060878,-0.047782,-0.309687,0.078035,-0.222412,-0.342399
-0.151471,-0.076339,0.103345,-0.297592,0.035083,0.430602,0.075593,0.354157,0.211069,-0.091341,-0.124407,-0.138132,-0.220933,0.252282,0.348438,-0.100255,0.320149,0.338348,0.069547,0.031880
-0.124075,0.221890,0.154585,-0.068112,-0.281590,0.292004,0.026570,0.233666,0.105537,0.111961,0.374005,-0.095182,-0.193810,0.240356,0.292953,0.171107,0.294396,0.282465,0.273239,-0.250619
-0.031152,-0.093886,0.022809,-0.292437,0.258899,-0.318308,-0.241748,-0.213822,0.221659,0.155957,-0.231601,-0.215144,-0.243948,0.268387,-0.268063,-0.163203,0.222222,0.281937,-0.180394,-0.258525
0.152671,0.301360,-0.205190,-0.200745,0.121960,0.428831,0.296726,-0.276552,-0.111763,0.134872,0.176530,-0.265182,0.083237,0.179647,-0.114487,-0.085225,0.341847,0.270104,-0.058931,0.234838
0.303820,0.119966,0.160299,0.267904,-0.283825,0.102276,-0.266528,-0.233461,-0.147705,-0.206833,-0.110243,0.333216,0.198121,-0.260422,0.200661,0.289221,-0.201955,0.026102,-0.181219,-0.293598
-0.041506,0.014797,0.355089,-0.308734,-0.015726,-0.056108,0.070250,0.061956,0.240865,0.209551,-0.438273,-0.152769,-0.298996,0.309211,0.197850,-0.016161,0.292349,0.128439,0.335009,0.092324
-0.190446,-0.025368,0.266537,-0.262375,0.361376,0.361111,0.301476,0.286584,-0.272670,-0.070409,-0.156960,-0.110339,-0.339450,-0.038185,0.226701,-0.132528,0.124160,-0.089354,-0.190298,-0.166795
0.233543,-0.217128,0.123963,-0.202451,0.247322,-0.215684,-0.242685,0.178933,0.217652,-0.213316,-0.223479,-0.231685,0.226713,0.225353,-0.294105,-0.198937,-0.231631,0.226002,-0.243966,-0.233145
0.279376,-0.025373,0.345477,-0.035298,0.026737,0.282652,0.260209,-0.093710,0.228144,-0.104260,-0.482927,-0.073651,0.023507,-0.092880,0.182344,0.227821,0.191559,0.155527,0.361924,0.236309
-0.080138,-0.114870,-0.255055,0.147890,0.223959,0.286558,0.212502,0.194604,-0.286568,0.262552,-0.020315,-0.247515,-0.257338,0.282236,-0.210479,0.175428,-0.210741,-0.282823,0.226206,-0.262488
-0.178819,0.143991,-0.328627,0.262652,-0.017577,0.235816,-0.267884,-0.199330,-0.216086,0.187832,-0.259402,-0.207338,-0.087499,0.320280,-0.105227,0.120393,-0.337133,-0.302157,0.122084,-0.234477
-0.163089,0.183549,-0.222450,-0.124264,-0.244301,0.238695,-0.181667,-0.212575,0.251585,0.142784,0.322296,0.289090,0.133407,-0.230967,-0.255657,-0.219027,-0.235976,-0.226280,0.223862,-0.259479
0.370799,0.351684,0.248240,-0.246278,0.182939,-0.065496,0.135360,0.015314,0.103445,-0.296862,-0.291364,-0.159032,-0.233854,0.113753,0.238850,-0.233592,0.367755,-0.162407,0.100500,-0.016239
-0.134704,-0.275095,-0.142882,-0.225057,-0.196355,0.211018,-0.294878,-0.249365,-0.113171,0.269962,0.332950,0.309074,-0.185581,-0.178895,0.187484,0.354045,0.157770,0.147257,-0.056430,-0.184717
