-0.129564,-0.161969,-0.312519,-0.063158,-0.248997,0.242106,-0.293435,-0.288128,-0.129735,-0.207188,0.254844,-0.158449,-0.245934,-0.047014,0.228359,-0.209531,0.064165,0.253804,0.322349,-0.290841
0.329342,0.268732,-0.259081,0.300899,0.050197,-0.262169,-0.165834,-0.188283,-0.245923,-0.067320,0.223023,0.314541,0.007364,-0.305106,0.192193,-0.018587,0.236991,-0.309005,-0.080187,0.158929
-0.199227,0.195594,0.312326,0.158929,-0.275263,0.082346,0.269395,0.238281,-0.015047,-0.219684,-0.092314,-0.081303,0.272537,0.046842,0.213068,-0.308723,0.280701,-0.250917,-0.325949,0.241972
-0.181323,0.250418,0.231013,0.289777,-0.243350,0.095907,0.173678,-0.174556,0.165679,-0.074363,0.390333,-0.293864,0.241351,-0.218849,0.112955,-0.268849,0.239250,-0.020171,0.154680,-0.305896
0.166730,0.123897,0.327702,-0.124470,-0.369696,-0.232929,0.224746,0.233274,0.282081,0.341720,0.006767,-0.230916,-0.218523,0.033335,0.288126,-0.115191,-0.032867,0.062542,0.266209,-0.259600
0.230327,0.103597,0.352143,-0.286531,-0.232992,-0.257188,0.299857,0.193670,-0.045625,-0.231224,0.172637,0.265193,0.086498,0.264161,-0.204830,-0.179254,0.178566,-0.297332,-0.166621,0.164854
-0.248377,0.250345,-0.187412,-0.159626,0.198471,-0.256492,-0.217276,0.194451,-0.229571,-0.219783,0.257328,0.302466,0.185046,0.147207,-0.225756,-0.241504,-0.201507,0.217718,0.264797,-0.206874
0.156064,0.452271,-0.237945,-0.096661,-0.086764,-0.016461,-0.042679,0.310566,0.037122,0.122388,0.288108,-0.133853,0.084069,-0.317675,-0.184987,-0.096185,0.286273,0.071989,-0.445144,-0.212221
-0.178401,-0.193704,0.364509,-0.206651,0.046810,-0.240548,0.268991,0.197677,-0.004988,-0.199174,0.292351,-0.185008,0.043093,0.199076,-0.235900,-0.282136,0.341864,0.231575,0.128895,0.245665
0.310827,-0.233029,-0.328892,-0.204681,-0.211350,-0.217402,-0.231874,0.189379,0.184461,-0.067653,-0.228394,-0.219235,0.251565,0.225309,0.217902,-0.096173,0.206714,-0.233360,-0.219120,-0.250294
0.002519,0.225149,0.354502,-0.259381,0.348863,-0.121063,0.134150,0.210070,0.222979,0.036825,-0.011339,0.166412,0.167173,-0.323877,0.241381,-0.057723,-0.080916,0.359486,0.321654,0.212811
0.065602,-0.220340,0.141997,-0.244215,0.185497,0.265567,-0.230061,-0.144085,0.232265,0.112429,-0.256995,-0.343566,0.169098,0.302800,0.257431,-0.299696,-0.159475,-0.276730,-0.144092,0.197239
0.259527,-0.168434,-0.305524,0.178767,-0.190236,-0.283154,-0.253320,-0.318982,-0.229252,-0.084507,-0.053056,0.278123,0.110018,0.199535,-0.140609,0.288463,0.256708,0.190169,0.244283,-0.200460
-0.199759,0.199893,-0.170044,-0.224003,0.168664,-0.194340,0.247180,-0.160483,-0.222418,0.234254,-0.230325,0.354722,0.233499,-0.233131,-0.253471,0.219366,-0.242118,0.207534,0.201695,-0.202836
0.405915,-0.339288,0.283284,-0.053001,-0.265586,-0.119184,-0.284523,0.044471,0.134439,-0.159893,0.124460,-0.225853,0.252542,0.260136,-0.251656,-0.058354,-0.219480,0.106440,0.081725,-0.308030
0.234578,0.169543,-0.321438,0.306072,0.144339,0.249366,0.178175,0.348248,0.191348,-0.316866,0.323482,-0.042294,0.020531,0.236120,0.102399,-0.067344,-0.034317,0.200916,0.236447,-0.266630
