-0.299733,0.289842,0.154347,0.279705,0.039905,0.320744,-0.261519,-0.305371,0.212045,-0.119915,0.154645,-0.226769,0.272743,-0.131018,0.216093,-0.286952,0.164567,0.059466,0.214891,0.160970
-0.072859,0.175863,-0.262912,0.057082,-0.297742,0.061432,-0.125763,-0.296234,-0.282759,0.019759,0.403769,0.257169,-0.151048,-0.215268,-0.284342,-0.218801,-0.198061,0.301621,-0.145374,-0.191475
-0.295103,0.186627,0.208426,-0.040833,-0.233968,-0.108716,0.358032,0.174695,-0.166253,-0.076603,-0.254407,0.112226,0.050458,0.234720,-0.248830,-0.163799,0.320686,-0.037340,0.257907,0.423968
-0.236034,0.248243,-0.292493,0.175846,0.256759,-0.300798,0.020774,0.340185,0.163763,-0.191023,0.008849,-0.345634,-0.169762,0.304526,0.334120,-0.147068,0.127351,-0.002456,-0.006273,0.199234
-0.207699,-0.206577,-0.015675,-0.248520,-0.213392,-0.231345,0.247365,0.008468,-0.258122,-0.274601,-0.203863,-0.267278,0.211689,0.286280,-0.273022,-0.217399,0.299732,0.249214,0.071483,-0.176642
0.383606,-0.191659,-0.124352,0.202468,-0.184616,0.298847,0.130922,0.263927,-0.157735,0.142692,-0.220937,-0.175185,0.281491,-0.059312,0.156993,-0.402556,-0.012799,0.266098,0.098186,0.273233
-0.242146,0.026435,-0.097989,-0.258141,0.165833,-0.197112,0.052493,-0.258700,0.228916,0.275692,0.390515,0.265919,-0.022899,-0.312175,-0.160646,-0.284366,-0.182051,-0.275771,-0.193069,0.160168
0.102664,0.028750,0.189786,0.295980,-0.331148,-0.177418,0.218663,-0.023218,-0.274022,0.175244,-0.154911,0.341186,0.036007,0.057480,-0.320644,-0.196588,0.021471,0.023898,0.385590,0.365440
0.322828,0.224741,0.097993,-0.330739,-0.091645,-0.068116,0.254267,0.162394,-0.249422,-0.004927,-0.224274,-0.189698,-0.224866,-0.210756,-0.344770,0.246835,-0.065078,0.361306,-0.196641,-0.159622
-0.218143,0.216469,-0.208876,-0.200304,-0.207365,-0.299131,0.208701,-0.270658,-0.207232,-0.256375,0.174622,-0.211695,0.205783,0.113294,-0.224491,-0.214670,0.216558,-0.214112,0.320427,0.203605
0.213984,-0.145121,-0.047207,-0.164182,0.344474,-0.262014,-0.244731,0.309559,0.046605,0.056455,-0.160951,0.238830,0.231099,0.173328,-0.020840,0.247816,0.415766,-0.003001,0.255714,0.298449
0.214599,0.223885,-0.266741,-0.038209,-0.139008,0.293908,-0.116860,0.060144,-0.257921,-0.246385,-0.290108,0.253392,-0.288310,0.189136,0.230499,-0.162495,-0.173570,0.244370,-0.242041,0.292879
-0.200520,-0.284969,-0.259817,-0.305893,0.311675,0.264588,-0.240814,-0.119469,-0.224842,-0.244098,-0.263774,0.012979,0.281453,0.091297,0.275491,-0.114129,-0.140680,0.187225,0.190239,0.175234
-0.239509,0.248010,-0.225897,0.044459,0.119265,0.314338,0.215689,-0.258519,-0.226258,-0.201162,-0.157155,-0.181510,-0.199078,-0.145604,0.272613,-0.231691,-0.254068,0.202553,-0.254038,-0.305756
0.256839,-0.114694,0.181561,0.299235,0.163117,-0.192341,0.229201,0.166501,-0.264745,-0.256473,-0.233120,-0.243409,0.277469,-0.147087,0.259306,-0.242772,-0.090601,0.246315,0.114617,0.313426
0.143818,-0.094204,-0.206451,-0.274859,0.182236,0.208946,0.166620,-0.333651,-0.087192,0.328864,0.334445,-0.019390,-0.173172,-0.312492,-0.216030,0.382632,0.266622,-0.005612,-0.116879,0.053288
