-0.255846,-0.260341,0.386955,0.190241,-0.109340,0.065679,-0.255537,-0.162533,0.232555,-0.152323,-0.118779,-0.156243,0.308933,0.244521,0.259482,0.220723,-0.275230,0.050742,0.055383,-0.323074
-0.127442,0.151061,-0.188034,0.141123,-0.194838,0.128368,0.181755,0.176369,0.311249,0.377879,-0.309383,0.192281,-0.170873,-0.104075,0.023941,0.323404,-0.268595,-0.333680,-0.178930,-0.232453
0.303381,-0.330528,-0.338640,0.243435,-0.138409,0.364210,0.117364,0.299887,-0.215008,-0.184175,-0.110724,-0.062680,0.110180,0.051482,0.016482,-0.234089,-0.226337,0.108128,-0.192211,0.321248
-0.267326,-0.239761,-0.148759,0.295338,0.289725,-0.321804,0.249789,-0.157721,-0.142467,-0.018541,0.182431,-0.300568,-0.273888,0.054697,0.207621,-0.207897,0.094978,-0.127112,-0.293168,0.259244
0.211631,-0.140714,0.340458,0.199776,0.047444,0.044455,0.116047,-0.014917,-0.208327,-0.117710,-0.316216,0.331959,0.297776,-0.292322,-0.316213,-0.280656,0.045489,-0.337055,-0.020864,-0.158859
-0.015532,0.324597,-0.181881,-0.085504,-0.217887,0.328264,-0.331115,-0.005838,-0.262963,-0.355081,-0.118382,0.219487,-0.099535,-0.253200,0.169766,-0.023873,-0.056459,-0.296380,-0.065483,0.364630
-0.253969,-0.181303,0.090426,-0.228981,-0.299865,-0.237472,-0.274647,0.181068,-0.219015,-0.083315,0.231360,0.236360,0.255384,0.213342,-0.258165,0.117450,-0.150108,-0.314476,0.022048,-0.331807
0.394684,0.204435,0.357457,0.090227,-0.291483,0.241741,-0.231680,0.186142,-0.088203,-0.199151,0.114794,-0.096504,-0.041001,0.181184,-0.368951,-0.047464,-0.128984,-0.236687,-0.340344,-0.058980
0.417479,0.279352,-0.317283,-0.188357,0.154505,-0.142096,0.092880,-0.145113,-0.007854,0.140802,0.183222,0.191032,-0.122175,-0.241501,-0.026989,0.309960,0.169887,-0.088608,0.240431,0.428084
-0.231414,-0.204371,-0.286981,0.236534,-0.206518,-0.228609,-0.211455,-0.238472,-0.159989,-0.202482,0.189230,-0.197522,-0.193104,-0.283353,-0.298943,-0.242372,-0.204001,0.196994,-0.206236,0.199538
-0.332589,-0.325709,-0.346569,0.105454,-0.270024,0.278904,-0.073468,0.223311,0.081999,-0.145479,-0.022169,-0.161185,-0.164607,0.005651,-0.028464,0.274918,-0.259067,0.067769,-0.332413,0.325603
-0.307781,0.223503,-0.214277,-0.219735,0.292870,0.138889,0.208159,-0.113417,-0.301459,0.239546,0.069712,-0.198088,0.274741,-0.288350,0.263884,0.208273,0.263351,-0.032318,-0.229521,0.113074
-0.199224,0.217829,0.353422,-0.177969,-0.260877,-0.138926,0.146070,-0.230670,0.273809,0.343141,-0.128423,0.194442,-0.234093,0.261392,0.137697,0.227067,-0.204738,-0.145396,0.164902,-0.251923
-0.311451,-0.233118,0.286277,-0.196471,0.245395,-0.020636,0.252281,-0.172640,0.268703,-0.058871,0.296061,0.135761,0.263205,0.298454,-0.265393,0.209468,-0.073748,-0.244535,0.208270,0.104781
0.398155,-0.186140,-0.301958,-0.130602,0.181550,-0.242371,0.177453,-0.041507,0.253250,0.022809,-0.173168,0.022251,-0.180410,-0.299562,0.197085,0.183760,0.246656,0.312464,-0.161672,0.314689
-0.235930,-0.000353,0.340496,0.316576,-0.285656,-0.326470,0.201093,-0.121376,0.239054,-0.047463,0.160973,0.290816,0.345526,0.148685,-0.009791,0.216601,0.003012,-0.295816,0.099760,-0.170193
