-0.248151,0.172303,-0.175774,0.303210,-0.218640,-0.108664,-0.214906,-0.194870,-0.276425,-0.184707,-0.191444,0.286110,0.082853,0.120572,0.288509,0.362138,0.194490,-0.162597,-0.253215,0.221191
0.258453,0.307752,0.068188,0.391506,-0.175486,-0.198138,0.003608,0.243186,-0.313316,-0.149770,0.078845,-0.204189,0.131356,0.002757,-0.133748,0.359151,0.184485,0.325907,0.211759,-0.183355
0.092264,0.105133,0.393291,-0.355078,-0.372500,0.286674,-0.017475,0.168176,-0.190394,-0.101926,0.184325,0.114032,0.199297,0.197691,0.054378,-0.120643,0.239914,-0.303600,-0.062044,-0.326555
-0.331302,0.287843,0.068941,0.283382,-0.175537,0.353142,0.299167,-0.129274,-0.203710,-0.287256,-0.170968,-0.274525,-0.221432,0.127738,-0.155627,-0.120183,0.218618,-0.054476,-0.192700,-0.200189
-0.124592,0.298244,-0.001371,0.222130,-0.297318,-0.310329,0.230213,0.248344,-0.125597,-0.151024,0.055746,0.091379,-0.179481,0.265834,-0.219543,-0.315308,0.004774,0.304828,-0.365122,-0.141465
-0.314277,-0.185052,-0.306778,0.143978,0.316065,-0.229943,-0.110803,0.203342,-0.066004,0.311894,-0.162937,-0.115418,-0.270159,-0.015675,0.239237,-0.127115,-0.289016,0.166830,-0.202417,0.324476
0.240729,-0.272378,-0.276576,0.033781,0.236451,-0.270206,-0.158144,-0.223393,0.229056,-0.169572,-0.151500,0.268279,-0.212543,0.271967,-0.234489,-0.083221,-0.201477,-0.203683,-0.274693,-0.267686
0.126969,0.104456,0.354520,0.155966,-0.027392,-0.349215,-0.069504,0.042694,-0.367138,-0.361175,0.122272,-0.041447,0.271056,0.130180,-0.245963,-0.062530,0.232970,-0.005649,0.301487,0.334170
-0.192602,0.074529,0.394151,-0.171367,0.302599,-0.352654,0.356989,0.216378,-0.022220,0.178516,0.370237,-0.165448,0.060663,0.050755,0.287309,-0.115151,-0.071038,-0.059142,-0.104188,0.253309
-0.208431,0.270972,-0.271706,-0.206710,0.280997,-0.148720,-0.266524,-0.241482,0.165494,0.231732,0.048822,-0.222471,-0.225952,-0.212926,-0.260425,-0.215435,0.256048,0.243622,0.200310,0.165908
0.350890,0.149483,0.329496,-0.124057,-0.095504,0.223785,-0.046776,-0.101314,0.317614,-0.338891,0.348728,-0.011545,-0.006827,0.081824,0.219672,-0.042643,-0.349127,0.199767,0.168025,0.273139
-0.164392,0.253102,-0.169371,0.197686,-0.043703,-0.017926,-0.161357,0.180528,-0.290443,-0.092998,0.280257,-0.276892,0.231400,-0.257860,0.250610,-0.249504,0.249609,0.253977,-0.273302,-0.292359
0.389203,0.024922,0.202673,0.327003,-0.326378,0.276466,-0.062842,-0.033483,-0.288583,0.266502,-0.141585,-0.133659,0.004096,0.224725,0.135736,0.277341,0.171072,0.356507,-0.072647,0.110233
-0.179151,-0.215524,-0.099706,-0.238450,0.266606,0.207064,-0.243535,-0.163822,-0.162603,-0.132904,0.321577,-0.208005,0.229623,-0.286216,-0.220778,-0.254335,-0.252428,0.209898,-0.191452,0.266955
0.168028,-0.240210,0.304269,-0.340522,-0.083279,0.139457,-0.165521,0.127722,-0.297290,-0.071494,-0.294053,0.340628,0.274445,0.128161,-0.305371,-0.106728,-0.247513,-0.247404,-0.140868,0.027346
0.298174,0.139894,0.195477,-0.012148,-0.244039,0.281173,-0.167971,-0.357716,-0.192534,0.333166,-0.237152,0.099645,-0.347846,-0.127390,-0.170692,-0.027686,-0.269353,-0.271763,0.172748,-0.027568
