0.195506,-0.244507,-0.075627,0.327034,-0.335960,0.237825,-0.249030,0.272815,-0.163634,-0.010004,0.107957,-0.204940,0.211679,-0.253775,-0.220036,-0.114041,-0.245612,-0.157436,0.350800,0.155290
-0.141983,-0.096998,0.338810,0.346663,0.238526,0.108215,-0.303637,0.283712,-0.293952,-0.028198,-0.221790,-0.018079,-0.275291,-0.215274,-0.248644,-0.187829,-0.220957,0.289425,0.053107,0.053018
0.387192,0.010024,-0.191209,-0.211759,0.134148,0.109119,0.315910,0.134557,0.093045,-0.233156,0.210972,0.235737,0.271834,0.187230,0.178138,0.294368,-0.348332,0.042794,0.312908,-0.096226
-0.117422,-0.305128,0.078947,-0.216619,-0.301057,-0.102841,-0.339512,0.233705,-0.291686,-0.232855,-0.345996,0.038317,-0.089121,0.234650,-0.100179,0.280144,0.273646,0.067518,-0.095580,-0.261293
0.181094,-0.195173,-0.161073,-0.182792,-0.237379,-0.236986,-0.207730,-0.237312,0.354991,0.019723,0.147527,0.244515,-0.260537,0.248980,0.235420,-0.279404,0.093068,0.232334,-0.254734,0.242744
-0.056428,0.246313,0.188424,-0.165482,-0.208635,0.150368,0.323406,0.333556,-0.321090,0.193223,-0.222494,0.258787,-0.062578,-0.129088,0.092263,0.167210,-0.274645,-0.027641,0.183536,0.409181
-0.268125,-0.151994,0.306345,-0.240431,-0.197680,-0.272268,-0.229536,-0.179003,-0.022347,0.194469,-0.150558,-0.278111,-0.127822,-0.284511,-0.281080,0.231435,-0.298005,-0.090389,0.257166,-0.155308
-0.244431,0.119367,-0.210910,0.066889,-0.248910,0.261562,-0.390731,-0.112958,0.365208,-0.066397,0.143201,0.040561,-0.089096,-0.328783,0.018287,-0.023031,-0.352643,-0.186508,-0.006077,-0.381090
0.295054,0.116605,-0.234665,-0.328648,-0.114139,0.288799,0.353244,-0.274972,-0.033765,-0.204232,0.127672,0.252160,-0.216700,0.158011,0.013098,-0.106873,0.283901,0.051175,0.207943,0.326697
-0.239092,0.267897,-0.284764,-0.152828,0.217498,-0.234118,-0.266338,0.226963,-0.276045,-0.256627,0.197180,0.120370,-0.248336,0.213767,0.187110,-0.225627,0.209363,-0.226610,0.152952,-0.186449
0.280520,0.169918,-0.409694,-0.169841,0.214534,0.094553,0.302605,0.165710,0.345505,-0.076553,0.224983,0.104463,-0.002388,0.260393,-0.207199,0.009726,-0.260222,0.118951,0.053761,0.373352
-0.298389,0.277972,0.266749,0.058726,0.291865,0.258370,-0.109720,0.257829,-0.231267,0.040081,0.194541,0.262184,-0.255419,0.271602,-0.155643,0.249137,0.275995,0.079381,-0.232184,-0.072632
0.216559,0.293076,0.355804,-0.232130,0.235479,-0.066675,-0.293933,0.074260,0.025502,0.418200,-0.160782,0.254619,-0.079703,0.045883,-0.211341,-0.151136,0.157218,0.226573,-0.235882,-0.247062
0.203890,0.086879,0.280615,-0.099965,0.160686,-0.269363,-0.228746,0.215934,-0.288685,-0.201216,-0.168613,0.268294,0.287715,0.252295,-0.156009,-0.247627,-0.281847,0.173089,0.264497,0.170672
-0.288370,0.132714,0.254487,0.277034,0.040889,0.281129,-0.225973,-0.166102,0.324987,0.056928,-0.146349,-0.292275,-0.182268,-0.219553,0.187584,-0.274191,0.269207,-0.268554,-0.215108,-0.000598
-0.292165,-0.312079,0.200511,0.002863,0.002984,-0.230035,-0.338191,0.237615,-0.101008,0.029393,0.348723,-0.163644,0.140039,0.313670,0.142367,0.045653,0.179965,0.209102,0.179559,-0.380940
