-0.181572,-0.208155,-0.163828,-0.221873,0.018058,-0.244877,-0.270708,-0.265765,0.238551,0.427397,0.274524,-0.022935,-0.298777,-0.302472,-0.183337,-0.026331,-0.142120,-0.181472,0.103247,-0.221618
0.133189,0.254984,0.256745,0.220393,-0.138432,-0.302060,-0.158634,-0.139530,-0.206086,-0.177403,0.267403,0.213684,-0.252953,-0.199085,0.188405,0.391469,0.245157,-0.197751,0.022344,-0.254040
-0.045598,-0.289779,0.010055,-0.194892,0.168126,0.360260,-0.236834,-0.018886,-0.251172,-0.053965,0.264982,-0.240017,0.203771,0.300570,-0.277164,-0.191104,0.122122,0.020267,0.247005,0.382101
-0.262468,0.275404,-0.224223,0.319586,-0.305499,0.034620,0.326345,-0.240473,0.083101,0.187696,-0.156065,0.262702,0.203149,-0.008554,0.163666,0.272119,0.251665,-0.043811,-0.295758,0.116559
-0.097501,-0.250499,-0.236661,-0.298529,0.279477,-0.294386,-0.232648,-0.218296,-0.221516,0.258075,-0.222513,-0.220022,-0.130339,0.166152,0.254571,-0.202354,0.090763,-0.203520,0.274110,-0.165319
0.318815,0.253693,0.175772,-0.215229,0.100836,-0.170062,-0.017489,0.176529,0.315726,-0.378959,0.234681,-0.172098,0.270015,0.345292,-0.198014,-0.070896,-0.156703,-0.099351,-0.131856,0.264674
0.099327,-0.301033,0.226262,-0.192664,0.116092,-0.285482,-0.276022,0.169546,0.238524,0.040834,-0.227440,-0.242336,0.191301,-0.276468,0.150968,0.378230,-0.176648,-0.216374,-0.255396,-0.141923
0.063023,0.059923,-0.251673,-0.333249,-0.275692,-0.167912,-0.112823,0.020687,-0.324007,0.097317,0.081305,-0.074766,0.281074,0.303583,-0.002994,0.177653,0.336465,0.319997,-0.267657,0.289917
-0.089816,0.163464,-0.210189,0.075513,0.242201,0.254948,0.257284,0.387455,-0.035121,-0.299756,-0.380760,0.219259,0.302942,-0.058840,0.002564,-0.205848,0.263696,-0.059646,0.256580,-0.121130
-0.200966,-0.223632,-0.248306,0.243061,0.208161,-0.247856,0.257261,-0.246817,-0.242193,0.105964,-0.226812,0.239599,0.219725,-0.234440,0.260054,-0.134056,-0.220746,-0.277879,0.113056,-0.225160
-0.345170,0.331492,-0.084252,0.232099,0.208000,-0.010472,0.146154,0.393347,-0.130679,-0.313638,0.260355,-0.104860,0.222610,0.254971,0.175543,-0.163718,0.082488,-0.252166,-0.196004,0.123800
0.153935,-0.300912,-0.353894,0.317322,-0.111680,0.185092,0.035528,-0.285000,-0.224598,-0.289348,-0.128317,0.168073,0.262716,-0.037568,-0.330764,-0.075630,0.215771,-0.122148,0.131598,-0.295586
0.123275,0.256095,-0.066502,0.265451,0.126237,0.311067,-0.033810,-0.200648,-0.046669,-0.077711,0.359371,0.197078,-0.337272,-0.325382,-0.200657,0.371426,-0.127416,0.105233,0.258989,-0.147635
-0.210339,0.208906,0.195538,0.232856,-0.249513,-0.191609,0.216159,-0.211784,0.283338,-0.131412,-0.223039,-0.227554,-0.310129,-0.246624,0.050093,0.256594,-0.240025,-0.138880,0.257629,-0.247805
-0.212786,0.177577,0.337167,-0.240939,0.413284,-0.212215,0.210345,0.085990,-0.268295,0.197583,-0.265018,0.338350,-0.164376,0.063177,0.064565,0.292132,0.126818,0.006279,-0.140233,-0.178695
0.022886,0.036294,0.121136,0.308956,-0.068353,-0.348316,-0.268795,-0.223518,-0.265582,0.235120,-0.050414,0.331809,0.074942,0.110019,-0.178747,0.452649,-0.216570,0.107276,-0.161044,-0.249922
