-0.211635,-0.264675,0.249992,-0.099480,0.182930,0.366458,-0.297411,-0.205588,0.258361,-0.191030,-0.192868,-0.155716,-0.063496,-0.232625,0.201049,-0.192146,-0.213411,0.241023,0.206059,-0.260806
-0.143483,-0.277321,-0.162942,-0.190555,-0.019624,0.296124,-0.042468,-0.226401,0.079198,-0.282494,0.457899,0.286480,0.305157,0.080670,-0.082304,-0.085723,-0.075670,-0.282488,0.132951,-0.322086
-0.124466,0.233103,0.198479,0.128187,-0.152487,-0.089833,-0.157996,0.248602,-0.140993,0.266242,-0.318456,0.183619,0.353842,0.132606,0.161982,0.097039,0.253213,-0.255565,-0.324831,0.342015
0.233781,0.021509,-0.161477,0.113766,-0.335769,0.261643,-0.344979,0.015675,0.289773,-0.302439,-0.195873,-0.074669,0.184751,0.263219,0.177920,-0.181966,-0.107797,0.161983,0.267958,-0.328920
-0.246145,-0.295845,0.225980,-0.275136,0.244156,0.104643,0.281578,-0.098993,0.131081,0.222284,-0.212400,-0.154120,-0.194738,-0.104060,-0.244181,0.342553,0.172454,0.243385,-0.183052,0.286025
0.195125,-0.053068,-0.303630,0.047986,0.023595,0.217877,0.349350,-0.274075,-0.314231,-0.102030,-0.407908,0.078112,-0.068590,0.341694,-0.007587,-0.048344,-0.290620,-0.154807,-0.316571,-0.072720
-0.062178,-0.183885,-0.113031,-0.147104,-0.212672,0.328009,-0.256159,-0.218397,-0.030751,-0.182097,0.403665,-0.233947,0.247382,-0.267868,0.253598,-0.179626,-0.175852,0.145788,-0.227160,-0.276912
0.196453,0.053146,-0.189694,0.197490,-0.036387,-0.296642,-0.126385,-0.319543,0.017902,0.120294,-0.251085,0.239446,-0.161312,0.379170,0.065107,0.372996,0.172001,-0.299727,0.020562,0.328673
0.052732,-0.323783,-0.157206,-0.037510,0.010332,-0.149963,0.382656,-0.082604,-0.383887,0.168000,-0.270859,0.176812,0.262063,-0.300729,-0.054761,0.336856,-0.071094,0.138420,0.115156,0.311668
-0.208213,-0.256239,0.159041,0.237298,-0.215665,-0.215433,0.173408,-0.244667,0.239660,-0.235173,-0.219132,-0.291266,0.213557,-0.228348,-0.219313,-0.232578,0.224783,-0.211321,-0.190751,-0.222312
0.112343,0.079198,-0.419625,0.105610,0.078019,-0.379198,0.415401,0.225580,0.267024,0.213169,-0.249041,0.229196,-0.228551,0.052717,0.001227,0.009110,0.239081,0.042064,-0.018316,-0.273655
0.258866,0.155211,-0.289711,0.337152,0.227834,0.190006,-0.235605,0.284324,-0.158758,-0.187196,0.064398,-0.161429,0.150583,-0.019840,0.170533,-0.191056,-0.249254,-0.180519,0.349222,0.301922
-0.233304,-0.188109,0.366416,-0.087192,0.070566,-0.206510,-0.192165,-0.127254,-0.194886,-0.309549,0.430278,-0.242494,-0.140565,0.067994,0.184473,0.223041,-0.209751,-0.196801,0.253090,0.186790
0.197908,0.251900,0.226305,-0.193449,-0.168351,-0.085982,-0.227349,-0.202487,0.223274,-0.151956,0.357202,-0.218023,0.224084,-0.233356,0.248586,-0.207606,-0.268799,-0.215246,0.087572,-0.310537
-0.085852,-0.209614,0.080627,-0.269505,0.153518,-0.252064,0.274731,0.065791,0.015010,0.181417,-0.270327,0.297420,0.099148,0.219547,0.212182,0.342273,0.265120,0.192123,0.268068,0.329716
-0.190178,-0.201372,0.341906,-0.188847,0.149463,-0.006134,0.217468,-0.288395,-0.260521,0.072167,-0.173749,-0.328215,0.356196,0.079099,0.172492,-0.200656,-0.233614,0.265729,-0.256012,-0.114042
