-0.266346,-0.169112,0.060530,0.153688,-0.237612,-0.131460,-0.324143,-0.286626,-0.253355,0.293246,0.378469,-0.139453,-0.216909,0.153720,-0.214953,-0.194533,0.147490,0.247719,0.012423,-0.247681
-0.105796,-0.258774,-0.012572,0.316411,0.267586,-0.282829,0.038746,0.194934,0.043003,0.217900,0.381722,0.360284,0.204180,0.155653,-0.184733,-0.162678,-0.227548,0.288766,-0.056903,-0.201789
-0.182956,-0.038982,-0.428103,-0.135880,-0.067827,0.373584,0.241000,0.346888,0.419059,-0.090955,0.002981,-0.055002,-0.139996,-0.212137,0.140258,-0.090949,0.124178,-0.084143,0.234777,0.289156
-0.253459,0.356458,-0.232135,0.047594,-0.141542,0.350710,-0.103056,0.294319,-0.302166,-0.352966,0.333940,0.083956,-0.155389,-0.189800,0.083177,-0.024361,-0.010483,0.186474,-0.133131,0.239845
-0.028519,-0.237926,0.051180,-0.299098,0.231049,-0.310055,0.308304,0.263296,0.271436,-0.045221,-0.239448,-0.240576,-0.232853,-0.173397,0.233248,-0.198989,0.197848,0.175633,-0.180099,0.254864
-0.111786,0.180640,-0.140936,-0.206504,0.203234,0.313275,-0.053482,0.237861,-0.313337,-0.057010,0.165350,-0.189196,0.050202,0.358377,0.092722,-0.115087,0.312426,-0.253835,-0.371821,0.275367
0.250577,0.274781,-0.309586,0.332925,0.225752,0.217407,0.080156,0.222566,0.145077,-0.214628,-0.195863,-0.237457,-0.174668,-0.115776,-0.146648,-0.209860,0.190460,-0.243406,-0.268611,0.248676
0.109266,0.102047,0.346793,-0.017173,-0.014288,-0.389096,0.340289,0.244328,-0.029258,-0.304684,-0.122512,0.177379,-0.056075,0.170520,0.236254,0.170854,0.381274,-0.069476,-0.256951,0.237455
-0.239237,0.274019,0.178273,-0.284333,-0.221058,0.346985,-0.058481,0.269201,-0.039273,-0.114404,-0.059484,-0.259960,0.093563,0.307850,0.240474,-0.220598,0.294344,0.240708,-0.097699,0.244969
-0.205265,-0.238106,-0.246307,-0.200028,0.215024,-0.228563,-0.244521,0.178696,0.209492,0.242957,-0.229727,-0.262305,-0.223984,0.227495,0.214687,0.219759,0.168323,0.262834,-0.231439,0.196253
0.066075,-0.212608,-0.118341,0.017416,0.098286,0.277090,0.310915,-0.366281,0.140162,0.346997,0.112514,0.038083,0.324112,0.302303,0.180318,-0.351799,0.311630,-0.050950,0.106834,-0.029274
-0.148360,0.278805,0.212058,0.202318,-0.188194,-0.241148,-0.237735,-0.237055,0.262967,-0.197116,-0.273398,-0.164615,-0.245938,-0.112342,-0.222199,0.251293,-0.186956,-0.189607,0.286577,0.244059
0.255024,-0.242288,-0.139131,0.081794,-0.260783,-0.111843,-0.290741,-0.066922,0.136327,-0.253885,-0.220265,-0.243295,0.163857,0.253771,-0.266456,-0.144140,-0.357183,-0.301077,0.268521,-0.128766
0.216228,0.232522,-0.170626,-0.153214,0.233297,-0.221263,-0.183320,0.182320,0.210172,-0.153588,0.336640,-0.245425,0.216116,-0.271895,0.177759,-0.215653,-0.252549,-0.281774,-0.174546,0.250312
-0.183207,-0.122726,0.219829,-0.187441,0.169429,-0.324489,-0.180257,0.075381,-0.248093,-0.105105,-0.341851,-0.136216,-0.105317,0.198330,0.294104,-0.168619,0.262398,0.317335,0.284528,0.268069
-0.286839,-0.063911,0.321462,0.198440,0.300749,0.208045,0.282548,0.143280,-0.345843,-0.192885,0.032764,0.407266,0.049878,0.090658,0.106919,-0.151650,-0.382935,0.009353,-0.108136,-0.097576
