-0.199589,-0.242486,-0.223672,0.266182,-0.141315,0.049184,-0.271261,-0.200398,-0.217840,-0.234499,0.397422,-0.171845,-0.185660,-0.243672,0.228839,0.161951,0.206409,0.144371,0.229716,-0.256467
-0.104893,0.134780,0.290210,0.238068,-0.225202,0.119821,-0.250123,0.248874,-0.228110,-0.240620,0.303926,0.256201,0.229032,-0.315648,-0.232216,0.274863,-0.052318,-0.276715,-0.101108,-0.036407
-0.028990,0.192153,-0.069085,0.072034,-0.110592,-0.123839,0.297293,0.179336,-0.250585,0.147868,-0.281082,-0.217769,0.017902,0.312065,-0.316483,0.233665,0.212524,0.244685,-0.311903,0.371872
-0.198505,-0.001040,-0.239171,0.191223,-0.032650,0.387157,-0.175801,-0.087329,-0.292451,-0.207273,-0.083519,-0.291455,0.034534,0.270888,0.236731,-0.274744,-0.046989,0.341615,0.198716,-0.304023
0.000163,-0.268171,-0.168598,0.235698,-0.130509,-0.268754,0.259824,0.362669,0.263102,-0.289879,0.163995,-0.092191,-0.198049,-0.193489,-0.123931,-0.271420,-0.211001,-0.164703,0.164956,0.320333
0.083619,0.264313,-0.127733,-0.060136,-0.297487,-0.210378,-0.176153,0.346325,-0.197455,0.348101,0.092876,-0.193022,0.092245,0.035496,0.317849,0.203373,0.345935,0.151216,0.103596,0.328654
0.254093,-0.201922,0.243505,0.239882,0.207003,0.314892,-0.265171,0.176565,-0.225746,-0.171886,0.309222,-0.187879,0.255704,-0.285503,-0.209772,0.195203,-0.197500,0.086470,0.156400,0.151514
0.088066,-0.181810,-0.045681,0.013330,-0.211271,-0.281680,-0.214831,0.305901,-0.154641,0.239459,-0.070665,0.309002,0.324715,0.294901,0.018031,0.277958,-0.302603,0.031167,-0.054350,0.382102
0.235239,0.163013,0.244800,-0.119096,0.006030,-0.335027,0.359887,-0.034229,-0.229445,0.180707,-0.298787,0.170025,-0.047209,0.163852,-0.029671,0.348162,0.234858,0.299603,0.012238,0.318250
0.193045,-0.226727,0.075891,-0.198811,0.233334,0.165541,-0.281712,-0.250909,0.244467,-0.229356,-0.211763,-0.241167,0.208061,-0.252596,0.194919,-0.225631,-0.197364,0.221524,0.311397,-0.213341
0.023107,0.193956,0.057018,0.038450,-0.082389,-0.111895,0.438847,0.236012,-0.012322,0.056074,-0.466792,0.166881,-0.007653,0.340889,0.287954,0.307689,0.356782,0.034733,0.019740,-0.133179
-0.301594,0.250149,0.251290,0.305049,0.098702,-0.245173,0.155328,0.301295,0.204800,0.197043,-0.275425,0.157460,-0.229967,-0.190306,0.222075,0.043850,0.303420,-0.080893,-0.114133,0.268533
0.195861,-0.231052,-0.155887,-0.126221,-0.196255,0.258323,-0.304079,-0.311439,0.338456,-0.251151,0.135231,-0.235244,-0.207011,-0.095773,-0.080748,-0.180791,-0.287438,0.118908,-0.272534,-0.244527
-0.176251,-0.101783,-0.153170,0.237540,-0.219749,0.349535,-0.264188,-0.111979,-0.222303,-0.223534,0.361271,0.111014,-0.187126,-0.260969,-0.219657,-0.246308,-0.028483,0.176575,-0.262150,-0.266297
-0.259740,0.281298,0.156020,-0.206437,0.085626,-0.301922,-0.184551,0.351481,0.157593,-0.244881,-0.231708,0.308172,0.044383,0.222764,-0.153824,0.314927,-0.066873,-0.039461,-0.084394,0.330627
-0.322694,0.295659,0.286984,-0.244167,-0.163691,0.222970,0.014180,0.224920,0.228369,-0.280132,-0.058311,-0.191905,0.136593,-0.237438,0.325678,0.025779,-0.161934,-0.309346,0.254115,0.008148
