0.148886,-0.219667,0.374155,0.204247,-0.288548,-0.311278,0.182848,0.236151,-0.229847,0.112235,-0.166275,-0.024822,-0.112347,0.146666,-0.091325,0.329024,0.228886,0.257077,0.278037,0.195741
0.040937,-0.256649,0.238557,-0.270336,-0.236574,-0.275955,0.203879,0.186465,-0.263155,-0.229817,0.187061,0.336205,0.272347,-0.268978,0.174366,0.239817,-0.025760,-0.053399,0.248546,0.155530
0.093029,0.208497,-0.182473,0.315775,-0.125584,0.148663,-0.312647,-0.138334,-0.293872,0.297752,0.253864,-0.318214,-0.138963,0.191776,0.138069,0.097372,-0.147620,-0.086465,-0.303780,0.336451
-0.331474,0.084605,-0.160337,0.208171,-0.131118,0.307164,-0.233368,-0.332450,-0.270994,0.225415,-0.105655,-0.126789,0.230365,0.198083,0.163977,-0.413432,-0.175213,-0.067460,-0.028123,-0.244437
-0.180844,-0.174506,0.095931,0.118046,0.052330,-0.261652,0.284557,-0.212114,-0.267374,-0.135102,0.118925,-0.340293,-0.192917,-0.105972,-0.186225,0.408060,-0.227507,0.244292,0.257977,0.263110
-0.219296,-0.008465,0.205634,0.110589,-0.115536,-0.088481,0.229566,-0.098654,-0.090435,0.419844,-0.126710,0.350445,0.291302,-0.200295,0.288666,-0.366311,-0.090664,-0.261459,-0.256926,0.072930
-0.311925,-0.164288,-0.102353,0.259140,-0.326316,0.243526,0.089707,-0.033441,-0.223624,-0.155597,-0.104209,-0.215029,0.206653,0.232531,0.036368,0.403015,-0.195954,-0.312113,-0.215347,-0.221604
0.441052,0.342126,0.016303,-0.029528,-0.095239,0.061106,-0.169540,0.226539,-0.101193,0.136148,0.315401,-0.166764,0.272671,0.149904,-0.294821,0.164179,0.219442,0.036747,-0.227597,-0.355461
0.093750,0.251175,-0.232777,-0.000284,0.345685,0.312530,0.247608,-0.079326,0.038707,0.338020,0.268252,-0.360829,0.113362,-0.012513,-0.259849,0.213089,0.151869,0.233735,-0.260027,0.001606
-0.240615,-0.218893,-0.251914,0.249583,0.143886,0.265723,-0.088235,-0.240969,0.265517,-0.207317,-0.247331,0.168748,-0.243592,0.269778,-0.237496,-0.209453,-0.190913,-0.240912,0.214839,-0.187380
-0.042042,0.204098,-0.212752,0.181707,0.266176,0.405671,0.000097,0.308743,-0.326253,0.241746,0.104599,-0.147735,-0.020237,0.185279,0.364897,-0.118031,-0.177093,0.146636,-0.046611,-0.336231
0.138203,0.335220,-0.217214,-0.261507,-0.337414,0.181702,-0.140767,0.325344,-0.161321,-0.011987,0.094123,0.162679,-0.171024,0.267030,-0.312007,-0.306046,0.245860,-0.204577,-0.121015,-0.102125
0.204619,-0.340582,-0.222228,0.087725,-0.191648,-0.284427,0.212459,-0.173179,0.220934,-0.291868,-0.208269,-0.154248,0.014417,0.226318,0.128263,-0.281281,0.264906,-0.274459,-0.215390,0.228551
-0.274149,-0.108883,0.349904,0.262515,-0.286168,0.261968,0.192488,-0.257165,-0.275568,-0.146959,-0.148030,-0.134785,-0.186364,-0.266050,-0.147930,-0.146629,0.252228,0.278372,-0.196210,0.042603
0.349427,-0.001220,-0.296523,-0.242793,0.322207,0.170800,0.219908,0.221111,0.062076,-0.092505,0.256229,-0.001265,0.076565,-0.162337,-0.341008,0.229584,-0.251777,0.310048,0.235515,-0.080738
-0.280028,-0.277220,-0.338143,-0.099192,-0.376281,0.183494,0.222194,0.197125,0.280952,-0.288781,-0.212769,0.076718,-0.210391,-0.110341,-0.094012,-0.339503,0.153500,-0.193428,-0.024616,-0.038209
