0.264591,0.221948,-0.230362,0.270783,0.145251,-0.210485,-0.177224,-0.238908,0.260406,-0.216523,0.249413,0.373793,0.100240,0.189827,-0.214817,-0.151025,-0.262734,-0.144661,-0.157474,-0.232465
-0.287288,-0.018400,-0.165508,-0.202753,0.262222,-0.301888,-0.216371,-0.153698,-0.289113,0.239436,-0.060179,0.316250,0.206101,0.271320,0.051897,0.335156,0.275793,0.082817,-0.025671,-0.242988
-0.077161,-0.021412,-0.259116,-0.239496,-0.249028,0.300530,-0.282313,-0.228719,0.191379,0.172032,-0.398068,-0.031343,0.204506,0.251346,-0.201533,-0.050750,0.347058,0.269265,0.124327,-0.049822
-0.264014,-0.156144,0.066181,0.309382,-0.273261,-0.244879,-0.142522,-0.200879,-0.154281,-0.085669,0.271945,-0.102824,-0.244399,-0.176513,-0.289319,-0.355622,0.234605,0.199290,0.310210,-0.052933
0.201476,-0.168100,0.223497,0.050421,0.258023,-0.268886,0.330916,0.305929,-0.204544,0.284819,-0.256880,-0.178438,-0.223457,0.140979,0.190073,-0.188207,0.220672,-0.253461,0.020092,-0.247379
-0.093948,0.145976,0.188326,0.231324,-0.283074,-0.129421,-0.336179,-0.325696,0.307316,0.067687,-0.248714,-0.135025,0.161987,0.001814,-0.409050,0.190540,0.225773,-0.298424,-0.027850,0.122969
0.226826,0.236800,-0.148100,0.288525,-0.059455,-0.192361,-0.139123,-0.149535,-0.165670,-0.159648,0.347919,0.320815,-0.261621,-0.266673,0.205501,0.272275,-0.193400,-0.193519,0.246885,0.190810
-0.012575,-0.241662,-0.338724,0.252198,-0.150066,0.236255,-0.189552,0.267559,-0.073384,0.294327,0.187308,0.214487,-0.083603,0.162451,-0.167172,0.082256,0.377948,0.273284,-0.172951,0.297681
0.214695,0.236884,0.116775,0.267335,0.065420,-0.142003,0.394467,0.335807,0.234987,-0.108479,-0.149276,-0.054761,0.246155,-0.222454,0.299193,0.005076,0.362713,0.092465,0.007710,0.296333
0.245377,0.246687,0.172013,0.182572,-0.239168,0.141717,-0.265535,0.168335,-0.239126,0.232176,-0.267468,-0.227521,-0.217198,0.220091,-0.226678,-0.209024,0.182059,0.271318,0.235180,-0.229641
-0.092494,-0.109219,-0.367630,-0.023257,-0.030647,-0.312316,0.483959,0.253279,-0.085536,-0.019671,-0.104072,0.009614,-0.224480,0.392973,-0.035138,0.263949,-0.115312,-0.248044,-0.077327,0.268000
-0.163585,-0.264735,-0.017029,0.288268,0.255302,-0.192293,-0.304314,-0.259557,-0.282080,0.207299,-0.238998,-0.131649,0.277143,0.170665,-0.262646,-0.092978,0.287846,0.121823,-0.058359,0.275639
0.392950,0.251168,-0.285702,0.202102,0.317464,-0.021924,-0.246860,-0.136245,-0.111906,0.263761,-0.189800,-0.177421,-0.130568,-0.182998,0.225055,-0.207170,-0.343940,0.038974,-0.085129,-0.241880
0.227414,0.190598,-0.181022,0.223823,-0.229870,0.275967,-0.172675,0.200738,0.241962,-0.171765,0.323978,0.318689,-0.232747,0.213582,-0.193040,-0.053021,-0.246957,0.210476,0.175554,-0.243792
0.125561,-0.086155,0.248965,-0.215058,0.020161,-0.306686,-0.197218,0.316188,-0.231370,0.313274,-0.282784,-0.200779,0.244724,-0.235127,-0.150784,0.318645,-0.168959,0.231085,0.118250,-0.167086
0.222006,-0.275273,0.066368,0.224827,0.119628,0.150984,-0.270196,-0.217227,-0.195401,0.292253,0.364559,0.117800,0.143049,-0.291245,0.282688,-0.221259,-0.144280,-0.226372,0.065908,-0.285924
