0.177336,-0.257172,0.184170,-0.139609,0.228486,-0.249252,-0.170653,-0.190424,0.179188,0.237784,0.023463,0.371869,-0.272609,0.225205,0.234180,0.309700,0.191767,-0.243626,-0.164080,0.207281
0.226409,-0.174986,-0.297085,0.155372,0.135859,-0.309027,-0.275081,-0.149667,-0.090490,0.253512,-0.254296,0.015186,-0.248584,-0.062225,-0.190864,0.318181,-0.281517,-0.238054,-0.157691,-0.303674
-0.201727,0.254782,0.349511,-0.406412,0.166996,0.425787,-0.145857,-0.205270,-0.112929,0.029760,0.180007,0.067886,0.157728,0.151621,0.187736,-0.122236,0.238239,-0.339513,0.113906,0.027697
-0.111790,0.241641,0.224571,0.308393,-0.052924,0.083102,0.156410,-0.189777,-0.193909,-0.328191,-0.283467,-0.214162,-0.044839,0.255764,0.205105,0.116226,-0.068024,-0.340907,0.318005,-0.311264
0.219884,-0.294079,0.205541,-0.287525,0.271828,-0.282542,-0.203527,0.251739,0.200605,0.249928,-0.240836,-0.275458,-0.199583,0.216362,-0.260126,0.254166,0.033795,0.078070,-0.109473,0.083767
-0.439594,0.283880,-0.171595,-0.178378,0.280783,-0.357106,-0.103753,0.250919,-0.080992,0.194176,0.166079,-0.073528,0.234129,0.010004,-0.369637,-0.070746,0.050917,-0.076876,-0.038304,0.317871
-0.138966,-0.119232,0.139954,0.097825,0.257031,-0.240539,-0.084141,-0.252583,0.029857,0.265600,-0.238933,0.319404,0.225726,0.221652,-0.222220,0.315246,-0.201433,-0.221642,0.294529,-0.294414
0.228139,0.181301,-0.374405,-0.382934,-0.125495,-0.364449,0.240651,0.303502,0.069821,0.245186,0.068207,-0.167543,0.150834,0.025025,0.075596,0.178470,0.224320,0.142378,0.086554,0.304839
0.125872,0.242782,-0.037503,-0.157653,-0.113816,0.304873,0.360890,0.256649,-0.277629,0.205640,0.241062,-0.157608,-0.102284,0.255476,-0.246355,-0.113360,0.221549,-0.023475,-0.337500,0.286024
-0.195237,0.237771,-0.340298,0.229974,0.212176,-0.209961,0.115312,-0.250393,0.190894,-0.207798,-0.229292,0.235273,-0.233942,-0.204076,0.207073,-0.191364,-0.223822,-0.252794,0.201231,-0.231607
-0.288946,0.231202,0.337566,-0.076332,-0.287174,0.355416,0.106885,0.202157,-0.237563,-0.029004,0.287412,-0.110558,0.143524,0.237185,-0.136816,-0.225990,0.319745,-0.041829,-0.271334,-0.076394
-0.282908,-0.028703,-0.190732,0.185872,-0.101500,-0.156882,0.269793,-0.245621,-0.255523,-0.174754,0.228701,-0.252457,0.286718,-0.159563,0.219914,0.286920,-0.284847,0.274140,-0.182626,0.200784
0.351476,-0.180643,-0.185411,-0.155441,-0.338340,0.143827,0.225610,0.060314,-0.044351,-0.308042,-0.249888,0.188949,0.209568,-0.115222,-0.285296,0.292880,0.097753,-0.117243,0.284414,-0.268390
0.076579,-0.278697,0.011544,-0.202652,-0.236942,0.183761,-0.091088,0.275405,-0.229064,-0.261538,0.025781,0.376727,-0.245260,-0.233766,0.238678,0.243366,-0.253000,-0.227803,-0.188236,-0.235412
0.343576,-0.221903,0.330698,-0.226724,-0.118421,-0.185876,-0.113980,0.004817,-0.001854,0.201077,-0.266017,-0.132201,0.349734,0.159444,0.147436,-0.225373,-0.216350,-0.317908,-0.188977,0.278985
-0.182419,-0.262529,-0.308438,-0.030897,-0.197073,0.168081,-0.224828,-0.229166,-0.227061,-0.166737,0.334406,0.342959,0.243001,-0.228225,-0.143808,-0.206098,0.041155,0.280171,-0.242292,0.097802
