0.255177,-0.221214,0.304730,0.125366,-0.193373,0.156137,-0.256956,0.226210,-0.201264,0.043331,-0.274191,-0.233041,0.204863,-0.218699,0.261535,0.287465,-0.257364,-0.244211,0.242780,0.029619
0.228289,0.273695,-0.199750,-0.127818,0.150848,-0.324180,-0.110669,-0.175688,-0.219624,-0.191061,0.316553,-0.273520,-0.290255,-0.173745,-0.230182,-0.279915,0.037836,-0.171194,0.263678,0.199957
-0.209332,-0.051473,-0.085407,0.281468,-0.038813,0.272002,-0.248981,-0.324124,0.074624,-0.281359,-0.057616,0.295815,-0.275835,0.257635,-0.156781,0.196672,0.118693,0.188958,-0.313379,0.308536
0.242208,0.332426,-0.338348,-0.323374,0.253093,-0.052656,-0.082670,0.308360,0.176353,0.070103,-0.148676,-0.155143,0.100430,0.356184,0.037157,-0.158285,0.172838,0.317752,0.240314,-0.094137
0.017043,-0.110481,0.029307,0.210576,0.163671,0.188539,0.180555,0.238228,0.241593,-0.319143,-0.312070,0.332727,-0.147400,0.264696,-0.267208,-0.174386,0.318030,-0.210568,-0.168364,0.234243
0.149456,0.242819,-0.042311,0.110241,-0.338822,0.254440,-0.352592,0.204959,-0.326020,-0.201328,0.029181,0.122512,0.325840,-0.263695,-0.256738,0.179365,0.088538,0.079352,-0.092487,0.315790
0.176677,0.218118,0.306011,-0.122723,0.230436,0.167606,0.039874,-0.174347,-0.243124,0.134564,0.291198,-0.258744,-0.222078,-0.247388,-0.301473,0.292672,-0.237329,0.032101,0.322194,-0.148791
-0.057685,-0.296037,-0.388442,0.203112,-0.227440,0.041383,-0.161101,-0.162493,0.428783,0.336328,0.017224,0.204130,-0.114829,-0.234287,0.086069,0.004983,-0.148681,0.168564,-0.196343,-0.327991
-0.082133,0.111735,-0.215968,-0.142800,-0.115424,0.032032,-0.130607,0.016538,0.362367,-0.367415,0.020354,-0.113073,0.071426,-0.243538,0.342867,0.290683,-0.297420,0.030515,-0.425235,0.256652
0.189232,0.221523,0.189760,-0.300656,-0.256501,-0.229890,0.188083,-0.205853,-0.285743,0.195874,0.202030,-0.251259,0.198187,0.205054,-0.216430,-0.229866,0.212265,0.216028,-0.214241,-0.223003
0.314405,0.189689,-0.022209,-0.366065,-0.209141,0.170763,0.293621,0.193154,0.084072,-0.317993,0.344552,-0.282655,0.033986,0.127631,0.083436,0.242815,0.198579,-0.269592,0.111751,0.139588
-0.109817,0.286960,-0.294603,0.194450,0.262138,-0.135829,0.002796,-0.264839,0.226176,-0.196445,-0.279509,-0.257457,-0.137111,-0.103421,-0.252082,-0.234010,0.236206,-0.182478,-0.277553,0.274945
0.275430,-0.102672,-0.201550,-0.087432,0.176567,0.276811,-0.323583,-0.137338,0.180047,-0.210056,0.325332,-0.110843,-0.118605,-0.344840,0.084691,0.332552,0.228309,0.311097,0.193333,0.047594
-0.213051,-0.281552,0.276346,-0.159276,0.202128,0.199126,-0.217535,0.250451,0.169200,-0.186688,0.281301,0.168516,0.185287,-0.281312,0.245808,0.265424,0.181954,0.107609,0.248769,0.247237
0.303242,-0.237345,-0.077482,-0.148533,-0.180491,-0.332352,-0.137829,-0.195778,-0.266280,-0.152519,-0.108677,-0.217061,0.275436,0.239378,0.172061,-0.033223,0.043357,-0.314187,-0.335304,-0.305442
-0.254037,0.216831,-0.227665,0.024316,0.260993,0.292933,-0.154758,-0.327129,0.153993,0.394795,0.322654,-0.255150,-0.211662,0.189218,-0.125926,-0.285236,-0.132445,0.002606,0.007971,-0.083180
