0.152504,-0.224491,0.028619,-0.205242,0.220348,0.188221,-0.195378,0.241896,-0.162458,0.264687,0.440352,-0.172286,0.238249,-0.218170,-0.250572,-0.112616,0.152353,-0.186585,-0.294487,-0.241070
0.261213,-0.019823,-0.237175,-0.255108,0.290081,-0.227979,0.275609,0.255754,-0.194799,-0.020588,0.149626,0.094272,0.274947,0.200048,-0.262627,-0.176161,-0.228102,-0.270287,0.226094,-0.266610
-0.273182,0.104869,0.439569,0.256187,-0.170699,0.362961,-0.252308,0.022969,-0.098255,0.155675,-0.382608,0.093702,0.139404,0.121751,-0.212679,0.041263,-0.175981,-0.289075,0.166122,0.134445
0.179951,-0.133877,-0.245149,-0.209621,0.390496,-0.162766,-0.002946,0.346029,0.250905,-0.351699,0.234605,-0.065332,0.326400,0.199824,-0.044510,0.141384,-0.143707,-0.305997,-0.095098,0.095975
-0.261011,-0.143256,0.103454,-0.302459,0.205981,-0.298871,0.194009,0.172571,-0.256997,-0.265698,-0.228420,0.020920,0.246542,-0.003761,-0.213033,0.285788,-0.242529,0.294270,0.261200,0.138718
-0.236281,0.167314,0.190265,-0.148692,-0.315285,0.207306,-0.317666,-0.029468,0.285817,0.063376,-0.320616,-0.301692,0.290372,0.041769,-0.193405,-0.089936,0.258898,-0.322288,-0.011935,-0.177740
0.255245,0.126131,-0.264620,-0.329362,-0.269784,-0.151873,0.120226,-0.112833,-0.152896,0.220271,0.441605,-0.232679,-0.163305,0.147207,-0.252657,0.058254,0.162209,-0.222905,0.225379,-0.232359
-0.005041,0.396789,0.226780,0.096824,-0.246741,-0.101423,0.317941,-0.038120,0.353796,0.228573,0.156817,0.015510,-0.078278,0.320921,-0.198200,0.192692,-0.037865,0.313116,-0.156178,-0.310442
-0.235189,-0.134228,0.171660,0.334812,0.082978,-0.063171,0.067738,0.331425,0.222192,0.157082,-0.364713,-0.225227,0.296172,0.035271,0.160175,-0.348305,-0.068831,-0.385651,0.096723,0.057051
-0.231856,0.233344,-0.293090,0.180671,-0.283340,0.186972,-0.219299,-0.253393,0.221663,-0.237318,-0.163134,0.163470,-0.230034,0.225957,-0.211466,0.186721,0.206204,0.217176,-0.274729,-0.195457
-0.144058,0.014382,0.322135,0.378894,0.101465,0.439383,0.130978,0.158981,0.228958,0.235486,-0.141416,-0.168516,-0.107751,0.029150,0.424008,-0.126044,-0.176211,-0.093323,-0.033319,0.283997
-0.226430,-0.220484,-0.203574,0.170879,-0.276378,0.306227,-0.207492,-0.271531,0.132491,-0.131972,-0.274446,-0.211824,-0.264667,-0.066562,-0.249999,-0.195762,-0.249766,0.274273,0.272780,0.007352
0.299614,0.176902,-0.134022,-0.083607,-0.217126,-0.348372,-0.143389,-0.227863,0.272424,0.085945,0.388366,0.232211,0.226434,-0.008667,-0.091011,-0.247813,0.282786,0.269854,0.212246,0.088123
0.231288,0.218745,-0.146220,0.162755,-0.255589,0.183315,-0.207093,0.241226,-0.181675,-0.278276,-0.027524,0.172469,0.295050,-0.276129,-0.287800,0.253050,0.248689,0.215025,0.159012,0.257490
0.298911,-0.276552,-0.238857,-0.185488,0.200370,0.027434,0.032612,0.185556,0.079753,-0.152054,-0.231539,0.151069,-0.220127,-0.336482,0.419663,0.339183,0.292872,-0.020338,0.044169,0.139383
0.161136,0.066515,-0.091122,0.315974,-0.287010,0.045117,0.158021,0.269414,0.266912,0.143384,0.399244,0.191047,-0.109541,-0.200849,-0.301394,-0.171119,0.292838,-0.227411,-0.257423,0.124949
