-0.259436,0.238106,-0.201976,0.196610,0.026364,0.229565,-0.234915,0.088109,-0.184565,-0.203545,0.397464,0.203000,0.287833,-0.190772,0.246345,0.175944,-0.206029,-0.233857,0.110732,-0.291963
0.157109,0.044950,0.426741,0.216452,0.266123,0.100712,-0.258997,-0.279101,-0.150888,0.329510,0.274554,0.072799,-0.161544,-0.264458,0.232595,-0.007852,-0.302524,-0.081495,-0.142814,-0.193952
0.325804,0.098585,0.165539,-0.310241,-0.052120,0.181659,0.175293,-0.086465,-0.183095,-0.321076,-0.174668,0.278085,-0.189242,0.086484,0.125857,-0.059387,0.337478,-0.353812,0.258048,-0.271632
-0.256190,0.257347,-0.035087,-0.046276,-0.048924,-0.257339,-0.098173,0.285045,0.344112,-0.354064,-0.316003,-0.125634,0.303178,0.067906,0.144914,-0.019010,-0.012604,0.268587,0.332618,-0.212186
0.345813,-0.165240,0.263714,0.180588,0.233855,-0.091667,-0.256718,0.247417,-0.207387,0.223096,-0.243509,-0.257767,-0.240894,-0.119804,-0.289584,-0.034469,0.163491,-0.250470,-0.222232,0.214335
0.016488,-0.290398,-0.080712,-0.237837,0.259736,-0.163753,0.306142,0.196252,-0.266779,0.315295,0.223933,-0.149837,-0.267817,0.078468,0.217791,0.126431,-0.150841,0.170407,0.370139,0.229187
-0.189426,-0.055380,0.384643,-0.194488,-0.257099,0.222605,0.185528,-0.186600,-0.235457,0.246107,0.340747,-0.213571,-0.121627,-0.172379,0.214686,-0.121969,0.240407,0.249814,-0.045025,-0.291456
0.328441,0.365319,0.158563,0.007684,0.370434,-0.065091,0.084803,0.235296,0.334274,0.018754,-0.182107,-0.347412,-0.063598,0.117111,-0.008300,0.073556,-0.325018,-0.282683,0.066584,-0.224245
0.430942,0.059868,0.163617,0.295922,0.352262,0.244544,0.194140,-0.115256,-0.010802,-0.026009,-0.178463,0.235661,-0.233907,-0.290729,-0.007977,0.280921,0.173965,-0.004140,0.338729,-0.100437
0.189883,0.249462,0.013615,-0.223127,0.262253,0.210721,-0.241441,-0.021003,-0.270891,-0.240088,-0.244468,-0.090030,-0.223306,0.179711,-0.320554,-0.254307,-0.239671,0.249981,-0.233431,0.238584
0.308701,-0.111049,0.084813,0.147864,-0.010028,0.311331,0.139366,0.098686,0.258423,-0.012636,-0.131374,0.262451,-0.371788,0.145137,-0.191916,0.304247,-0.264891,0.080052,0.327787,0.333668
-0.133502,-0.289805,-0.138892,-0.216208,0.299417,-0.304497,0.262635,0.076258,-0.340481,0.174673,-0.230019,0.228299,-0.067811,-0.265827,0.169200,-0.277689,-0.152389,-0.040028,0.268756,0.213231
-0.189498,0.192631,0.291668,-0.311677,0.178450,0.223154,-0.157021,0.162983,0.127801,0.382770,-0.045449,-0.188298,-0.271476,-0.328405,-0.005556,0.366636,-0.168968,-0.105092,-0.227374,0.065169
-0.251675,0.185955,-0.233546,-0.179041,0.234410,0.283008,0.194628,0.167552,-0.217663,0.229402,0.325786,0.041287,-0.229072,0.232263,-0.194019,0.208476,-0.231687,-0.178625,0.209209,-0.299605
0.394346,0.156161,-0.119989,0.170388,-0.268595,-0.271022,0.065053,-0.122031,0.208307,-0.239415,-0.226554,0.086467,-0.293906,-0.323351,0.101462,0.085388,-0.279456,-0.272626,0.302054,0.016165
-0.360977,0.234828,-0.245825,-0.243131,-0.179238,-0.103903,0.160666,0.259637,-0.301103,0.249804,-0.263125,0.020424,0.336455,-0.045859,-0.238088,-0.121460,0.092336,0.148231,-0.277391,0.204833
