-0.079049,-0.224125,0.169047,-0.146745,-0.145229,-0.130451,-0.328646,0.269254,0.263392,0.261955,0.001750,-0.170485,-0.295738,-0.263076,0.245638,-0.294071,-0.238011,0.227652,0.279918,-0.131969
-0.213746,0.183112,0.263859,0.222723,0.288878,0.042977,-0.300874,-0.083108,-0.040852,0.073406,0.455500,-0.183617,0.003190,0.253915,-0.247133,-0.081127,0.273966,0.223779,0.215041,-0.258953
0.174223,0.178796,0.132815,-0.299018,0.036527,0.374008,0.299551,-0.317318,0.063926,0.345374,0.004785,0.129343,0.029751,0.312789,-0.087076,0.097503,0.331782,0.007866,0.339385,-0.133165
-0.238914,-0.045000,0.102810,0.268055,0.096100,-0.165090,-0.176076,0.007313,-0.129139,-0.356787,0.357903,-0.182228,-0.200118,0.367706,-0.191159,0.056256,0.318807,-0.241943,-0.249161,-0.220074
-0.154229,0.244319,-0.250998,-0.226451,-0.229766,-0.267847,-0.160473,-0.227156,0.258911,0.297563,-0.240662,-0.109058,-0.017333,-0.164955,-0.266071,0.216278,0.221190,0.249396,-0.233785,0.253192
0.252971,-0.290896,-0.222725,-0.139415,-0.121469,0.264665,0.370218,-0.212761,0.262664,0.069815,-0.222585,-0.009487,0.230266,-0.168522,0.046502,0.307550,0.323000,-0.001180,-0.053129,0.326169
0.169296,-0.241322,0.189092,0.191019,-0.262703,-0.210677,-0.270003,-0.265710,-0.133394,-0.215978,0.389812,0.240729,-0.253538,-0.226871,0.143294,-0.170665,-0.180918,-0.133706,-0.246592,0.181065
-0.186006,-0.309911,-0.034808,0.235910,-0.027269,-0.263801,0.087913,-0.299722,0.069657,0.275627,-0.362649,0.263537,0.084918,-0.332032,0.226505,0.160013,-0.109731,0.195209,-0.214051,0.269216
-0.207134,0.187163,-0.124503,0.060364,0.109882,-0.090508,0.398557,0.495708,-0.177597,-0.022148,0.288799,-0.200732,0.038336,0.276978,0.031894,0.279251,0.244287,0.080191,0.115213,0.292891
0.215912,0.275548,0.197920,0.227954,0.252475,-0.228879,0.105867,-0.021775,-0.213280,-0.250485,-0.212628,0.097261,-0.219944,0.214356,-0.297189,-0.230233,0.220671,0.226172,0.287500,0.278297
-0.294611,0.268674,-0.048039,0.123501,-0.046263,-0.102001,0.069403,0.216996,-0.078073,0.083657,-0.301761,-0.364725,0.045391,0.397520,0.196796,0.277937,-0.307475,0.158830,-0.168370,0.312498
0.073082,-0.299261,-0.244895,-0.231408,-0.253940,-0.227429,0.110996,-0.127802,0.183851,-0.291159,-0.252640,-0.294355,0.253505,-0.303759,-0.297504,-0.148751,0.155815,0.207407,-0.055851,0.200211
-0.245214,0.220470,-0.187441,-0.287627,-0.149118,-0.197979,-0.281321,-0.086463,0.293214,-0.318100,0.287506,0.198677,-0.063546,0.184796,0.235651,-0.269236,-0.137610,0.220563,0.272503,-0.089482
0.241049,0.158277,-0.218662,0.178744,0.173194,0.352392,-0.244082,0.245238,0.254003,0.215434,0.069264,-0.131100,-0.246099,0.223693,-0.154406,-0.225859,-0.252664,-0.242788,-0.242143,-0.251789
-0.162640,0.047256,0.298555,-0.198105,-0.283100,-0.327292,0.386024,0.300466,-0.062229,0.123792,-0.297242,0.060492,0.054981,0.137469,-0.080929,-0.048323,-0.241707,-0.012587,0.341428,0.314970
0.171837,-0.213867,0.336184,-0.301696,0.002783,-0.299434,-0.157794,-0.176312,0.168361,0.216872,-0.046160,0.270218,0.218535,-0.250564,-0.125555,0.281428,-0.299105,0.130729,-0.260833,-0.210756
