-0.248976,-0.232960,0.346539,-0.131829,-0.186626,-0.299359,0.191927,0.276617,-0.134881,-0.121123,0.021796,0.330666,0.167669,-0.273004,-0.130204,-0.252228,0.127802,-0.279705,-0.257158,0.147920
-0.232688,0.193864,0.528721,-0.158484,-0.153088,0.151424,-0.226463,0.164261,-0.269877,-0.214058,0.049276,-0.094371,0.221302,-0.231365,0.024896,-0.283387,-0.056256,0.202212,-0.184766,-0.295576
0.116639,0.009415,-0.276828,0.167918,-0.231620,0.392968,0.011294,-0.188668,-0.067730,-0.272742,-0.072896,-0.213842,0.124741,-0.293231,0.307501,-0.200146,-0.012408,0.285817,0.364460,0.238386
-0.343658,0.277940,-0.224445,0.176865,-0.001576,0.232700,0.187266,-0.195611,0.093760,-0.210021,0.250940,-0.046594,-0.261443,0.172975,-0.219493,0.344617,-0.227469,-0.188664,-0.225966,-0.271767
0.375997,0.209226,-0.264357,-0.214921,0.193065,-0.248942,0.136698,0.124256,0.168817,-0.189172,-0.276064,-0.207585,-0.120270,0.229711,0.030652,-0.255014,0.294687,-0.228085,-0.243083,0.225074
-0.133675,-0.264819,-0.156359,-0.093495,0.062716,-0.056805,-0.231235,0.244009,0.270065,-0.227399,-0.236734,-0.179041,-0.167040,-0.310736,-0.232995,0.396865,0.156876,0.305739,0.175172,0.246737
-0.143211,-0.165921,-0.011800,-0.218549,0.154513,-0.262550,-0.205177,-0.219352,0.333391,0.380180,0.020047,-0.170389,0.270432,0.201043,0.163792,0.257346,0.145040,0.202692,-0.281950,-0.296131
0.289597,0.044848,0.057278,0.261651,-0.263174,0.048931,-0.061427,-0.091165,-0.000081,0.156518,0.215752,-0.330376,-0.166502,0.292682,0.010084,0.095947,0.330196,0.425570,0.182274,0.363854
-0.306934,0.082858,-0.292224,-0.303091,-0.146160,-0.160700,-0.161567,-0.307551,0.128104,0.095531,0.044689,-0.220339,-0.215248,0.345678,0.004496,0.300323,0.389295,-0.090830,0.248519,0.010173
-0.228463,0.254440,-0.216741,0.233358,-0.272818,-0.141790,0.359757,0.155329,0.055604,0.188709,-0.193928,-0.199790,-0.227208,0.186032,0.219755,-0.216294,0.211893,0.206292,0.198575,0.330343
-0.087916,0.077741,-0.380614,0.033322,-0.023661,0.315417,0.044304,0.230683,-0.254882,-0.316976,0.367003,-0.126390,0.053150,0.209027,-0.100885,0.346117,0.158131,0.284954,-0.126376,0.265054
-0.166470,-0.286074,-0.151885,-0.269715,-0.116012,-0.265736,-0.320217,0.131198,-0.317924,0.211172,0.309365,0.164552,-0.101400,-0.195256,-0.202426,0.153186,0.213561,0.231198,0.111095,0.313213
0.275765,-0.082058,0.449792,0.244307,0.198676,-0.257377,-0.045644,-0.218287,-0.274598,-0.124967,-0.162266,0.339235,0.232988,-0.179590,-0.083565,-0.215399,0.192011,0.091351,-0.282296,0.050221
-0.278031,-0.219932,0.267627,0.219099,-0.227077,-0.159746,-0.242329,-0.215581,-0.120065,-0.164221,0.052161,0.248964,-0.287327,-0.251209,-0.213748,-0.255590,-0.001824,-0.280904,-0.220275,-0.286744
0.414160,-0.180523,-0.059177,-0.352238,-0.230270,-0.013636,0.073308,-0.153767,-0.278308,0.012676,-0.252874,-0.110495,0.202707,-0.342311,0.171506,-0.169449,0.249088,0.259471,0.196246,-0.219167
-0.026399,0.069347,0.529657,0.202460,-0.073572,0.166292,0.331656,-0.031040,-0.276059,-0.259390,-0.159671,-0.250540,-0.297236,-0.168327,-0.021075,0.084207,-0.235460,-0.209401,0.256930,-0.087546
