-0.201373,-0.170910,0.243550,-0.198248,0.254133,-0.264324,-0.279897,-0.147595,0.159856,0.312914,-0.227638,-0.057495,0.244501,0.211237,0.198361,0.321294,0.137803,0.152112,-0.236515,-0.270930
-0.236252,-0.245282,0.222907,-0.256586,-0.057015,-0.037217,-0.261604,0.020416,-0.149672,0.297244,-0.261191,-0.048343,-0.341635,0.244889,0.339392,-0.071849,-0.182162,-0.221362,-0.252567,-0.265868
-0.118224,-0.031654,-0.062194,-0.246547,-0.252249,-0.121900,0.389138,-0.042649,-0.285927,0.113771,0.201516,0.228176,-0.339497,-0.338561,-0.225502,-0.220254,0.280550,0.078014,0.124102,-0.267994
-0.284121,-0.159809,-0.224908,-0.109897,0.079023,-0.265983,-0.278835,-0.242754,-0.237177,0.109295,0.418658,0.265879,0.101746,-0.253368,0.303505,-0.205021,-0.250335,0.168486,0.018600,-0.056060
0.149447,-0.073244,0.272813,-0.288037,0.150700,-0.184202,-0.169440,-0.186843,0.317848,0.062452,-0.290752,-0.240667,0.185201,-0.282111,0.178729,0.165264,0.300885,0.206062,-0.140989,0.348208
-0.099789,0.256005,-0.360100,-0.291451,0.082556,-0.034790,0.210702,0.277578,-0.163637,-0.192064,-0.336166,-0.123229,0.337318,0.148856,0.255070,-0.183669,-0.263508,0.177382,-0.166143,0.159113
0.234845,0.167766,0.227618,0.257439,0.208888,0.224331,-0.140073,-0.272080,-0.175448,0.111742,0.212826,-0.283817,-0.302595,-0.237702,-0.059459,0.329802,-0.294325,0.188348,0.041037,0.240289
-0.012126,-0.346718,0.056769,0.129484,0.105879,0.091453,-0.002272,0.229311,0.273199,0.069993,0.307643,-0.045626,0.239504,0.232220,-0.274570,-0.271959,0.322274,0.364308,-0.077550,0.328621
-0.137279,0.027859,0.231489,0.147922,-0.016720,-0.233750,0.426327,-0.010258,-0.085602,0.361214,-0.207242,-0.014123,0.089772,-0.357454,0.304223,0.170080,-0.350787,0.061700,0.074206,0.312256
-0.207421,0.226361,0.147105,-0.208488,-0.206929,-0.235559,-0.222597,-0.222070,-0.314309,0.227733,-0.224672,-0.239843,0.200895,-0.211219,-0.204203,-0.208124,-0.255119,0.243102,0.187277,-0.235709
0.002914,-0.329754,0.250326,-0.041698,0.003022,0.278633,0.198013,0.086089,0.078830,-0.049089,0.372316,0.436238,0.333030,0.092434,0.301906,-0.025604,0.236863,0.101198,-0.169581,0.242239
0.172443,-0.274635,-0.276959,0.265345,-0.309536,0.171990,0.253988,-0.042584,-0.188190,0.221149,0.248858,-0.158040,-0.209762,-0.232133,0.233023,0.224406,0.244564,0.190421,-0.270690,0.113534
0.289683,-0.079939,-0.101866,-0.112422,-0.241332,0.177679,0.332634,0.246148,-0.234305,-0.116678,-0.270536,0.029706,-0.339292,0.119448,-0.041538,0.066549,-0.252834,-0.341258,-0.344058,0.220792
-0.207845,0.104257,-0.201231,-0.219230,-0.169245,-0.222225,0.248652,0.285947,-0.254861,-0.250185,0.293878,0.101420,-0.190875,0.219505,-0.200183,0.243076,-0.280373,-0.254156,-0.250739,-0.147339
-0.312988,0.109035,-0.073987,0.344032,0.348764,-0.060579,-0.177898,0.112541,0.329902,-0.009958,-0.381915,0.216119,-0.102745,-0.145482,-0.028377,0.220784,-0.319378,0.208570,-0.030664,0.259771
-0.142892,-0.122367,-0.144991,0.407097,0.319018,-0.381489,-0.182131,0.125734,0.363386,-0.138373,0.343720,-0.049963,-0.256253,0.190824,0.133502,-0.220607,-0.152422,0.005569,-0.110978,-0.074740
