-0.223667,-0.226275,-0.164489,-0.149170,-0.136567,-0.285114,-0.165861,-0.187777,0.251888,0.057759,-0.212368,0.349670,-0.202568,0.148129,0.197634,-0.260731,-0.243511,-0.256428,-0.240606,-0.315659
-0.250886,0.223464,0.463210,0.126368,0.050032,-0.276981,-0.175813,-0.118747,-0.074795,-0.160679,-0.237384,0.346483,-0.173490,-0.203521,-0.024404,-0.249130,0.212629,-0.213891,-0.216943,-0.228773
0.028870,0.142904,-0.352063,0.172916,0.271223,-0.140522,-0.136710,-0.322782,0.041394,-0.186029,-0.089729,0.114780,-0.151488,0.325095,0.133472,0.341257,0.194503,0.298928,0.272289,0.294832
-0.200593,0.060370,-0.311538,0.331466,-0.324902,-0.234813,0.237508,-0.150094,-0.026594,0.309781,0.021209,-0.041865,0.359644,0.086005,0.152555,-0.105715,-0.359766,0.033206,-0.250127,-0.215393
0.399869,0.283532,-0.245883,-0.122690,-0.122573,-0.011228,0.173907,-0.221924,-0.152327,-0.097557,-0.110083,-0.214654,0.236834,-0.298941,-0.243644,-0.120014,0.330331,0.264583,0.151873,0.277907
0.213858,0.038839,-0.101313,-0.141752,-0.056034,0.199871,-0.035488,0.116569,0.410805,-0.201291,0.329353,0.353787,-0.024658,0.374069,0.209234,-0.327002,-0.205250,0.288801,-0.054233,0.042733
0.244052,-0.167662,-0.124578,0.285210,0.052854,-0.316911,-0.230239,0.273474,-0.197153,0.367821,-0.265226,-0.192443,0.229973,-0.203653,0.164702,-0.217017,-0.254986,0.108916,-0.235183,0.046072
0.346659,0.054140,-0.235881,-0.185001,-0.307202,-0.205374,-0.102510,-0.296511,-0.040708,-0.100883,-0.188032,-0.110004,-0.043608,0.001769,-0.077029,-0.066110,0.397083,0.283955,0.199644,0.449877
0.277645,-0.041436,-0.267871,-0.211850,-0.229156,-0.115178,-0.138925,-0.252320,-0.122987,-0.270435,0.303335,-0.234378,0.121336,-0.001922,-0.017513,0.139685,-0.097892,0.446492,-0.169688,0.385142
-0.222390,0.237504,-0.349593,0.241010,0.235809,0.180400,-0.211318,0.015150,-0.274983,-0.223944,0.219749,0.204289,0.223890,0.186954,0.238456,-0.223768,0.218281,0.120945,-0.246080,0.223979
-0.314407,-0.026030,-0.202122,0.029994,-0.293456,0.386709,-0.022673,-0.453492,-0.116984,-0.093562,0.122197,-0.083473,0.310517,-0.154901,-0.036581,0.286850,-0.013442,-0.082837,0.182355,0.358075
-0.278884,0.232059,-0.265296,-0.248089,-0.129375,0.284572,-0.238346,-0.125784,-0.262361,0.182648,-0.148415,-0.250798,0.186806,-0.256871,0.248533,0.275810,-0.070267,0.115168,-0.224142,0.267979
0.026086,-0.087802,0.335346,0.176132,-0.244616,-0.359262,0.130469,-0.169252,-0.267857,0.357856,-0.124331,-0.172732,-0.048095,0.247827,-0.261160,0.204044,-0.039182,-0.316327,-0.215466,-0.216473
-0.250344,-0.234330,-0.164238,-0.245830,0.092454,0.205774,-0.154397,0.256131,0.244931,-0.174933,0.236364,0.245895,0.178309,-0.222485,0.187084,-0.247945,-0.229291,-0.292654,-0.227836,-0.282584
0.464089,0.025144,-0.353055,0.260674,0.362170,0.097713,-0.113123,-0.239669,0.098174,-0.089237,-0.128770,0.227178,0.196859,-0.154475,0.318026,0.117496,-0.164037,0.081312,0.288008,-0.024804
-0.133308,0.217486,0.462509,0.250463,0.263873,-0.272453,0.216764,-0.067927,-0.200375,0.295122,0.239289,-0.182604,-0.040824,0.039673,-0.008569,0.217679,-0.156519,-0.266726,0.219947,0.224179
