-0.180113,-0.190717,-0.246836,0.265105,0.218410,-0.239615,0.147144,0.168873,0.218533,0.278820,-0.195323,0.294257,-0.181808,-0.155292,-0.290689,-0.186481,-0.256386,-0.208049,0.247251,-0.218764
-0.128953,0.081325,-0.162752,0.194509,-0.250691,-0.287484,-0.305568,-0.280062,0.264631,0.255831,-0.292808,-0.081829,-0.008184,0.212226,0.303457,0.321596,0.169844,-0.155642,-0.015410,-0.270738
-0.109011,-0.143745,0.280521,-0.249725,-0.077352,0.237899,0.339946,0.236636,0.184910,0.249655,0.293524,-0.152183,0.221605,0.101375,0.328646,-0.082139,0.376542,-0.157579,0.047470,-0.208363
-0.302938,0.014009,-0.174253,0.206065,-0.183848,0.111727,0.295862,0.229823,-0.263373,-0.271842,0.399843,-0.187985,-0.228259,0.260477,-0.205536,0.262466,0.138499,0.215385,-0.053723,-0.102710
0.040393,-0.278670,0.290917,-0.238122,0.058114,0.246873,-0.193293,-0.245794,0.293767,0.257661,0.020055,-0.205198,-0.161397,-0.228991,-0.176678,-0.281589,0.340711,0.172630,-0.255883,0.147395
-0.256625,-0.057773,0.196764,-0.139225,0.157354,0.320109,0.262268,0.142145,0.317150,-0.177195,-0.326617,0.027763,0.312022,-0.090946,0.257312,-0.145659,-0.208407,0.342731,-0.077374,-0.238988
-0.212803,-0.224357,-0.099900,-0.290897,0.277755,-0.271565,-0.075015,-0.268794,0.292446,0.272130,-0.036195,-0.212609,-0.287571,-0.053252,-0.284104,0.143835,0.264930,0.176224,-0.175857,-0.236236
0.372159,-0.319553,-0.064058,0.350204,0.020025,0.064708,-0.073281,-0.091456,0.402167,0.359878,-0.366959,-0.067820,-0.047448,0.177837,0.020754,-0.071686,0.068739,0.162479,0.056413,0.331740
-0.109197,0.200886,0.385884,-0.098388,-0.089702,-0.107956,-0.126705,0.132421,-0.328741,-0.077484,0.314250,-0.242599,-0.269068,0.321499,-0.024267,-0.304066,0.188424,-0.078949,-0.352157,0.172065
0.267979,-0.220606,-0.177324,-0.206482,-0.212623,-0.224727,0.201883,-0.232000,0.124186,0.240525,-0.228695,0.225154,0.208078,-0.212025,-0.213534,0.221876,-0.232611,0.227556,-0.239232,-0.304436
-0.017380,-0.369332,0.345613,-0.121303,0.057539,0.267424,0.142210,0.083805,-0.170169,-0.043891,0.246703,0.263220,0.027751,0.446038,0.295920,-0.111649,0.106305,0.063540,0.353065,0.162106
-0.203753,-0.184677,0.208621,-0.027660,0.119805,0.252390,-0.278931,0.177573,-0.262449,0.228539,0.311592,-0.128412,-0.267766,-0.112805,-0.275296,0.206947,0.227111,0.184602,-0.320927,-0.257533
-0.077274,-0.132972,-0.291240,0.140258,-0.239351,-0.154605,-0.314987,-0.059086,0.261913,-0.257665,0.271288,-0.220421,0.178911,-0.280477,0.223955,0.336073,0.251488,0.075937,0.064518,-0.289534
0.167075,-0.241524,0.119717,0.275831,0.201784,-0.235369,-0.181308,0.289859,0.245641,0.246686,-0.259227,0.252497,-0.231596,0.235161,-0.257831,-0.263265,0.113108,-0.223013,-0.060148,-0.217521
0.439098,-0.151100,-0.192146,-0.056518,-0.031398,-0.297720,-0.308468,0.055701,-0.335338,0.018605,0.068547,0.109197,-0.061738,-0.023355,-0.009143,-0.305471,-0.323518,0.247895,-0.205784,0.347467
-0.145664,-0.196376,-0.212443,0.274601,0.024432,-0.355243,-0.155977,-0.082340,-0.242409,-0.042747,0.210267,0.283056,0.205805,-0.188073,-0.263662,0.324954,-0.155460,-0.207437,0.211042,-0.335080
