-0.241522,0.203279,0.282727,0.302936,-0.204567,-0.216696,-0.229998,0.206716,-0.261849,-0.198120,0.244446,-0.205664,0.197811,-0.223599,0.135064,0.281884,0.022287,0.202413,-0.274930,0.174515
-0.263048,-0.255122,-0.144167,0.315700,0.102454,-0.215141,0.186841,0.340626,0.198057,-0.235320,-0.074801,-0.193216,0.301044,-0.252203,-0.253830,0.158054,-0.211363,0.170923,-0.020727,-0.286455
-0.177510,0.332882,-0.324186,-0.109228,-0.206623,-0.197753,-0.099547,0.325187,0.135755,-0.210746,0.135775,-0.045843,-0.163880,0.148662,0.362797,-0.025165,-0.285270,0.289293,-0.186949,0.280333
-0.304805,0.329235,0.246945,-0.260423,-0.245211,-0.314435,0.208625,0.328156,0.196976,0.204103,0.127278,0.133664,0.211320,-0.078511,-0.193266,0.262184,-0.168235,0.149073,-0.119837,-0.152858
-0.044493,-0.142905,0.223108,0.036169,-0.119995,0.272884,0.255793,-0.235705,0.358332,-0.178781,0.272601,0.297891,-0.284458,0.221289,-0.155496,-0.296720,-0.214508,0.111749,0.124488,0.277743
0.027481,0.126167,0.086653,-0.281069,0.285729,-0.321337,-0.182053,-0.092644,0.289493,-0.294657,-0.167856,-0.077006,0.324788,-0.313457,0.154877,0.214920,0.235106,-0.265763,-0.099727,0.235984
0.238958,-0.066194,-0.058489,0.271672,0.215883,-0.196384,-0.207650,-0.196053,-0.151590,0.327782,0.273817,0.252087,-0.253172,-0.174581,0.152295,0.291036,-0.254811,-0.260367,0.179765,-0.241068
0.027915,0.328195,0.253789,-0.177294,-0.273896,0.206269,-0.221814,0.097447,0.414305,0.026947,0.192936,-0.230700,0.195540,0.283741,0.338159,-0.145104,0.280351,-0.132173,0.017184,0.077914
0.275349,0.279019,0.120058,-0.121621,-0.170298,0.167676,-0.199650,-0.067194,0.381929,-0.146200,0.244227,0.132762,0.398846,0.286574,0.167157,0.047543,-0.314361,-0.146661,0.158142,0.233176
0.202999,0.228712,-0.244431,0.230153,-0.219040,-0.250605,0.211849,0.221087,-0.253618,-0.213196,0.210946,-0.147391,0.210631,-0.219050,-0.220672,0.211014,-0.185450,0.306909,-0.242350,0.200844
0.135020,0.170379,-0.034806,-0.130562,0.010238,0.177767,0.052500,-0.393043,-0.022494,-0.061960,-0.353912,-0.305007,0.394068,0.267407,-0.313802,-0.271759,0.153621,0.012459,-0.239572,0.206493
-0.088099,0.219582,-0.304316,-0.316671,0.109126,-0.096993,-0.312272,-0.262102,-0.173799,0.034410,-0.053236,0.162085,-0.335204,-0.144641,0.302695,-0.269033,0.010058,0.207031,-0.275045,0.295318
0.211183,-0.233714,0.182809,0.160159,0.258533,-0.217911,-0.232728,0.082524,-0.191266,0.345942,0.295849,-0.145668,-0.213247,-0.188608,-0.143091,0.273490,-0.181488,0.227281,-0.244063,-0.284478
-0.139699,-0.179691,-0.263021,-0.195796,-0.244610,0.253281,-0.198316,-0.242918,-0.208962,-0.196999,0.291469,0.226498,0.238699,0.219761,-0.250729,0.269423,-0.263497,-0.209457,-0.180934,0.113401
-0.191946,0.126087,-0.332384,-0.272393,0.103566,0.041010,0.218346,-0.210763,0.072324,-0.323074,-0.216803,0.062397,-0.245509,0.210786,0.347984,-0.177005,0.334613,0.152031,-0.233072,-0.225926
-0.317271,-0.325478,-0.184886,-0.209905,-0.131329,-0.311238,-0.122294,-0.244909,-0.265757,-0.061433,0.340071,0.195936,-0.005119,0.299515,-0.202004,0.297782,0.139169,0.087200,0.188453,-0.126360
