-0.260827,-0.289645,-0.015974,-0.114593,0.275736,-0.276610,-0.313092,0.280938,-0.179174,0.338485,0.224091,-0.281775,0.097703,0.018597,-0.273137,-0.182100,0.009786,0.119289,-0.214845,-0.225306
0.295765,0.220169,0.121633,-0.277409,0.246848,0.211921,-0.013827,-0.182364,-0.102882,-0.072985,0.375464,0.288282,-0.099388,-0.264802,0.223336,0.319426,0.118832,-0.277451,0.129398,-0.230783
-0.128876,0.251364,-0.117242,0.149717,0.300151,0.225977,0.270198,0.201254,0.350197,-0.137005,-0.194219,-0.004169,-0.164329,0.209176,0.343706,0.279988,0.290399,0.050160,0.163086,0.263633
-0.091201,0.323885,0.267739,0.180944,0.040465,0.298045,-0.211470,0.103891,-0.259541,-0.237236,0.380980,-0.271446,0.060538,-0.292395,-0.046828,-0.175587,-0.159191,-0.220277,0.106371,-0.294179
-0.104834,-0.157247,-0.212574,-0.194258,0.221230,-0.280446,0.251671,0.099289,-0.059164,0.058200,-0.255986,-0.268909,-0.280545,-0.235498,0.267633,-0.206392,-0.211477,-0.296895,0.269001,0.286742
0.066154,0.211398,0.135457,-0.147420,0.219466,0.385920,0.238755,0.220812,0.299872,0.160290,-0.319891,0.162222,-0.105573,0.224786,-0.249923,-0.086200,0.200939,-0.229097,-0.294403,0.229408
0.312462,-0.268301,0.255396,-0.142830,-0.257713,-0.327464,0.088600,-0.175851,-0.253993,0.366987,0.274028,0.224911,-0.233193,-0.180623,0.063188,0.003557,0.119502,-0.186162,-0.166074,-0.199844
-0.018192,0.122906,0.092651,0.353782,-0.348298,0.095014,-0.282504,-0.106696,0.355911,-0.261175,-0.183143,-0.261265,0.354744,0.176341,-0.044074,-0.089615,0.298906,-0.177915,-0.019894,-0.210458
0.343786,0.363864,-0.098157,0.099975,-0.118547,-0.035191,-0.362033,0.067111,0.262317,-0.197424,0.202611,0.032859,0.055192,-0.026459,0.017116,-0.244480,-0.357800,-0.300863,0.150542,0.352124
0.249474,-0.210086,0.129387,-0.266646,-0.209890,0.191612,0.206338,0.221745,-0.244466,0.226790,-0.209431,-0.224664,0.211907,-0.215659,0.221065,0.195853,0.243513,0.214974,-0.286504,-0.247989
-0.340156,0.219689,-0.305177,-0.003106,0.041055,-0.165390,0.441374,0.109995,0.347437,-0.098713,-0.091079,0.191661,0.057326,-0.076475,0.226604,-0.406854,0.151110,-0.001952,0.282131,-0.054796
0.204327,0.318668,0.258506,-0.079919,0.295448,0.100806,-0.249666,-0.202899,-0.261321,-0.161082,-0.295363,-0.211234,-0.298304,0.205456,-0.294991,-0.024991,-0.243484,0.056681,0.216987,0.167389
0.361143,0.239190,-0.305382,-0.221348,0.360881,-0.277091,-0.093255,0.092355,-0.135156,0.121422,0.078823,-0.195249,0.210270,-0.083351,0.316961,0.375351,-0.156272,0.193738,-0.015808,-0.117500
0.243674,0.229953,-0.198987,0.242635,-0.188299,-0.206377,-0.226064,-0.230027,-0.209599,-0.170434,-0.240591,0.207111,-0.128831,-0.115083,-0.257336,0.263625,-0.256252,-0.249576,0.266001,-0.263023
0.085416,-0.183759,-0.244000,0.264341,0.207746,0.275167,-0.163898,0.208465,-0.238018,-0.116577,-0.274635,0.155212,-0.288836,0.256091,0.133708,-0.208948,0.330225,0.275619,-0.042480,0.270568
-0.017133,0.144867,0.341995,0.249069,-0.013818,-0.086363,-0.309991,-0.202057,-0.363039,-0.047986,0.355089,0.307937,-0.036490,0.027420,0.026979,-0.298591,0.273929,-0.005580,-0.277292,-0.237093
