0.213314,0.079539,-0.001435,0.069811,-0.015044,0.011627,-0.087633,0.024186,0.019199,0.159190,0.930725,0.100230,-0.039718,-0.058198,0.040567,0.153318,-0.019553,0.004773,0.045084,-0.010476
0.453061,0.074675,-0.009754,0.064003,-0.025774,0.020852,-0.035272,0.001146,-0.009155,-0.014735,-0.029632,-0.070952,-0.026977,0.024882,0.063520,0.036637,-0.052471,-0.049726,0.873920,0.026899
0.266607,0.134324,0.008240,0.064940,-0.060326,0.029613,-0.033184,0.007936,-0.016631,-0.098806,0.881135,-0.081085,-0.040466,0.035413,0.060453,0.032571,-0.075017,-0.063339,0.287349,0.089908
0.072186,0.191199,-0.047474,0.027933,-0.083630,0.148420,0.133774,-0.066744,0.003296,0.042945,0.698384,-0.014147,0.019004,-0.022150,0.035674,-0.072336,0.020329,0.376929,0.508798,0.072858
0.585558,0.052788,0.002156,0.046732,-0.003303,-0.005511,-0.033842,0.019878,0.005532,-0.006971,0.788458,-0.056125,-0.025411,0.100947,0.084479,-0.044416,-0.044554,-0.013775,-0.047195,0.036351
0.156090,0.117675,-0.031402,0.055181,0.001964,0.053859,-0.015582,-0.008989,-0.049712,0.173866,-0.065264,-0.026304,-0.002402,0.106990,0.167476,-0.061949,0.038459,-0.005369,0.933090,0.037069
0.272179,0.101183,-0.013638,0.038716,0.004163,0.019101,-0.061166,-0.052348,-0.004346,-0.018287,0.078438,-0.076415,-0.031979,0.015290,0.107802,-0.043253,-0.018048,-0.011050,0.932962,0.095777
0.169703,-0.212515,0.143805,0.216988,0.014107,-0.050898,-0.235725,0.126247,-0.281185,0.056251,0.578110,-0.323972,-0.160513,-0.066211,-0.103258,-0.099723,-0.228681,-0.005074,0.394134,-0.064533
0.076965,-0.212359,-0.165965,0.025719,0.423045,0.066746,-0.149068,0.442436,-0.369381,-0.090862,-0.180300,0.190057,-0.256223,-0.226475,-0.198579,-0.135323,-0.218546,-0.192917,-0.153807,0.150766
0.246630,0.071776,-0.019379,0.045321,-0.041259,-0.019528,-0.040021,-0.028752,0.019579,-0.076421,0.947553,-0.075352,-0.049299,-0.027673,0.000039,0.048997,-0.039210,-0.033855,0.090113,0.030370
0.027061,0.040128,-0.013499,0.037755,-0.001302,0.047853,0.042276,0.036556,-0.009924,0.008023,0.987075,0.008013,-0.009313,0.020923,0.076690,-0.089225,0.016709,-0.004527,0.017212,0.033572
0.349711,0.074475,0.004645,0.057764,-0.015389,0.074100,-0.021746,-0.021235,-0.022168,-0.010668,0.917180,-0.028542,-0.060876,0.011905,0.040586,0.021297,-0.034894,-0.057232,-0.073479,0.060545
0.002976,-0.011812,-0.009186,-0.004456,0.001416,-0.003785,0.005629,0.031171,-0.013579,0.011752,-0.000384,0.016774,-0.000477,0.003718,-0.016598,0.998566,0.016629,-0.000500,-0.003781,0.020227
0.176391,-0.036276,-0.004208,0.040428,-0.011506,0.050692,-0.017433,0.014903,-0.027326,0.197366,0.019981,0.020494,-0.010257,-0.007784,0.119322,-0.041225,0.088471,0.061267,0.945574,-0.019407
0.024463,0.075166,-0.000336,0.034528,0.049699,0.127303,-0.069139,0.016531,0.013216,0.032234,0.949162,-0.042314,-0.004140,-0.051941,0.144987,-0.025543,-0.010815,-0.021550,0.188258,0.067134
0.191570,0.073737,-0.000319,0.038756,0.006655,-0.000622,0.000595,-0.007879,-0.074544,0.687648,0.653507,0.005270,0.016743,0.087999,0.152448,-0.055364,0.071354,0.011025,0.070945,0.078505
