0.966790,-0.051015,0.073838,-0.013532,-0.001316,0.018903,0.123503,-0.096053,0.078077,-0.025217,-0.020605,0.003279,-0.018569,0.012902,-0.012829,0.033054,0.070710,-0.006225,0.131674,-0.030466
0.005597,-0.025884,0.078027,-0.024113,0.002611,0.013323,0.117027,-0.073183,0.045640,-0.006534,0.977517,-0.024440,-0.032615,-0.028856,0.051915,0.047130,-0.012851,-0.008044,0.089438,-0.009486
0.952135,-0.100777,0.076980,-0.048077,-0.018942,-0.022758,0.155305,-0.074904,0.035898,0.020336,0.041168,-0.085979,-0.046491,-0.075439,0.047757,0.110139,-0.043454,0.017891,0.084824,-0.044521
0.726862,-0.012290,0.043760,0.045551,0.029263,0.032715,0.073093,-0.097139,0.140322,-0.065743,0.643979,-0.038832,-0.015324,-0.038197,0.054050,0.053513,-0.033892,0.028037,0.027566,-0.020555
0.952989,-0.032587,0.055376,0.009536,0.004891,0.043274,0.209682,-0.079232,0.049902,0.026615,0.057399,-0.025326,-0.033608,-0.058107,0.026147,0.119506,-0.005441,-0.004750,0.093594,0.005898
0.895217,-0.013562,0.064783,0.013200,-0.014164,0.009062,0.429254,-0.028089,0.013970,0.008683,0.068631,-0.030586,0.014613,0.003165,0.005951,0.023514,-0.019399,0.008685,0.035833,0.015390
0.207211,-0.014636,0.055848,0.052236,0.024831,0.153175,0.108417,-0.068757,0.044053,0.049537,0.395240,-0.025158,-0.019981,-0.040807,0.017870,0.850975,0.138286,-0.001120,0.056976,0.016908
0.000003,-0.261921,0.043980,0.343681,-0.009508,-0.185839,-0.212153,-0.244974,-0.182317,0.139734,-0.268306,-0.208860,0.335849,-0.018219,0.024564,0.472083,0.061441,0.253515,0.307274,-0.065343
-0.329265,0.272445,0.233395,-0.122853,0.146386,-0.135320,-0.067600,0.035352,-0.224634,0.470704,-0.196006,0.222055,-0.081323,-0.112145,-0.118969,0.129720,0.369828,0.039251,-0.189042,0.343892
0.950350,-0.093242,0.026415,-0.037485,-0.013098,-0.010116,0.078345,-0.094439,0.047829,0.006232,0.123286,-0.064868,-0.068886,-0.048194,0.104949,0.101904,-0.052337,-0.002913,0.132680,-0.012417
0.958780,-0.010884,0.053631,-0.010887,-0.007055,0.001931,0.195540,-0.030057,0.028837,-0.024414,0.042641,-0.019807,0.003667,0.040928,-0.026843,0.028704,0.174183,-0.001262,0.022897,-0.026403
-0.035972,-0.050989,0.060896,-0.026164,0.003855,0.001958,0.083544,-0.068943,0.028182,0.031577,0.978306,-0.044521,-0.025172,-0.053263,0.060439,0.102580,0.019611,-0.000861,0.032585,-0.003648
-0.014513,0.001427,0.006620,-0.006832,-0.004694,0.072578,-0.011306,0.132247,-0.005010,0.004091,0.041799,0.000167,0.000796,-0.004725,-0.004076,0.004931,0.983729,0.009494,0.003387,0.084338
0.247341,-0.060909,0.135013,0.051912,-0.026048,0.046411,0.069580,-0.117254,0.069670,0.038637,0.090113,-0.056834,0.004603,0.003096,-0.038721,0.268162,0.024322,-0.025015,0.894332,0.024111
0.943027,-0.024095,0.039697,-0.016224,0.011835,0.050684,0.026116,-0.063732,0.074975,0.061492,0.285022,-0.027112,-0.004567,0.020886,0.012331,0.070319,0.034392,0.016382,0.043218,-0.024074
0.985687,-0.017334,0.060214,-0.008601,-0.010039,0.005481,0.073657,-0.030371,0.090748,-0.006026,0.049423,-0.056761,0.021156,0.025423,0.025537,0.001697,0.001940,0.012217,0.035356,-0.029225
