-0.000164,-0.051970,0.077871,-0.004424,-0.001764,-0.009756,0.174648,-0.091986,0.022948,-0.024470,0.967074,-0.016516,-0.029565,0.030332,0.027907,0.080671,-0.017863,-0.016838,0.057289,0.050590
0.975310,-0.044318,0.044390,-0.017552,-0.004930,0.030688,0.062835,-0.076696,0.008527,0.012563,0.062723,-0.076005,-0.053839,-0.017380,0.083603,0.088336,-0.013387,0.020642,0.060573,0.039014
-0.075222,-0.046499,0.058237,0.054895,-0.023399,0.029402,0.104989,-0.100208,0.007130,0.032902,0.937301,-0.008897,-0.045276,-0.051252,0.095140,0.243946,0.059645,0.042860,0.070140,0.000804
0.934729,-0.027286,0.038128,0.024810,0.031460,0.091172,0.043241,-0.097499,0.037291,-0.007217,0.268020,-0.073101,0.038551,-0.058163,0.073697,0.084897,-0.052907,0.043761,0.024184,0.036896
0.003446,-0.031435,0.040302,0.024891,-0.007306,0.065661,0.101221,-0.055073,0.054390,0.010772,0.016022,-0.024107,-0.038785,-0.014279,0.076588,0.200196,0.961932,0.022442,0.027971,0.030793
0.036303,-0.013688,0.082320,0.031041,-0.000126,0.024845,0.053706,-0.018141,0.011964,0.003464,0.173130,-0.015921,0.012107,0.003019,0.004624,0.021907,0.972845,0.020054,-0.032624,0.089383
0.285595,-0.056064,0.053178,0.024860,0.015802,0.066471,0.059198,-0.063310,-0.016210,0.029596,0.183543,-0.037044,0.010844,-0.026227,0.081312,0.918038,-0.020548,0.037170,0.101502,0.033912
0.145416,-0.200922,0.082304,0.284358,-0.041857,-0.151488,-0.181665,-0.241044,-0.033139,0.017620,0.089543,-0.282153,0.452138,-0.164958,0.038250,0.536022,0.248118,0.106067,0.196695,-0.118679
-0.294659,0.341338,0.118167,-0.148557,0.195915,-0.184370,-0.210776,0.048310,-0.099358,0.347692,-0.209871,0.261496,-0.156019,-0.190160,-0.107710,0.410119,0.285972,-0.212211,-0.171792,0.041001
0.927910,-0.058176,0.041270,0.033787,-0.023550,0.043648,0.086781,-0.098639,0.020388,0.012106,-0.174826,0.000243,-0.044660,-0.021533,0.096846,0.226055,0.048448,0.014804,0.110858,0.064136
-0.014178,-0.010804,0.167447,0.004622,0.000026,0.021566,0.331491,-0.024902,0.032711,-0.014461,0.037246,-0.033860,0.002183,0.096167,-0.006468,0.012469,0.140454,0.033962,0.907570,0.053130
0.964820,-0.043381,0.044551,-0.003655,-0.004948,0.029665,0.070629,-0.076096,-0.008110,0.051954,0.053224,-0.069175,-0.085624,-0.032626,0.086325,0.133154,0.001046,0.054959,0.073895,0.033406
-0.014250,0.011876,0.003450,-0.000417,-0.007524,0.125787,-0.009396,0.978361,-0.005517,0.005990,0.007583,0.002755,0.000427,-0.002993,-0.008842,0.010246,0.150354,0.055330,0.013926,0.017371
0.168262,-0.036719,0.090719,0.045203,-0.027664,0.031735,0.048208,-0.084097,0.046912,0.059290,0.253634,-0.032484,-0.022280,0.208462,0.010328,0.246311,0.021147,-0.015393,0.868054,0.137351
0.971072,-0.054547,0.046200,0.031958,0.008736,0.058744,0.072914,-0.062715,0.023298,0.044294,0.119598,-0.017280,-0.038279,0.011805,0.002778,0.113502,0.074759,0.017889,0.024193,-0.003853
0.847714,-0.015878,0.113226,0.028101,-0.002161,0.008232,0.469127,-0.060380,0.028258,-0.003473,0.055055,-0.042757,0.020507,0.011086,0.002956,0.014100,0.184795,0.005824,-0.051758,0.020949
