0.873514,-0.083202,0.038427,0.014769,-0.036201,0.022569,0.024811,-0.063538,0.180833,0.009760,0.350622,-0.045669,-0.000206,0.013580,0.089594,0.006711,-0.025114,-0.012420,0.217078,-0.088893
0.981410,-0.008694,0.062093,-0.007173,-0.032938,0.019119,0.022698,-0.037375,0.031024,0.001489,0.036429,-0.053759,0.012207,0.043490,0.019273,0.135660,-0.036191,-0.009646,0.026159,-0.037490
0.022910,0.003532,0.050161,-0.060854,0.009325,-0.032297,0.091532,-0.064457,0.032271,0.015356,0.980930,0.057751,0.018558,-0.051284,0.039317,0.055328,-0.050611,-0.009316,0.043184,-0.025488
0.964053,0.072459,0.029027,0.035127,0.016351,-0.006011,0.065586,-0.049212,0.050109,-0.030833,0.109179,0.049149,0.018780,0.010679,0.144023,0.095992,-0.021302,0.010214,-0.083745,-0.021369
0.978895,0.017121,0.021880,-0.011697,-0.014293,0.017203,0.050026,-0.057307,0.084244,0.010093,0.086366,-0.072396,0.002348,-0.006684,0.043583,0.072791,-0.057542,-0.010419,0.044369,-0.045088
0.961442,0.003623,0.050417,0.003441,-0.011034,0.004176,0.050343,-0.016422,0.221436,0.002716,0.086495,-0.033648,0.032477,0.032630,0.033260,0.054537,-0.040136,0.024795,0.038899,-0.050258
0.877604,0.063583,0.072466,0.051489,0.003244,0.010083,0.108012,-0.068754,0.038363,0.021022,0.157396,-0.016760,0.052695,-0.021370,-0.004279,0.056410,0.014802,-0.010244,0.408829,-0.022225
0.449459,-0.279190,-0.070306,0.368565,-0.067636,-0.173058,-0.332284,-0.299859,-0.300571,0.112608,-0.206002,-0.222561,0.194838,0.085908,-0.147081,0.076435,0.024236,0.041574,0.181047,-0.203718
-0.287096,0.155006,0.064718,-0.200437,-0.009527,-0.096772,0.062712,-0.139504,-0.285574,0.309895,-0.238201,0.389629,-0.109007,-0.075611,-0.022720,-0.204022,0.476829,0.003615,-0.223767,0.304969
-0.040352,-0.011663,0.026297,-0.015633,-0.010236,0.002859,0.076304,-0.053028,0.050563,0.000003,0.986267,0.051415,-0.026739,-0.036646,0.035460,0.051782,-0.042945,-0.016428,0.032572,-0.038188
0.794728,0.005254,0.012058,0.002953,-0.008242,0.029754,0.087050,-0.032555,0.588104,-0.020702,-0.039840,-0.015857,0.007112,0.026927,-0.027270,0.038455,0.043361,-0.009495,0.007992,-0.073948
0.980712,0.025845,0.072890,0.003277,-0.001641,0.018938,0.071631,-0.044570,0.028249,0.015456,0.054693,0.021839,0.000268,-0.013051,-0.012297,0.132365,-0.036399,-0.010566,-0.005942,-0.030243
-0.012402,-0.005522,0.004004,-0.017214,-0.004158,0.002980,-0.009551,0.017118,-0.007163,0.001592,0.063575,-0.002591,-0.003080,-0.006104,-0.006206,0.012866,0.980970,0.000546,-0.002795,0.180083
0.741744,-0.049702,0.023139,0.600823,-0.054887,0.014811,0.099538,-0.095826,0.031138,0.047857,0.139295,-0.083435,0.020799,0.013806,-0.057470,0.115562,0.071470,-0.016875,0.090654,-0.054626
0.020762,0.021161,0.038511,0.008418,0.000099,0.049466,0.017908,-0.038963,0.109768,0.010666,-0.079430,0.042992,0.042695,0.022989,0.040537,0.065851,-0.006773,0.001318,0.981658,-0.030484
-0.072909,-0.003456,0.050840,0.011213,-0.011339,0.025182,0.038372,-0.017933,0.693815,0.008983,0.692549,-0.044937,0.027451,0.086494,0.100837,0.063343,0.002731,-0.005705,0.029346,-0.054644
