-0.101059,-0.027658,0.023174,0.079535,-0.072038,0.021775,-0.016757,0.054977,0.134125,0.108744,0.960767,-0.025129,0.002774,-0.040919,0.047190,-0.003866,0.080637,-0.001581,0.086556,-0.041866
0.247766,0.048060,0.019297,0.010288,-0.021237,0.001555,0.072550,0.006570,0.012307,-0.000421,0.957103,-0.020395,0.056485,-0.053686,0.050270,0.049897,0.015876,-0.017807,-0.034400,0.024674
0.980612,0.011856,0.034255,0.053613,-0.091521,-0.036496,-0.021651,0.004673,-0.016028,0.000714,0.021027,-0.049417,-0.026094,0.013655,0.012658,0.115287,-0.054740,-0.046100,0.037469,-0.005141
0.500311,0.067819,0.000997,0.024001,-0.049930,-0.031644,0.222643,-0.074143,0.042405,-0.042357,0.030078,0.005572,0.000463,0.803321,-0.049941,0.093076,0.085125,-0.008137,0.131992,-0.014370
0.631985,0.064287,0.000003,0.003979,-0.039361,0.009811,-0.002117,-0.017262,0.094762,0.007350,0.756905,-0.072620,0.030120,0.064973,0.011381,0.020620,-0.008026,-0.014816,0.036287,-0.001060
0.056950,0.032778,0.042230,0.044239,-0.013631,0.017798,0.027064,-0.002595,0.050665,0.042486,0.054057,-0.019056,0.038312,0.063656,0.962492,0.022875,0.025809,-0.007798,0.221015,-0.032180
0.987799,0.047194,0.003152,0.037890,-0.032336,-0.023037,0.047448,-0.029881,0.038942,-0.017034,0.021906,-0.091852,0.036160,0.003408,0.014735,0.038029,0.009499,-0.038205,-0.013492,0.020527
0.524680,-0.091175,0.041209,0.511773,-0.210615,-0.153287,-0.108459,-0.147045,-0.164020,0.007799,-0.104868,-0.340476,-0.222731,-0.131736,-0.179893,0.108435,-0.160120,-0.014338,0.041920,-0.242855
-0.160454,0.393227,-0.006347,0.254220,0.139335,-0.206471,0.351284,-0.051642,-0.320680,0.122858,-0.289762,-0.070287,-0.187140,-0.214342,-0.163724,0.063888,0.371019,-0.216706,-0.251520,0.016870
0.985685,0.007677,0.003535,0.049015,-0.086347,-0.016725,-0.059783,0.013033,0.023969,-0.006245,0.010358,-0.049685,-0.009031,-0.080832,0.000651,0.054203,-0.022813,-0.002272,0.004970,-0.034321
0.145332,0.004845,0.008894,0.009825,-0.020297,0.054964,0.021820,0.005241,0.092360,0.058440,-0.033574,-0.045599,0.000249,0.048188,0.976355,-0.003081,0.013815,-0.017605,0.035509,-0.047215
0.386779,0.036480,0.027349,0.016044,-0.076843,-0.007558,-0.008851,-0.020713,0.045233,-0.004135,0.081388,-0.036149,0.045804,-0.067599,0.034440,0.048152,-0.028188,-0.035337,0.903835,0.049683
-0.003721,0.001496,-0.001520,-0.006719,-0.000218,0.004006,-0.002234,-0.000039,-0.005432,0.006639,0.021806,0.005101,0.004809,-0.002853,-0.009042,0.182813,0.142618,0.001879,-0.005851,0.972332
0.291506,-0.059430,0.061589,0.333802,-0.065777,0.038470,0.098213,-0.040833,0.062265,0.095415,0.158485,-0.092899,0.014219,0.027298,-0.042520,0.045560,0.111282,-0.012912,0.841431,-0.083900
0.695908,0.022059,0.007286,0.067889,-0.071580,0.011194,0.008160,0.095042,0.031992,0.029698,0.253187,-0.051960,0.020176,0.650501,0.014079,0.053709,-0.002624,-0.011470,-0.026910,-0.001403
-0.026721,0.041508,0.029419,0.019523,-0.018272,0.043821,-0.046673,0.014363,-0.031696,0.069078,0.087328,-0.051809,0.033891,0.056334,0.980550,0.048212,0.035962,-0.010654,0.070743,-0.032491
