-0.235833,0.272780,0.129395,0.152149,0.057191,-0.242030,0.058643,0.198979,-0.149852,0.105098,0.420084,-0.085765,-0.057747,-0.205807,0.374542,0.276281,0.299557,0.004933,-0.156328,0.362453
0.264331,-0.152003,0.039058,-0.209589,0.202642,-0.293688,-0.221382,0.221298,0.262420,0.115121,0.220157,-0.164772,0.192973,-0.217634,-0.312542,-0.257339,0.258428,-0.227105,-0.220564,0.251031
0.214035,0.240168,0.117665,0.200651,-0.149499,-0.353901,-0.298390,0.237850,-0.170738,-0.155231,0.312404,-0.174622,0.033046,0.073580,-0.130736,-0.256926,0.296373,0.184138,-0.028353,0.394594
0.218022,0.260213,0.077515,-0.008193,-0.223825,-0.339796,-0.244736,-0.026655,-0.217885,-0.148789,0.133095,0.198332,-0.233110,0.193686,-0.247214,-0.323199,0.279670,0.189712,-0.268751,0.286343
0.296482,0.125589,0.310838,-0.305963,-0.360763,-0.000992,-0.159458,0.082597,-0.231734,-0.187615,-0.063345,0.247555,0.265257,-0.044079,-0.166920,-0.142934,0.280583,-0.313764,-0.137080,-0.270063
0.083258,-0.059338,-0.257897,0.346806,-0.163090,-0.261274,-0.232105,0.154566,0.213375,0.210134,0.361899,0.050505,-0.114908,0.300418,-0.116085,-0.046066,0.313479,-0.067736,0.189794,0.386002
-0.200283,0.229436,-0.037147,0.196909,-0.204889,0.146502,0.191708,-0.124291,0.316528,-0.221916,-0.208083,-0.227941,-0.210079,0.253163,-0.220788,-0.308674,0.256543,-0.340541,-0.254374,-0.089542
0.183242,0.145612,0.630137,0.250990,0.144880,-0.260697,-0.309775,-0.010322,0.097615,-0.210644,0.135098,-0.018170,-0.164188,0.129014,0.251510,-0.063238,-0.066404,-0.059918,-0.252830,0.211821
0.030153,0.279003,0.106512,0.093571,-0.170203,-0.250094,0.155808,0.270045,0.268480,0.135051,0.491021,-0.137194,-0.092759,0.029187,-0.030768,-0.285983,0.329375,0.000734,-0.364351,0.169582
-0.334229,0.321677,0.086532,0.284660,-0.096937,0.033978,-0.028837,0.064927,-0.006576,0.173406,-0.118261,0.271289,0.069349,-0.187872,0.122184,0.390673,0.311169,0.263015,0.329005,-0.284771
-0.260250,-0.192405,-0.299612,0.341083,0.295780,-0.164062,-0.141403,-0.032318,-0.170717,0.341895,-0.240464,-0.082442,-0.272210,-0.057534,0.214762,0.161093,-0.364363,0.207300,-0.131052,0.025613
-0.036464,0.121371,0.074586,-0.277632,-0.028350,-0.147855,0.056273,0.148133,0.217268,0.118992,0.476328,0.074853,0.055710,0.225664,0.247165,0.251270,0.346882,-0.403850,0.024485,0.312073
0.323976,-0.204469,-0.207004,-0.225188,0.188007,-0.302376,0.202709,-0.155051,0.276153,-0.181766,0.019101,0.120699,-0.127807,0.216401,-0.205353,-0.302081,0.292923,-0.248249,-0.253539,-0.187697
0.246448,0.070205,-0.181073,0.239967,0.137220,0.148825,-0.198473,0.279962,0.229676,-0.179917,-0.280554,-0.129273,-0.179705,0.267658,-0.352210,-0.126569,-0.338365,-0.196804,-0.316464,-0.085404
-0.065369,-0.019914,0.309551,0.282741,0.093352,-0.301845,0.163871,-0.041595,-0.386438,-0.358364,0.070987,-0.007096,0.265779,0.046828,-0.292068,0.073566,0.171418,0.065861,0.349340,0.298331
0.324135,-0.160438,0.251220,-0.202397,-0.258675,0.031074,-0.357767,-0.163605,0.160250,-0.075257,-0.136079,-0.239179,-0.202190,0.217154,-0.206864,0.093913,0.371918,-0.243609,-0.233213,-0.209056
-0.142688,-0.092843,0.268792,-0.309252,0.214272,-0.267235,0.200961,0.180633,-0.028107,0.191442,0.220862,-0.263509,0.019962,-0.159087,0.307813,-0.335937,-0.150174,-0.328016,-0.223325,0.209298
-0.210693,-0.263847,-0.161198,-0.208908,-0.082677,0.299065,-0.123745,-0.134370,-0.173227,0.111932,-0.276773,0.277020,0.264168,0.258404,0.228939,0.095521,-0.203933,0.324003,-0.269817,-0.270888
-0.204714,0.197327,-0.168558,-0.258337,0.189310,0.072373,-0.192963,-0.219939,0.231159,0.229249,-0.202641,-0.291842,-0.280934,-0.243210,0.096085,-0.240345,-0.156754,0.290440,0.186579,0.341004
0.388152,0.203670,0.022947,-0.223090,0.197676,0.202793,-0.236977,0.187373,-0.210118,-0.047250,-0.320523,-0.264129,-0.224239,-0.232020,0.108620,-0.252830,-0.238063,-0.222261,0.193839,-0.209109
0.316827,0.220464,0.404846,0.203347,-0.203852,0.076996,-0.200318,-0.234990,0.234672,-0.247736,-0.066198,0.143551,-0.134645,-0.149120,0.155133,-0.235097,-0.244520,0.244142,0.089155,0.338313
-0.193531,0.251075,0.182864,-0.203592,-0.279299,-0.284282,-0.291108,-0.197466,0.189042,-0.194640,-0.114655,-0.246229,0.177970,-0.257672,-0.234224,0.201497,0.265986,0.248612,-0.235693,-0.114121
-0.070368,0.269282,0.055777,0.186451,0.023682,-0.154308,-0.052511,0.082985,-0.286152,-0.029522,0.296351,-0.297841,0.231721,-0.281492,0.213786,-0.331505,0.295943,0.295775,-0.282275,-0.219275
-0.220584,-0.208326,-0.148437,-0.284303,0.282534,-0.248986,0.265774,-0.224725,-0.280570,0.108671,-0.318871,0.220567,0.211387,0.282837,0.134702,-0.304207,-0.188094,-0.094942,0.144618,0.024318
0.222440,0.040737,0.376425,0.221185,-0.336733,0.476509,0.113064,-0.059176,-0.297189,0.112988,-0.143778,-0.071591,0.071174,0.147266,0.055219,0.140751,0.137116,0.410631,0.059235,0.184612
-0.176114,-0.275194,0.388634,0.284684,0.100428,-0.306197,0.270274,0.027498,-0.131776,0.035820,-0.324040,0.006472,-0.317788,-0.082438,-0.250141,-0.276440,-0.120797,0.024577,0.251192,0.186447
-0.002376,-0.044959,-0.008083,-0.156033,0.301310,0.199586,-0.258779,-0.048824,0.051436,0.086668,0.426139,-0.185797,0.134325,-0.330757,-0.317985,-0.283577,0.049239,0.146834,-0.000117,0.462988
-0.149367,0.273816,0.197322,0.041634,-0.222317,0.054505,0.187690,0.181285,-0.173684,-0.069576,0.309045,-0.227254,-0.017690,-0.222686,-0.023208,-0.355900,0.335196,-0.253547,-0.248473,0.379355
-0.206631,-0.218296,-0.102891,-0.222027,0.284289,0.040775,-0.361450,0.122554,-0.218462,-0.205609,0.077569,0.203514,0.239475,0.201477,-0.226653,-0.305383,-0.205682,-0.235648,-0.297738,-0.234796
-0.214565,0.267061,-0.156927,-0.215266,0.255462,-0.354073,0.197166,0.115833,0.222368,0.237060,-0.243442,-0.017375,-0.210807,-0.282434,0.260681,0.084217,-0.200325,-0.256968,-0.246423,-0.193394
-0.003125,0.212560,0.379112,-0.227018,-0.225274,0.211493,-0.220822,-0.241655,-0.210081,0.191022,-0.267476,-0.109411,-0.243194,-0.225306,-0.223580,-0.230659,-0.227474,-0.217262,0.125286,0.255008
0.102641,-0.038103,0.250765,-0.317504,-0.240155,-0.305417,-0.325779,-0.131110,0.204551,0.189740,0.226838,0.149037,-0.070028,0.149527,-0.047773,-0.396377,0.013598,0.318358,0.187451,0.274228
-0.179865,0.197487,0.139988,-0.267304,0.282794,0.387980,0.057464,-0.115357,-0.317747,0.037908,0.118860,-0.288253,-0.168233,0.068175,-0.278281,0.228396,0.194117,0.323552,-0.006722,-0.293095
0.274767,-0.198296,0.222483,-0.283573,0.183770,-0.056828,-0.364152,0.174232,0.267934,0.205407,0.031826,-0.193739,0.219862,-0.205293,-0.199251,-0.338470,0.249773,0.140685,0.137951,0.238371
0.030635,0.297457,0.055042,0.152074,-0.204648,-0.346009,-0.247492,0.218746,0.235665,-0.144973,0.295264,-0.098473,-0.198640,-0.208780,-0.178670,-0.339690,-0.147187,-0.206694,-0.236012,0.299733
-0.243535,-0.140549,-0.144226,-0.223674,0.239571,-0.322182,-0.259002,-0.091679,0.218129,-0.206903,-0.265407,-0.254694,-0.229127,0.159709,0.211748,0.126691,-0.161139,-0.249075,-0.288838,0.278203
0.137857,0.283262,-0.082468,0.004777,-0.246197,-0.324965,-0.231891,-0.169172,0.354279,0.049236,0.066282,-0.234062,0.258695,-0.217242,-0.228524,-0.294879,0.375997,-0.217661,-0.061007,-0.111552
-0.164336,0.221625,0.238843,0.225501,0.231873,-0.210387,-0.242900,0.195925,0.160299,-0.246182,-0.325174,0.151399,-0.224084,-0.241460,-0.233305,0.121458,-0.247044,0.258906,-0.270630,-0.163098
-0.089899,-0.146085,0.077266,-0.262739,0.122514,-0.242543,0.251546,-0.045180,-0.209792,-0.152984,-0.078370,0.165955,0.292080,-0.266132,-0.288408,-0.352625,0.319415,0.108319,0.168599,0.386623
-0.172198,-0.135728,-0.089964,-0.162127,0.190019,0.200229,-0.072590,0.231115,0.265190,-0.236169,0.024561,0.196221,0.109400,0.274135,-0.278964,-0.321186,0.279950,0.312104,-0.020654,0.416113
-0.125337,0.228096,-0.279231,0.154897,-0.177917,-0.324519,-0.217109,0.257612,0.226499,-0.112552,-0.118488,0.147116,-0.167613,-0.163982,-0.163038,-0.296678,0.304991,0.119761,-0.228722,0.388485
0.171080,0.304286,0.079277,0.182743,-0.232251,-0.295046,0.198760,-0.198674,0.028958,-0.164238,0.279418,-0.206230,-0.191185,0.224167,0.147266,-0.275375,0.304276,0.110428,0.168613,0.390568
0.120687,0.112531,-0.071028,0.107606,-0.381210,-0.148159,0.274753,0.276577,0.306755,0.112419,0.265532,0.039735,-0.084619,0.279300,-0.111219,0.317625,-0.359461,-0.089302,0.116269,-0.330060
-0.219636,-0.220537,-0.192931,-0.293225,-0.268523,0.086888,0.198850,-0.104718,0.221009,-0.204911,-0.246287,0.203217,-0.222029,0.184119,-0.247221,-0.261186,-0.199248,-0.274902,-0.279334,0.226140
0.211109,0.237511,-0.178514,-0.234966,-0.278654,-0.165696,-0.237810,0.178828,0.211172,-0.197636,0.072200,-0.226110,-0.203755,-0.251819,0.208885,-0.286887,-0.179114,-0.296034,0.180764,0.308313
0.000066,0.193219,0.241964,-0.274961,0.247343,-0.362855,-0.109858,-0.237017,0.108548,0.114400,0.058959,0.297895,-0.136945,-0.155128,0.258411,0.181256,0.255669,-0.249684,-0.096948,0.413262
0.238671,-0.246151,0.076152,0.303061,-0.240964,0.301264,-0.007100,-0.204751,-0.073924,-0.244786,-0.170273,0.326637,-0.037105,0.171145,0.290956,0.100783,-0.366177,-0.328201,0.031141,0.157106
0.360303,0.155614,-0.068887,-0.019167,0.312447,-0.197829,-0.329112,-0.362919,-0.130172,0.124975,0.017757,0.223755,-0.230526,-0.244605,0.224730,0.134269,0.286325,-0.321811,-0.055690,0.104752
-0.037132,0.176369,-0.100670,-0.256176,0.262398,-0.304951,0.193723,-0.116374,0.299860,-0.308460,-0.087636,0.177990,-0.125319,-0.351584,-0.117926,0.242375,0.309099,-0.138540,-0.038382,0.355293
0.089662,0.239188,-0.025338,0.227429,0.128090,-0.317048,0.186235,0.211864,0.239297,0.000338,0.395075,-0.074777,0.237606,0.003423,-0.173401,-0.272628,0.382742,0.031144,-0.250787,0.309403
-0.085947,-0.267424,0.520373,-0.020614,-0.065393,0.174288,-0.211524,0.120597,0.270063,0.045867,-0.297993,0.061283,0.284500,-0.286886,-0.302067,-0.319580,0.068368,-0.073526,-0.109820,-0.097942
-0.244071,0.276246,-0.040359,0.254886,0.244483,-0.299058,0.261814,-0.249955,-0.161556,-0.217210,0.131678,0.129455,-0.276422,-0.265050,-0.268710,0.140580,0.232230,-0.257683,0.180852,-0.135073
0.357099,0.187783,-0.073798,0.350594,0.214443,0.324495,-0.062924,-0.154553,0.366827,0.238707,0.140641,-0.053414,0.170190,-0.034206,-0.281534,-0.123248,0.000973,-0.040869,-0.353437,0.253727
0.103132,0.157357,-0.264452,-0.030410,-0.408068,0.383530,-0.160465,-0.192238,0.254521,-0.325206,0.294808,-0.132853,-0.034914,0.100305,-0.034786,0.328155,0.314270,0.124306,0.087327,-0.017419
0.325172,0.107434,0.478143,0.272180,0.194864,0.211896,0.202340,0.105250,-0.225576,-0.187184,0.119072,-0.078317,-0.209701,0.169033,-0.083604,-0.237786,-0.213449,0.216505,-0.237655,-0.232166
0.436027,0.240152,-0.023648,0.224806,-0.108903,-0.191196,-0.144883,0.093044,0.168501,0.316874,0.336932,-0.037906,0.094600,0.199322,-0.186739,-0.042149,0.287470,0.044100,0.329925,0.317055
0.295877,0.262863,-0.085978,0.137884,-0.233460,-0.144232,-0.159799,0.132702,-0.314950,0.193416,-0.234270,-0.309513,0.130920,0.304882,-0.188832,0.186625,0.335451,-0.134275,-0.280675,-0.145963
0.150160,0.330926,-0.202288,0.111775,0.245666,0.311519,0.072829,0.205920,0.291420,-0.266800,0.430436,-0.105773,-0.067344,-0.088809,-0.212175,-0.292894,0.218176,-0.192160,-0.040373,-0.165741
0.348247,0.027774,-0.179156,0.242476,0.346061,0.140699,-0.106549,-0.386326,0.231282,0.263630,-0.344307,0.263032,0.218338,-0.094545,0.066975,-0.087705,0.003723,-0.118324,-0.098374,0.289312
-0.349822,0.005758,0.424855,0.168650,0.255984,-0.115274,-0.081566,-0.148563,0.262254,0.047733,0.404251,0.076213,0.037580,0.076610,0.368383,-0.069294,0.069863,0.265419,-0.052051,0.308216
0.171965,-0.193652,-0.198521,-0.180873,0.223282,-0.327783,0.194420,-0.218452,0.177029,0.267716,0.095382,-0.218523,-0.207999,-0.257271,0.195437,-0.115728,0.345925,0.181049,0.180323,0.334848
-0.070873,0.235741,0.150648,0.188511,-0.258216,-0.324987,-0.021253,0.333489,0.335423,0.123023,-0.020672,0.149332,0.167866,0.193527,-0.317447,0.058689,0.402971,-0.230112,-0.248264,-0.004693
0.299098,0.135468,0.273113,-0.144585,0.075401,0.046152,0.338714,0.238102,0.461785,0.085725,0.005721,0.064229,-0.017462,-0.032870,-0.082468,-0.199090,-0.366031,-0.021601,-0.425359,-0.171780
0.070848,0.129933,0.027360,-0.146391,0.235661,-0.273720,-0.307603,-0.025078,-0.194827,0.339562,0.093840,0.340623,0.242096,-0.172386,0.244530,0.329699,-0.323704,-0.106382,0.115401,-0.256670
0.312341,0.233639,0.106779,-0.203521,0.161045,-0.355731,0.180421,-0.215561,0.151926,-0.215688,0.254638,0.050375,0.243447,-0.083402,-0.210408,0.163157,0.274803,-0.287472,0.183665,0.312330
0.204481,0.230891,-0.168450,-0.197741,0.283033,-0.255129,0.204738,-0.226970,-0.285993,0.259608,-0.237870,-0.218723,-0.194912,0.158194,-0.022501,-0.320790,-0.202681,0.207028,-0.236345,0.197308
0.352259,0.202397,-0.056201,0.187818,0.078650,-0.155554,0.051973,-0.359228,0.077216,0.086887,0.248175,0.284253,-0.002091,-0.005885,0.012127,-0.346141,0.410546,-0.003083,0.348556,-0.261603
0.315060,-0.159953,-0.238757,-0.133786,0.010551,-0.381512,-0.017456,-0.247749,0.395568,0.272063,-0.028907,-0.054196,-0.249870,0.050201,-0.152668,0.087483,0.392058,-0.244816,-0.204719,-0.084654
-0.064130,-0.275563,-0.054926,-0.180750,0.143668,0.097933,0.069605,-0.215608,0.178991,-0.297862,-0.076218,-0.329772,0.369877,0.304248,0.073116,0.053039,0.165285,0.396617,0.012749,0.380870
-0.214711,0.362583,0.032308,-0.348052,0.244997,0.285103,-0.124581,-0.451083,0.098864,0.088261,0.071647,-0.290575,0.089329,0.125579,0.118776,-0.306563,-0.213567,-0.193150,-0.043041,0.127301
0.242276,-0.206940,0.237029,-0.163815,-0.229179,-0.337908,0.189835,-0.219302,-0.146836,0.159615,0.145021,-0.244353,0.250714,0.172815,-0.250892,-0.302043,-0.134450,-0.229775,0.105045,0.328696
-0.279129,0.306538,0.419391,0.140147,0.287378,-0.227479,-0.255579,0.177072,-0.030214,-0.102711,0.339274,0.328959,0.112186,-0.189036,-0.106156,0.138678,-0.082830,-0.227423,0.169486,-0.025916
-0.306612,-0.254542,0.011747,0.304017,0.082625,0.404871,-0.298104,0.080911,-0.135332,0.096072,-0.166152,0.205037,-0.149827,0.251274,-0.173406,-0.270954,-0.341566,0.181101,-0.168500,-0.135470
-0.196428,0.182612,0.410819,0.027094,-0.197625,0.189062,-0.263470,-0.280609,-0.200914,-0.201338,-0.293102,-0.155682,0.262240,-0.297073,0.020924,-0.093176,0.204693,0.215714,-0.090122,0.286111
-0.070440,0.218928,-0.023054,-0.182878,-0.303956,0.082298,-0.208580,-0.043967,-0.307961,-0.178033,0.307985,-0.158885,-0.330457,-0.155523,-0.016382,-0.156477,0.341158,0.343941,0.252400,0.255664
0.105851,-0.180660,-0.182843,-0.283914,-0.253019,-0.369289,-0.028556,-0.195967,-0.126623,0.230459,-0.198285,0.203475,0.248904,0.179220,-0.245331,-0.299267,-0.162049,0.038847,0.119305,0.408435
-0.220980,0.282880,-0.168871,-0.226312,0.255265,0.094723,-0.262915,-0.237582,0.226948,-0.207965,-0.251562,0.192594,-0.210996,0.165167,0.295160,0.156546,-0.214730,-0.249557,0.176804,0.271119
0.178043,0.332245,0.091480,0.405183,-0.021302,-0.111576,0.335687,-0.215083,-0.208672,-0.173920,0.279888,-0.007814,-0.120397,-0.061379,0.131292,0.011548,0.342532,0.070227,0.142738,0.427861
-0.175706,-0.201384,0.117641,-0.150472,-0.182382,-0.356041,-0.316446,0.075291,-0.131482,-0.210491,0.239191,0.332593,0.335488,0.168437,-0.322114,-0.240462,-0.122832,0.150989,-0.235727,-0.029579
0.066163,-0.171871,0.360661,-0.217440,0.219289,-0.181863,-0.234014,-0.210885,0.231044,-0.080114,-0.276758,-0.237249,-0.189873,-0.204768,0.231735,-0.272021,-0.214705,0.239054,-0.243781,0.217473
-0.245906,0.275609,0.080366,0.235925,-0.131834,-0.351324,0.042462,-0.178731,0.270657,0.198513,0.085866,-0.038425,-0.245631,-0.122482,0.015993,-0.284466,0.370264,0.039614,-0.139292,0.436809
-0.037004,0.239193,0.099056,-0.271809,-0.172447,-0.353175,-0.093137,0.111834,0.280973,-0.143145,0.019496,0.110326,0.018718,0.241043,0.079334,-0.286425,0.386476,-0.244155,-0.277652,0.370451
-0.323839,0.287695,0.016942,-0.034521,0.109767,-0.305978,0.033119,0.253907,-0.207510,-0.008524,0.423570,-0.013478,0.233852,0.042273,0.063584,-0.292815,0.338249,0.008390,0.024701,0.394420
0.179482,0.296389,-0.200891,0.130153,0.310050,0.304476,0.256443,-0.269863,0.006833,0.117380,-0.381372,0.263640,0.021444,0.157525,-0.228546,-0.277156,0.292758,-0.079501,0.137487,-0.034468
-0.172074,0.324657,0.213636,0.166530,-0.147241,0.012317,-0.204371,0.230212,0.255851,-0.145495,-0.141748,-0.191434,0.165763,0.222974,0.196295,-0.308725,0.367420,-0.221860,-0.214276,0.300799
-0.200971,0.176028,0.428877,-0.027412,-0.244874,-0.128198,-0.153606,0.246861,0.283647,-0.114423,-0.292005,-0.020743,-0.061441,0.038507,-0.007267,-0.241244,0.282759,0.212288,-0.065765,0.459245
0.278056,0.137686,0.018207,0.276027,0.014630,0.144507,-0.127982,0.022621,-0.255852,0.123868,-0.101604,-0.331781,-0.156137,0.404314,0.215851,0.310428,0.331915,0.310594,-0.193649,-0.114331
-0.185125,-0.238774,-0.079733,0.210460,-0.228990,-0.258591,-0.220690,-0.235146,0.233087,0.191763,-0.320248,-0.263707,-0.237544,0.241993,0.148646,-0.301922,0.239751,-0.069313,-0.257064,-0.122280
-0.178743,-0.156610,-0.174705,-0.126336,0.022679,-0.321890,0.138694,0.110961,0.274588,-0.228520,0.355909,-0.226045,0.165453,-0.117493,-0.172848,-0.102378,0.386148,-0.129192,-0.206445,0.407456
-0.212542,0.254151,-0.116395,-0.214622,-0.072953,0.261104,-0.234146,0.222107,0.223656,0.187549,-0.303708,0.136494,-0.157447,0.226135,-0.254861,0.234444,0.178376,0.268010,-0.268943,0.291687
0.317519,0.276486,-0.123808,0.026788,-0.117041,-0.411305,-0.044989,0.155182,-0.170518,-0.277923,0.000344,0.226728,0.114640,-0.238509,-0.222401,0.064102,0.386433,-0.236605,-0.240516,0.230718
0.246193,-0.010029,0.240785,0.293220,-0.032257,-0.040354,-0.146724,-0.025361,0.142351,-0.115997,0.648085,-0.019306,0.032983,0.355768,-0.119032,-0.178887,-0.024299,-0.252873,-0.192674,0.202241
0.205776,-0.203961,-0.197821,-0.217715,-0.224149,0.072986,0.189720,-0.107889,-0.245326,-0.199338,-0.242381,-0.234545,0.266497,-0.250564,-0.327007,-0.342142,-0.188137,-0.271857,0.166988,-0.132871
0.327842,0.069266,0.318747,-0.022355,0.263610,0.038061,0.089132,0.006068,0.379718,0.122183,-0.185631,-0.361804,0.069851,0.361662,0.037507,0.071192,-0.400304,0.094085,-0.148431,0.221238
0.180821,-0.198440,-0.198134,-0.131916,-0.245020,-0.305549,-0.280316,-0.148083,-0.201904,-0.202994,-0.238177,0.219848,-0.204419,-0.158966,0.207013,-0.287639,0.280001,-0.242070,-0.254870,-0.189016
0.273733,-0.221211,0.033226,-0.239235,-0.203692,-0.221383,-0.192151,0.271801,0.331249,-0.200464,0.245158,0.157465,0.170977,0.181643,-0.200106,-0.269712,0.263421,0.191737,-0.241491,-0.205437
0.297522,0.124351,0.494269,0.232834,-0.013210,-0.314210,-0.044463,0.161018,0.349980,0.200691,-0.096418,-0.349008,-0.062418,0.131347,-0.169645,-0.224348,-0.113927,-0.197021,-0.151363,0.043188
-0.163661,-0.205485,-0.158749,0.232256,0.237912,-0.248955,0.226425,-0.156731,-0.159677,0.214102,-0.256525,-0.295990,0.209076,-0.233234,-0.172715,-0.262365,0.243631,-0.054291,-0.278830,0.309605
0.097028,-0.092744,-0.037921,0.206850,0.211302,-0.236032,-0.147690,0.217255,0.195911,-0.231756,0.556430,0.026461,0.002286,-0.037787,-0.227795,-0.258060,0.265821,-0.139603,-0.024958,0.394068
0.286439,-0.047148,0.437607,0.201987,0.044641,-0.271521,-0.125153,-0.220526,0.231908,0.202295,-0.308922,-0.107762,-0.102348,0.195230,-0.253343,-0.205072,0.191166,-0.180480,-0.238097,0.247053
-0.276786,-0.125556,0.111597,-0.132294,0.077847,-0.009162,0.136079,-0.106018,-0.363339,-0.283051,0.391258,0.263319,-0.049213,-0.170382,0.246711,0.287995,0.108605,-0.069400,0.340590,-0.315188
0.331588,0.199242,0.449381,-0.057222,-0.075706,-0.397594,0.334222,-0.222966,0.037932,-0.203679,0.211121,-0.324446,0.040435,-0.061736,0.097911,0.238485,-0.049103,0.185120,0.136216,0.000058
0.062611,0.192229,0.127818,0.167446,-0.000863,-0.125720,0.143521,0.255454,0.088540,0.078336,0.364911,-0.156450,-0.322568,0.282754,0.071325,-0.221033,0.334246,-0.281345,0.248881,0.388224
0.345174,0.209543,0.219502,0.226425,-0.130208,-0.006534,-0.127875,0.273581,0.247465,0.175938,-0.042322,0.015327,0.085499,0.111851,-0.071968,0.077594,0.534620,0.075034,0.367113,-0.278999
-0.195332,0.049738,-0.156606,0.292812,-0.118455,-0.108719,-0.286405,-0.249507,-0.296823,-0.034683,-0.189333,0.068778,-0.383336,-0.239498,0.101444,-0.067794,-0.340237,-0.371127,-0.180062,0.209711
0.308396,0.126711,0.438652,-0.035676,0.111571,-0.184322,0.288624,0.287490,0.197009,0.281129,0.217402,-0.144644,-0.247144,-0.092024,-0.182330,0.160109,0.026927,0.260348,-0.220645,0.226098
0.024089,-0.233584,-0.207313,-0.261814,-0.206978,-0.010111,0.140921,0.174725,0.272375,-0.113893,-0.199968,0.230677,-0.214342,-0.241715,0.221021,-0.302390,0.253669,-0.309830,-0.335259,0.205536
0.372340,-0.223579,0.001663,0.080254,-0.171455,-0.173850,0.159269,-0.214170,-0.228662,-0.225564,-0.233429,-0.259032,-0.225527,-0.237904,-0.229109,-0.254317,0.207938,0.245852,0.109105,0.330318
-0.059925,-0.232986,0.380749,0.280059,-0.193421,0.315981,-0.091738,-0.201287,0.100079,-0.250960,-0.306320,0.200439,-0.100582,0.092709,0.175296,0.142264,-0.099628,-0.297061,0.290724,-0.270483
0.297197,-0.205558,0.419399,-0.216127,-0.130836,-0.270390,-0.209937,-0.234490,-0.139435,0.142321,-0.254932,-0.213047,-0.181770,-0.181924,0.119562,-0.253806,-0.201757,-0.216785,-0.237161,-0.136575
-0.276376,-0.179536,-0.100787,0.316239,-0.058640,-0.331000,-0.230852,0.105033,0.258933,0.148437,-0.252301,-0.257289,0.254375,-0.193932,0.188539,-0.286713,-0.186702,-0.192713,-0.266370,-0.148137
-0.123607,0.132277,-0.322562,-0.045871,0.228078,-0.287340,-0.094216,0.230548,0.283702,-0.042229,0.417101,-0.084114,-0.053966,-0.226343,-0.174421,-0.246528,0.321422,-0.202510,-0.105282,0.316848
-0.103379,0.259706,0.125636,-0.180142,-0.122174,0.082767,0.036979,-0.072650,-0.128032,0.382713,0.608806,0.081897,0.000432,0.135098,-0.234288,0.118235,0.318557,0.254507,0.017423,-0.226530
-0.421324,0.095178,0.404890,-0.010860,-0.305708,-0.092994,0.029216,0.059146,0.138086,0.092758,0.400598,0.161015,0.183303,0.040855,-0.098467,0.378408,0.216786,0.067940,-0.045272,0.294994
-0.092802,0.231865,0.629820,0.284179,-0.208567,-0.173879,0.048866,-0.095344,0.235061,0.241311,0.076706,0.278233,0.030666,-0.171814,-0.024597,-0.105803,-0.100440,-0.237738,0.041009,0.260100
0.357267,-0.142257,0.367207,-0.184152,0.212964,-0.092672,-0.186212,-0.282945,-0.236871,0.271471,0.094669,0.240957,-0.245343,-0.237395,-0.127220,0.275055,-0.154411,-0.146653,0.247389,-0.054106
0.267896,0.223270,0.465788,-0.225435,0.264757,-0.233622,0.176562,-0.261975,0.212677,0.272670,-0.179418,-0.170696,-0.164714,-0.139303,-0.228558,0.009456,0.245613,-0.211659,-0.034978,-0.001075
-0.140550,0.153533,0.307402,-0.257613,-0.208264,0.197104,0.233027,0.118558,0.037528,0.208334,-0.307107,-0.294499,0.129262,0.228365,0.215723,-0.269270,0.227198,0.211367,-0.005702,0.367623
-0.183395,-0.202526,-0.208909,0.214900,-0.231513,-0.263333,-0.231530,0.209378,-0.073103,-0.211408,0.298098,-0.015426,-0.233250,0.216267,-0.242747,-0.292453,0.283684,-0.345914,0.159816,0.068506
0.197496,0.169892,0.172191,0.325469,0.273418,-0.155629,0.049729,0.256120,0.149644,0.060941,0.582504,0.190757,0.184776,-0.023561,-0.127683,0.040104,0.162724,0.182848,0.051686,0.335418
-0.260535,0.131865,-0.089414,0.153120,0.174702,0.030118,0.346058,-0.133191,-0.059453,-0.252625,0.461147,0.141654,-0.150220,-0.021435,0.022406,0.225108,-0.138512,-0.350478,0.209269,0.392782
0.282585,0.241116,0.140149,-0.198619,-0.106150,-0.309315,-0.243225,0.202325,0.345334,-0.234504,0.303947,-0.282840,-0.004909,-0.099587,0.159634,0.114263,-0.165379,-0.232048,-0.214248,0.271423
-0.074675,0.197094,0.279702,0.175723,-0.306426,-0.279802,0.124162,0.273091,0.277933,0.166755,-0.190913,-0.007114,-0.037915,-0.200993,-0.218875,-0.263754,0.246571,-0.236941,-0.346979,0.214691
-0.208940,0.238407,-0.161494,0.158840,-0.222210,0.116291,-0.213843,0.194088,0.329992,-0.155389,0.270848,0.202143,0.217394,0.253905,0.229919,0.062783,0.245692,-0.243998,-0.357109,-0.196665
-0.238046,0.243971,0.060435,0.282956,0.198685,-0.091654,-0.112471,0.068242,0.111359,0.110802,0.483662,0.057991,-0.281865,-0.161118,-0.301295,-0.174960,0.360267,-0.117966,-0.073710,-0.311456
-0.112124,0.217694,-0.122818,-0.176421,-0.195706,0.356208,-0.243457,0.232972,-0.246217,0.182655,0.090931,0.043305,-0.241643,-0.112179,0.296379,0.307692,0.300553,0.101210,0.273951,0.286099
0.074022,0.244036,-0.039970,-0.000422,-0.053028,-0.164529,0.207060,0.268062,0.290639,-0.018220,0.437054,-0.057701,0.215961,0.061806,-0.113009,-0.289967,0.375081,-0.115832,0.198920,0.410640
-0.215659,-0.282116,-0.214394,-0.274439,0.267849,-0.160520,-0.076990,-0.279866,-0.195053,0.143582,-0.330973,0.253126,0.221781,-0.278072,0.080241,0.204577,0.217148,-0.243604,0.199124,0.132787
