0.055375,0.230317,-0.184865,-0.156385,-0.075434,-0.234314,0.184428,0.196085,0.268508,0.430639,0.279348,0.038803,0.323195,-0.082042,-0.127340,-0.232950,-0.231564,0.269635,0.321067,-0.063525
0.314488,-0.205804,-0.192356,-0.277537,-0.187982,-0.172897,-0.234516,0.230139,-0.130607,0.312675,-0.286095,-0.064850,0.307278,-0.257969,-0.182775,-0.242833,0.112961,-0.158775,-0.227614,-0.165898
0.289346,0.228691,-0.181306,0.010387,0.217472,-0.174887,-0.126790,-0.171357,0.202227,0.269085,-0.255687,0.354422,0.378427,-0.237177,0.199339,-0.183934,-0.231246,0.136017,-0.185928,-0.154323
-0.239775,0.273623,-0.093990,-0.216249,0.251536,0.079905,0.226859,0.230876,0.235190,0.124027,-0.022338,0.355878,0.272538,-0.289689,0.216969,0.181518,0.110038,-0.256483,-0.185225,0.298915
-0.176870,-0.174424,-0.124664,-0.308638,0.017722,-0.153093,-0.053146,0.306577,0.268493,0.019412,-0.209754,0.239755,-0.212715,0.273027,0.359317,-0.198604,0.284741,0.381895,0.071987,-0.111975
-0.255763,-0.046213,-0.237794,0.189884,0.155092,-0.254953,-0.223579,0.235237,0.276164,-0.298318,0.394547,-0.111463,-0.099474,0.363153,-0.336417,-0.045306,-0.066074,0.156344,0.009502,-0.161909
0.287542,0.156750,0.233386,-0.268032,-0.188278,0.069850,-0.340976,0.198324,0.279251,0.305755,-0.314125,0.264455,-0.089006,-0.298998,0.194328,-0.034809,0.131677,0.213598,0.103576,-0.142997
-0.200979,-0.172278,0.502616,0.274703,0.269046,-0.123921,-0.081975,-0.131488,0.272361,0.055187,-0.297647,-0.254383,-0.209846,-0.115797,0.119850,-0.186226,-0.202860,-0.175469,-0.120529,-0.258079
0.298234,0.196200,0.227128,-0.133917,0.212224,-0.167595,-0.085468,-0.045808,0.290597,0.357851,0.154494,0.368295,-0.101888,0.072760,-0.263403,-0.144097,-0.197034,0.281284,0.236557,-0.262250
-0.173769,-0.425095,-0.096110,0.437782,0.122869,0.228236,0.332214,-0.081665,0.001543,0.010479,-0.089877,0.080720,0.211870,0.170549,-0.085082,0.030255,-0.338618,-0.193292,0.360013,0.159735
0.083120,0.336829,-0.209341,0.017351,0.114194,0.146975,0.136432,-0.349537,-0.203727,-0.139136,0.539488,-0.278165,0.020247,0.019776,-0.115692,0.201326,0.377672,0.182681,-0.007958,0.001947
0.120036,0.272062,0.224448,-0.249758,0.003497,-0.150960,0.163467,0.017822,-0.490816,-0.046747,0.313213,0.246422,0.155312,-0.001828,-0.048307,-0.101823,-0.009085,0.061457,0.073077,0.548670
0.305655,0.092289,0.060705,-0.314690,-0.237816,-0.204032,-0.243458,-0.145493,-0.055066,-0.112673,-0.299547,0.267863,0.328197,-0.269789,0.212596,-0.271119,0.089821,0.182209,-0.241272,-0.202062
-0.111956,-0.032685,0.534386,-0.099987,-0.086104,-0.077739,-0.124931,0.266280,0.058683,-0.066562,0.337646,-0.038673,-0.164263,0.150637,-0.233275,-0.191819,-0.328923,0.329700,0.270730,0.190825
-0.018406,-0.069290,0.389830,-0.231472,0.138744,0.200111,0.223790,-0.107444,0.134563,0.007698,-0.315398,-0.102801,-0.371341,0.332636,0.025893,-0.016304,0.283986,-0.076438,0.445967,-0.072993
0.265725,0.304811,-0.103087,-0.245199,0.198151,-0.233535,0.075332,0.211628,-0.167369,0.339030,-0.329500,0.210936,0.231828,0.047549,0.162017,-0.254509,-0.173877,0.250059,-0.097853,0.275830
-0.082264,-0.169182,-0.064211,-0.261063,0.231923,0.156498,0.168452,0.296185,-0.185001,0.083294,-0.275086,0.355715,-0.199781,-0.243248,0.326282,-0.249022,-0.194281,0.236508,-0.238612,-0.190819
-0.003749,0.292002,-0.030452,0.372871,0.220572,0.045936,0.224399,0.236578,-0.033719,-0.346323,0.299770,-0.309884,-0.067273,-0.168552,0.301755,-0.190341,-0.114717,0.149595,-0.155178,0.301444
0.007916,-0.216106,0.393958,-0.246864,0.105931,-0.217087,-0.238662,0.188469,0.230439,-0.231140,-0.289565,-0.194197,0.171214,0.220256,0.135802,-0.247152,-0.192996,0.350455,0.066733,-0.190528
-0.209753,0.255799,0.183854,-0.224447,0.194872,-0.240563,-0.252421,0.200801,0.189611,-0.254679,-0.282330,-0.206205,-0.205562,-0.217247,0.233329,0.179032,-0.193365,-0.227359,0.276492,-0.204907
0.160623,-0.199952,0.199697,-0.185253,0.207726,-0.248831,0.153065,-0.250449,0.226999,-0.240525,-0.304244,0.241587,0.258153,-0.216193,-0.172919,0.165840,-0.168517,0.214723,0.295635,0.275322
-0.220333,-0.220790,0.446475,-0.173148,-0.150784,-0.111765,0.197706,-0.242774,-0.193288,-0.224279,-0.208040,-0.195315,0.252939,-0.242873,0.242532,0.153751,-0.076937,0.213321,-0.215290,0.260460
0.096582,-0.015943,-0.182502,0.152135,0.204300,0.122145,0.370616,0.227160,-0.338777,0.208011,0.087456,-0.142121,-0.239141,0.368399,-0.158019,0.053800,-0.194735,-0.306033,0.314894,-0.225738
-0.263748,0.016447,0.379356,-0.149860,-0.189910,0.279250,-0.228867,0.203208,-0.244608,-0.254861,-0.239667,-0.211280,-0.230756,0.256496,0.149062,0.218473,-0.185861,-0.153564,-0.211241,0.193579
-0.306208,0.080792,-0.282120,0.283802,-0.027840,0.410938,-0.122942,-0.077756,-0.223180,-0.091883,-0.174614,-0.273304,-0.122084,0.423321,0.026845,0.080013,-0.285146,-0.301810,0.083136,-0.069244
-0.138867,-0.157008,0.517368,0.295631,0.304564,-0.011896,-0.057583,-0.181061,0.246696,-0.230712,-0.280682,0.256764,-0.239253,-0.124512,0.154511,-0.016918,-0.257495,0.026156,0.092437,-0.201898
-0.065135,0.049161,-0.216764,0.032917,-0.326229,0.224673,0.108965,-0.214084,0.260959,0.055954,0.427290,0.290289,0.169105,-0.139757,-0.334332,-0.109930,-0.169924,-0.085895,0.288066,-0.318374
0.310376,-0.197087,-0.193902,-0.267202,0.146850,-0.254236,-0.247919,-0.105061,-0.176637,-0.148954,-0.240635,0.355526,-0.082015,-0.229146,-0.235214,-0.257275,-0.249974,-0.177319,-0.115746,0.267128
0.244162,0.211875,-0.174003,-0.232318,-0.333672,0.121500,0.161683,-0.270357,-0.187091,-0.191978,-0.288833,-0.137684,-0.173849,-0.277046,0.293178,-0.212624,0.142613,-0.228291,0.215775,-0.233488
0.294321,-0.275060,-0.173269,0.052617,-0.275154,-0.239677,0.190941,-0.273743,0.135338,-0.183106,-0.224259,0.270174,0.288839,-0.232715,0.203151,-0.214976,-0.100167,0.135382,0.224476,0.285354
-0.239042,-0.255359,0.104789,-0.267731,-0.243751,0.241798,-0.273254,-0.270394,-0.206197,0.121246,0.081307,0.239773,-0.218261,-0.233795,0.249212,0.207837,0.305861,-0.069461,-0.154146,0.279771
-0.066594,0.057805,0.452482,-0.281629,0.299237,0.142524,0.336422,0.066680,-0.108103,-0.370765,-0.101054,0.405634,-0.129486,0.171044,-0.086622,-0.032830,-0.029607,-0.145198,-0.269135,-0.088247
0.256933,-0.249521,-0.124888,0.051443,-0.286882,-0.028806,-0.333775,0.317650,0.122450,-0.264823,-0.000697,-0.284313,-0.431924,-0.127935,0.244317,-0.037572,0.077794,0.268226,0.016576,-0.223119
-0.147735,-0.161359,-0.206613,-0.274213,0.135469,-0.260480,-0.320985,0.283574,-0.145308,0.298678,-0.097639,-0.162103,0.367770,-0.203855,0.221565,-0.239958,0.160612,0.251244,0.096680,-0.191638
0.324277,0.219990,-0.107838,-0.292740,0.147028,-0.293992,-0.223105,0.054952,-0.065144,-0.112625,-0.260774,0.311729,0.386317,-0.116699,-0.154108,-0.282763,-0.244546,0.244950,-0.109712,-0.088146
0.070491,0.239731,-0.188484,-0.258765,0.243505,-0.017824,-0.269412,0.194142,0.216304,-0.028463,-0.227020,0.407542,-0.135779,-0.284315,0.235331,-0.250943,-0.164938,0.192514,-0.221689,0.262538
0.352098,0.121189,-0.203106,-0.252656,0.114882,-0.288925,-0.289397,0.208918,0.256521,0.269860,0.108764,0.338772,-0.148814,-0.281219,-0.062600,0.186617,-0.253339,0.182724,-0.090139,-0.145909
0.122097,-0.213574,0.401542,-0.209856,0.198101,-0.233545,-0.240759,-0.242820,-0.181340,0.145470,-0.291589,-0.046750,0.194900,0.194133,0.212667,-0.243794,0.232419,-0.158941,0.242219,0.252877
-0.208953,0.164624,0.308812,-0.083420,-0.353487,0.094464,-0.026846,0.214379,-0.105804,-0.002809,-0.348750,-0.235357,0.346477,-0.231377,0.122412,-0.135966,-0.334823,-0.107277,-0.146371,0.325643
0.150317,0.256489,0.183844,0.134879,-0.222046,0.212768,0.214369,-0.230821,-0.116100,-0.259449,-0.137730,-0.240202,-0.250323,0.263640,-0.248851,-0.310605,0.247316,-0.134986,0.342187,-0.145986
0.223126,0.238705,-0.046130,0.073234,0.184291,-0.278788,0.156911,0.245776,0.211121,0.303271,0.088788,0.312912,0.390865,-0.083190,0.118394,0.146526,-0.269890,0.150501,-0.237707,0.315452
0.269105,-0.159895,-0.191725,0.038099,-0.215511,-0.275530,-0.211567,0.274477,0.214119,0.232130,-0.211170,0.282220,-0.141488,-0.241376,0.239967,-0.238958,-0.264300,0.103590,-0.216338,0.277525
-0.119100,-0.283471,0.194019,-0.280220,-0.134640,0.073817,0.263847,-0.283980,0.221650,-0.024011,-0.269935,0.407732,0.095405,-0.043198,-0.003786,0.265880,-0.007211,-0.198378,0.319381,0.321800
0.324515,0.199890,-0.178328,-0.214531,0.229725,-0.318867,0.130973,-0.206384,-0.182307,0.190743,-0.265458,0.335622,-0.156908,0.083752,-0.243865,-0.201006,-0.233783,-0.222768,-0.195266,-0.189910
0.288152,-0.279902,-0.185514,0.104940,-0.224991,0.027970,0.203961,-0.253107,0.117271,-0.189398,-0.272604,-0.113293,0.316853,-0.325997,0.226889,-0.225030,-0.303347,0.007609,-0.237978,-0.204593
0.043386,-0.136279,0.412094,-0.173053,0.201562,0.150227,-0.210872,-0.001556,-0.007207,-0.261005,-0.237535,0.235293,-0.228643,-0.094849,0.252996,-0.307238,-0.199591,0.226341,0.395690,-0.157598
0.181910,0.183266,-0.314348,-0.150347,0.327670,0.318628,-0.259233,-0.174268,-0.306322,0.157669,0.011744,0.121812,-0.067881,0.271159,-0.270519,0.219049,0.347519,0.122429,-0.172514,0.083395
-0.012019,-0.119421,0.199786,-0.028573,-0.321963,0.035344,-0.191754,0.296837,0.260999,-0.118835,0.295684,0.441727,0.271533,-0.020574,0.161086,-0.313294,-0.264151,0.119821,-0.191780,0.176382
-0.333875,0.157223,-0.028187,0.155104,-0.290637,-0.286960,0.278253,0.149100,0.269182,-0.184558,0.256783,-0.278290,0.212163,0.278262,-0.130332,0.298315,-0.218184,0.009701,0.191629,0.098695
0.341260,-0.108712,-0.051177,-0.205734,0.046987,-0.288926,0.267320,0.174905,0.187022,0.158654,0.292722,0.351232,0.393987,-0.211053,0.017324,-0.133992,-0.257791,-0.075083,-0.266029,0.094623
-0.227683,0.271136,0.296640,-0.229289,0.313383,0.183737,0.180242,-0.240881,0.086020,0.025124,-0.069682,0.335959,-0.057464,0.155114,-0.147072,-0.273825,-0.302669,0.031722,-0.259698,0.319083
-0.244296,-0.261064,-0.225120,-0.268930,0.255635,-0.309261,0.207734,0.231913,-0.176790,-0.037931,-0.035469,-0.154480,0.310133,0.200072,-0.263300,0.174940,0.152870,0.319297,-0.144467,-0.226020
-0.143449,0.121583,-0.081782,-0.307478,0.116726,0.091325,-0.086873,0.006557,0.357690,0.360866,0.064171,0.296392,0.245461,-0.339335,-0.088056,-0.203732,0.054681,0.439042,0.245336,-0.055887
-0.404411,-0.077584,-0.169445,0.038753,0.075776,-0.174902,0.261630,-0.335873,-0.003703,0.178152,0.394316,0.350050,-0.117121,0.095082,-0.302868,0.001034,-0.280015,0.108429,0.252473,0.066760
-0.232731,0.235164,0.436164,0.226064,-0.258473,-0.194309,-0.185205,-0.247415,0.243800,0.020629,0.180059,-0.045699,-0.229973,-0.088222,-0.176665,-0.163255,-0.153078,0.262682,-0.273938,0.262160
0.190891,0.092712,0.409522,-0.109950,0.298311,-0.169987,0.278329,-0.159378,0.267790,0.039047,0.288117,0.299330,-0.049745,-0.324738,0.158470,-0.139964,0.208070,0.211320,0.220995,-0.138377
-0.302464,0.049174,-0.200202,-0.132766,0.339054,-0.191812,-0.149935,-0.208026,-0.173565,0.119509,-0.073199,0.326220,-0.195417,0.267718,-0.137408,0.009317,-0.324802,0.182497,0.271086,0.365489
-0.084186,0.272300,0.010810,0.347107,-0.235117,-0.231242,0.092037,0.396596,-0.322012,-0.153210,0.304988,0.067437,-0.161915,0.397408,0.082881,-0.047290,-0.247851,-0.025797,0.178572,0.108091
-0.253524,-0.206722,0.499224,-0.060877,0.244919,0.220319,-0.006888,-0.201016,-0.102693,-0.169705,0.275177,0.301460,0.287666,-0.303554,-0.044538,-0.136002,-0.054500,0.196119,0.116800,0.186228
-0.340011,0.006635,0.067279,-0.373428,0.357930,-0.158520,0.140704,0.007515,-0.242272,0.128925,0.161745,-0.251273,0.031404,0.043426,-0.002016,-0.204346,-0.018625,0.553635,0.161925,0.157952
-0.147997,0.239871,-0.192667,0.146112,0.241646,0.091292,0.108004,-0.254588,-0.235693,-0.208758,-0.204118,0.403034,0.334368,-0.298170,0.221316,0.108622,0.111520,0.109172,0.222943,0.283028
-0.057107,-0.134621,-0.189274,-0.272297,0.254932,-0.318273,-0.098549,0.257718,0.237710,0.009291,-0.275502,0.362717,-0.105712,-0.262572,-0.143624,-0.090425,-0.076148,0.263775,-0.210055,0.365716
0.276408,-0.075585,0.156049,0.430410,-0.184596,-0.201088,0.119549,0.409269,-0.129709,0.167888,-0.110630,-0.321217,0.246201,-0.036100,-0.081774,-0.245410,-0.103709,0.179275,0.271484,0.214745
-0.307168,0.193926,0.134153,-0.026052,0.318702,-0.043892,0.255192,-0.029317,0.004244,0.025257,-0.132753,0.411812,-0.344871,-0.163895,-0.176821,0.285319,-0.292857,-0.281169,0.188101,-0.182602
0.285863,-0.264067,0.234324,-0.256931,-0.195214,0.089583,0.074050,0.206066,-0.031037,0.322745,-0.266955,0.140621,0.271917,-0.252090,0.270955,0.103296,-0.233128,0.223174,-0.242644,0.229731
-0.177901,-0.265094,-0.167722,0.123782,0.197132,0.118060,-0.270237,-0.318336,0.168985,0.182174,-0.219099,0.290968,0.254477,-0.234495,-0.332620,0.168873,-0.264154,0.143908,-0.218454,-0.189576
-0.248135,-0.040601,0.094402,-0.033065,0.184737,0.065604,0.401568,0.228759,0.160494,0.049832,0.072070,-0.261523,0.084226,-0.125861,-0.002939,-0.357921,-0.084426,-0.346434,0.377282,0.390371
0.371464,0.098148,0.117582,-0.280669,0.128502,-0.151664,-0.170803,0.287917,0.244629,0.326546,-0.204810,-0.085151,0.350162,-0.096440,0.017920,-0.175544,-0.250054,0.248941,-0.105622,0.306296
0.079236,0.141327,0.086841,0.366096,0.263475,0.026473,-0.295463,-0.308489,-0.280538,0.145558,0.387660,-0.144366,-0.305972,0.249939,-0.029945,-0.274817,0.158672,0.180777,0.113397,0.073222
0.100326,-0.024345,-0.240880,0.243705,0.006332,-0.003228,-0.304619,0.094641,0.186700,-0.151925,0.255525,0.323084,0.034658,0.051001,0.022637,-0.336069,0.435308,-0.424262,0.176100,-0.157330
-0.124517,0.238039,0.170080,-0.082438,0.243529,-0.308388,0.224893,-0.220698,-0.195531,-0.188522,-0.240324,0.351326,0.347701,0.108804,0.118586,-0.110064,-0.257061,-0.237004,0.248268,-0.201639
-0.247193,-0.018014,0.026519,-0.218536,0.188091,0.068000,0.296040,-0.048241,-0.248045,0.056254,-0.319275,-0.217446,-0.014732,0.183270,0.333038,0.199765,-0.211481,-0.228667,0.342789,0.383520
0.170872,0.301021,-0.176829,-0.172738,0.169627,0.339751,0.050677,0.167087,-0.201459,0.112229,-0.119413,0.280418,0.140657,-0.282667,0.221716,0.268081,0.368742,-0.201133,-0.186720,-0.257522
-0.173932,0.253823,0.488761,-0.188944,-0.075324,-0.103748,0.057514,-0.113440,-0.056657,0.115812,-0.292262,0.308974,-0.072747,-0.201943,0.225419,-0.199878,-0.198291,-0.208530,0.300537,0.301084
0.244776,-0.057458,-0.079164,0.162475,0.292823,-0.158484,-0.381231,0.181248,0.368056,0.140524,0.126270,-0.359055,-0.190231,0.070179,-0.064157,-0.128899,-0.366404,0.028351,0.196764,0.281735
0.299017,0.263044,-0.109398,0.074250,0.265199,-0.227758,0.052285,0.179601,0.246113,0.262708,-0.251806,0.236066,0.335845,-0.222763,0.192314,0.111159,-0.219079,0.140089,-0.247331,0.278301
-0.197892,0.265430,-0.164343,-0.246182,0.244141,-0.024418,0.147985,0.209828,0.207754,0.203175,-0.273988,0.301494,0.293030,-0.281079,-0.237950,-0.206771,0.025891,0.180509,-0.256753,0.250622
0.200927,-0.198033,-0.317182,0.104739,-0.093109,0.232607,0.246610,-0.101280,-0.097031,0.008613,0.447967,0.234833,0.047233,-0.096078,0.133035,0.269550,-0.348389,-0.195106,0.367232,0.116442
0.265398,0.153562,0.223929,-0.222484,-0.187744,-0.220692,-0.311606,-0.195471,0.176526,0.264412,-0.286663,0.355304,-0.130548,-0.308678,-0.279891,-0.163331,-0.188956,0.133936,-0.072607,-0.036489
-0.262273,0.250376,-0.162587,-0.222368,-0.232067,0.276618,0.189778,0.177316,-0.196007,-0.237210,-0.248702,-0.199305,0.195063,-0.219860,0.206984,0.214186,0.288170,-0.017999,0.264064,0.265233
0.322716,0.166892,-0.166842,-0.223536,0.125465,-0.333436,0.107341,-0.129264,0.190210,0.094776,-0.236712,0.359894,0.379833,-0.309306,-0.017947,-0.136118,-0.292753,-0.081903,0.087088,0.213389
0.248618,0.205575,0.166532,-0.212212,0.159722,-0.300796,-0.259647,-0.093617,0.168614,0.324914,-0.073862,0.209801,0.380542,0.086797,0.014601,-0.233750,-0.245139,0.260031,-0.109218,0.317307
0.265002,0.266158,-0.065710,-0.195916,-0.068953,-0.264107,0.168531,0.307337,0.186669,-0.109040,-0.177879,-0.141934,0.322692,-0.274137,0.207937,-0.284623,-0.249702,-0.074829,0.239407,0.302574
-0.271072,-0.307077,0.262196,-0.114324,0.154152,-0.259424,0.383330,0.059464,0.043667,-0.271887,-0.041930,0.210603,-0.177320,-0.061533,-0.123534,0.136698,0.082358,-0.331915,-0.273559,-0.354914
-0.088225,0.157637,-0.201036,-0.301448,-0.239586,-0.306694,0.145740,0.187538,0.240884,0.283209,-0.250567,0.281137,-0.124287,-0.274686,0.113054,-0.198937,-0.215860,0.198020,-0.195770,0.284190
0.203641,0.207520,-0.182389,0.042409,0.293491,-0.141125,-0.077950,0.236265,-0.294065,0.070485,0.165021,0.230277,-0.151900,-0.204492,0.005937,-0.330035,0.242548,0.348125,0.378415,0.209001
0.146300,0.121065,-0.064772,-0.211417,0.129743,0.349266,0.203107,0.197327,0.159740,-0.020865,0.437737,-0.254661,-0.368027,-0.091133,0.096309,0.074364,0.203566,-0.280994,0.257039,0.261912
-0.246578,0.107089,-0.091159,0.116926,0.173290,-0.210444,0.136557,0.152897,-0.191467,0.214012,-0.347290,-0.182542,-0.277276,0.270978,-0.218963,-0.291969,0.318736,0.287055,-0.179544,-0.230835
0.255991,-0.178227,-0.138671,0.072669,0.224595,-0.288844,-0.169633,-0.101774,-0.272952,-0.077399,-0.165357,-0.096211,0.405340,-0.252924,-0.194935,0.038022,-0.300220,0.261783,0.219654,0.336848
0.124834,0.238785,0.013209,0.225697,-0.239379,-0.220287,-0.259483,0.170289,-0.202902,0.172010,-0.265016,-0.216898,-0.151943,-0.269440,-0.223428,-0.280637,-0.248165,0.297871,-0.164891,0.290219
0.399446,0.172356,0.090782,-0.004493,0.289810,-0.152145,0.148929,0.228384,-0.133839,-0.162216,-0.095910,0.354882,0.377067,-0.112703,0.036333,-0.187768,-0.300647,0.337408,-0.201341,0.073494
-0.068437,0.121685,0.247193,0.093982,-0.012361,-0.181264,0.218926,0.029114,-0.236635,0.383095,0.151782,0.390803,-0.230821,-0.346950,0.325891,-0.124195,-0.108690,0.165429,0.216012,0.262946
0.270611,0.247136,0.234530,0.137223,0.231597,0.015143,-0.245686,-0.232654,0.192339,-0.074957,-0.244928,-0.172922,0.310720,-0.286289,-0.298398,-0.204064,-0.020605,0.163816,-0.224788,0.322517
-0.334420,-0.317677,0.337253,0.191649,0.181697,0.041974,0.022675,-0.212420,-0.188699,0.083671,-0.139720,0.205751,0.002299,-0.100732,-0.190408,0.305960,-0.116570,0.166659,0.411327,0.318319
0.320418,-0.225321,-0.182844,-0.261884,0.233548,-0.334482,0.205408,-0.245913,-0.090427,0.240311,-0.246637,-0.162953,-0.130965,-0.264226,0.230702,0.097302,-0.276711,0.162136,-0.201292,-0.170631
0.178799,0.267104,0.253939,0.130127,-0.113030,0.196933,-0.379899,-0.231302,0.077816,-0.179844,-0.312886,0.147445,0.306146,-0.325009,-0.039958,-0.264493,-0.171616,-0.150113,0.181985,-0.227672
0.013119,0.011532,0.590329,-0.361179,0.123426,-0.052238,-0.183083,-0.155252,0.114675,-0.142157,0.325240,0.287212,-0.027799,-0.094489,-0.094186,-0.210520,0.127948,0.311546,-0.036915,0.214140
0.183620,0.219919,0.365213,0.117699,-0.147908,-0.292121,0.196964,-0.268568,-0.184444,0.125710,-0.255400,0.299513,0.309209,-0.212768,-0.121358,-0.293269,-0.127939,-0.206970,-0.201818,-0.078993
0.256890,0.100979,0.150518,0.009551,0.264843,-0.332656,-0.099670,0.068698,-0.010157,-0.026699,0.299356,0.357144,0.480001,-0.099185,0.079663,0.220722,-0.330701,0.118452,0.010316,0.262340
-0.083272,0.198093,0.472037,0.134888,0.244872,0.145339,-0.230936,-0.259294,0.283255,-0.150771,-0.180461,0.297441,-0.131133,-0.263071,-0.220022,0.067079,0.055678,0.262759,0.001878,0.275138
0.193861,0.054803,0.270101,-0.097768,0.219554,0.287544,0.236724,-0.317623,0.104104,-0.214861,-0.160479,-0.377410,0.225416,-0.348771,0.007456,0.042779,0.065289,0.073135,0.418714,0.068025
0.047256,0.238634,0.400121,0.397757,0.239319,-0.047553,0.289174,-0.263168,0.004956,-0.332074,0.156580,-0.102018,0.085972,-0.167406,-0.192541,0.299632,-0.235405,-0.138285,0.025863,0.165534
0.183893,0.038849,-0.101375,0.171040,-0.037373,-0.303801,0.240463,-0.102830,0.118133,0.244890,0.461804,0.282887,0.299063,0.226841,-0.163663,0.053977,-0.201262,-0.373881,-0.080246,-0.196246
0.184654,0.321882,0.201023,0.096050,0.107855,-0.462046,0.147960,-0.147250,0.226426,0.059409,0.188003,0.345274,0.113134,-0.272811,0.080760,0.299842,-0.200174,0.147097,0.210011,0.212471
0.182271,0.123895,0.530929,-0.141839,0.126745,-0.301600,-0.195925,-0.165909,0.229274,-0.008457,0.349663,0.326939,0.112776,-0.075239,0.129056,0.002464,-0.180888,0.223400,0.258823,0.100165
-0.135142,-0.002644,0.514914,0.290725,0.200061,0.226203,-0.200054,0.023617,0.308998,0.244323,-0.285696,-0.237664,-0.203251,0.017212,0.061359,-0.188336,0.132069,-0.099565,0.203722,0.239415
-0.065906,-0.320484,-0.190317,-0.309459,0.219709,-0.269861,0.071297,-0.184920,-0.214174,0.354206,-0.118342,-0.231842,0.297050,0.137185,0.245931,-0.193544,0.194853,-0.197045,-0.117006,0.256931
-0.197126,0.277785,-0.156340,0.165608,-0.239455,-0.285295,0.182858,-0.286968,-0.161481,-0.319532,0.162465,-0.259018,-0.225271,-0.280679,0.261702,-0.300147,0.010306,-0.206586,0.002907,-0.158209
0.261137,-0.270616,0.298516,0.213265,0.340872,-0.193915,-0.151323,-0.087745,-0.017109,-0.269470,-0.199954,0.166767,0.334398,-0.029639,-0.239533,0.245093,-0.255722,0.164359,0.273705,-0.037657
-0.286234,0.292689,0.013831,0.240776,-0.249529,-0.269996,0.152271,-0.248151,-0.274291,-0.027262,-0.290644,-0.179883,0.323022,0.191936,0.253787,0.118166,-0.216727,-0.230007,-0.182488,-0.093659
-0.118388,0.219161,0.055032,0.074313,-0.274824,-0.256637,-0.314542,-0.225383,0.202156,-0.326988,-0.250738,0.163785,-0.093950,0.076429,0.108599,-0.324895,0.272338,-0.160530,-0.242372,0.331803
0.296003,0.173207,0.031447,-0.339604,0.296332,-0.244249,-0.207306,0.101743,0.127981,0.431174,-0.037083,0.076344,0.371850,-0.060339,0.034412,-0.082003,-0.208367,0.246264,0.132661,0.290322
-0.008945,-0.115821,-0.282677,0.037396,0.333147,-0.324552,-0.255086,-0.048234,0.041804,0.262077,0.299262,0.273948,0.329079,0.104368,0.215798,-0.217772,-0.139276,0.168962,0.254624,0.245947
0.158323,-0.051703,0.318054,0.266040,0.032075,-0.119347,0.181099,0.473336,0.359311,-0.000794,0.365310,0.292580,-0.192962,-0.092923,-0.058859,0.225026,0.141861,-0.088967,0.167569,0.154790
0.292286,-0.050237,-0.060623,0.324201,-0.068827,-0.095154,0.168125,-0.219321,-0.143329,-0.111858,0.464066,0.298376,-0.357711,-0.174227,0.374050,-0.018544,-0.078586,-0.245084,0.046173,0.093380
0.148554,-0.116321,0.409568,-0.157718,0.153186,0.338737,0.265159,-0.243520,0.160938,0.203741,-0.262387,-0.195813,0.204431,-0.003638,0.147071,0.302460,-0.276629,0.246876,-0.183973,0.055904
-0.074874,-0.192559,0.430333,0.225966,0.202155,-0.290617,-0.315980,-0.228753,0.309388,-0.036359,0.167345,-0.105232,-0.212981,0.090024,0.271923,-0.205826,-0.330889,-0.060454,0.057636,-0.145651
0.200405,-0.229078,0.235483,0.236175,-0.230816,0.161876,0.297790,0.303103,-0.041417,-0.322665,-0.276668,-0.214443,-0.031625,0.271486,0.248197,0.137071,-0.085100,-0.095620,-0.258709,-0.263307
0.301173,-0.207270,-0.040748,-0.257699,-0.281614,-0.289298,0.174963,-0.096266,-0.176231,-0.105899,-0.314896,-0.179859,0.297690,-0.280928,0.215939,-0.234161,-0.208060,0.171169,0.078079,0.271884
0.010045,0.466347,0.255371,-0.391037,-0.010426,-0.090055,0.223127,0.026887,0.075183,0.296522,0.286278,0.345828,0.210178,-0.252797,-0.092282,-0.124065,0.027105,-0.089170,0.197745,0.175101
-0.342647,-0.132365,-0.069780,0.226399,-0.111339,-0.333995,0.282105,0.192929,0.098106,0.053589,0.299584,-0.325428,0.192865,0.061326,-0.143968,0.290088,-0.216471,0.108360,0.177991,0.352031
0.290426,0.310083,-0.132947,-0.283584,-0.237262,0.009282,-0.195073,-0.178203,0.303445,0.366194,-0.275148,0.270251,0.181398,-0.097391,0.156117,0.197902,0.108460,-0.087375,-0.291171,-0.100947
0.280430,0.162935,0.207760,-0.328619,-0.253617,-0.250439,-0.220974,0.201955,0.212245,0.300705,-0.265723,-0.117554,0.170938,-0.284509,-0.190718,-0.185706,0.159867,-0.023068,-0.222626,0.224552
0.261913,-0.184679,-0.199706,-0.249547,-0.175960,-0.315865,0.117691,0.180305,0.275875,0.328035,-0.281562,-0.179739,0.100126,-0.278448,-0.203964,-0.234419,-0.168950,-0.164858,0.161190,0.238603
-0.102524,0.149802,-0.075197,0.066166,0.395601,-0.266131,0.184991,0.000508,-0.050321,0.335500,0.290095,0.394199,0.299249,-0.206047,-0.178582,-0.129111,0.204094,-0.017475,0.200741,0.279294
-0.274253,0.156073,0.365802,-0.121496,-0.150568,0.230468,-0.283388,-0.305927,0.312172,-0.195714,-0.206192,-0.258631,0.106321,-0.138077,-0.238517,-0.220310,-0.108890,-0.162373,0.238993,-0.160848
0.270677,0.113345,-0.055404,-0.205936,0.226463,-0.246710,0.151513,0.288526,-0.064546,0.294791,0.054912,0.336411,0.365668,-0.187738,0.195165,-0.163356,-0.309321,-0.144459,0.093487,0.289440
-0.288203,-0.195476,0.066792,-0.221753,-0.030255,-0.270709,-0.247371,-0.272082,0.277090,-0.255274,-0.293692,0.265769,-0.164456,-0.152941,0.233010,0.218260,-0.125365,-0.040459,-0.226666,0.309423
