0.266807,0.283520,-0.309904,-0.070492,-0.052454,-0.031204,-0.229443,-0.130452,0.250148,0.007462,0.421662,0.355876,-0.055929,0.069409,0.103554,-0.204200,0.351342,-0.146462,0.318119,-0.022339
-0.169595,-0.210045,-0.221620,-0.244699,0.304509,-0.312395,-0.267715,-0.197526,0.296247,-0.008589,-0.232209,-0.043305,-0.160152,0.146003,0.182160,-0.274949,-0.178848,-0.256869,-0.231979,0.256831
0.274378,0.235520,-0.217978,-0.070686,-0.251983,-0.333867,-0.194362,0.042788,-0.141921,-0.060141,0.243509,0.261257,-0.114546,-0.252761,0.141346,-0.313373,0.292953,-0.277015,-0.085252,0.292985
-0.224460,0.240176,0.150947,-0.207138,0.212216,-0.339750,-0.253906,-0.206540,-0.159999,-0.212370,-0.245215,-0.079599,-0.187658,-0.228560,-0.232167,-0.291304,0.253793,-0.229005,-0.241815,-0.141204
-0.000163,-0.000907,0.289875,0.293019,-0.294709,-0.307066,-0.038609,-0.079252,-0.108718,-0.267948,-0.177991,0.075972,0.335161,-0.074270,0.222421,-0.362354,0.122985,-0.267135,-0.314483,0.190061
0.057112,0.077676,-0.312588,0.269971,0.269233,-0.261434,-0.133212,0.080053,0.184468,-0.045907,-0.082378,0.275012,-0.224884,0.339051,-0.226078,0.153588,0.450990,-0.023282,0.267792,0.143842
-0.075600,0.210060,0.037589,0.176021,-0.211433,-0.358025,-0.345514,-0.125101,0.291006,0.031318,0.006188,-0.220266,0.234651,-0.221620,0.313062,-0.259790,0.238096,-0.314291,0.107550,-0.197269
0.310415,0.160488,-0.171905,0.349982,-0.331052,-0.211134,0.122528,-0.148176,0.229757,0.300322,0.069082,0.082499,0.366882,-0.141936,-0.075209,-0.178717,-0.354385,0.003804,-0.234176,-0.085784
0.258543,0.036440,0.011197,-0.019585,-0.335936,-0.230636,0.083822,0.194822,0.294254,0.273591,0.407349,0.249050,-0.079583,0.195788,-0.142965,-0.334554,0.339546,-0.025586,0.157364,-0.114686
0.230700,0.352728,-0.274943,0.152425,-0.040676,-0.004031,0.182633,0.000146,-0.191756,-0.018901,0.460550,-0.128706,0.191562,-0.358015,-0.257440,0.094353,0.259705,0.223955,0.167579,0.192287
0.259707,0.115935,0.429683,-0.190959,-0.249850,-0.243291,0.259846,-0.116714,-0.052637,-0.266082,0.111768,0.344964,0.063439,0.312384,-0.225859,0.138702,-0.113218,-0.286514,-0.143293,-0.053833
0.233519,0.071266,0.176583,0.197921,-0.008650,-0.135619,-0.052176,0.102864,0.429809,-0.020510,0.441773,0.424233,0.030943,0.305419,-0.032991,-0.318274,-0.004405,0.054372,0.094144,0.263644
-0.204236,0.241710,-0.007923,-0.238640,0.142271,-0.367158,-0.245252,0.244476,-0.164726,-0.193891,0.107123,0.232156,0.272729,-0.317267,-0.193601,-0.279495,0.338565,0.020240,0.170100,0.056392
0.311350,0.124203,0.000497,0.369351,0.054417,-0.313640,-0.290045,0.070211,-0.164218,-0.092243,-0.325921,-0.309420,-0.087605,0.176093,-0.142590,-0.236091,-0.197405,0.232360,-0.066455,0.333549
0.171984,0.381058,-0.249590,0.144660,-0.106121,-0.022819,0.041019,0.222078,-0.151013,0.065837,0.399121,0.254712,-0.047312,-0.290924,-0.230226,-0.136094,0.285809,0.026452,-0.361623,-0.237356
0.293504,-0.289133,-0.169357,-0.213721,-0.207793,-0.263205,-0.203669,-0.153723,0.298907,0.092538,-0.204221,0.203756,-0.015860,-0.137977,0.296318,-0.269211,0.237004,-0.311573,0.119807,0.223675
0.307909,-0.211222,0.185290,-0.342203,0.184222,-0.283218,0.174511,0.295314,0.101665,-0.186349,0.075123,0.005859,0.191253,0.180562,-0.228982,-0.261029,0.252170,0.164603,0.297168,0.240510
0.251148,-0.164007,0.369020,-0.211156,-0.278915,-0.214634,0.112219,-0.084906,-0.214811,0.010812,0.287355,-0.201781,0.191862,-0.145309,0.110829,-0.084476,-0.248774,0.438854,-0.266544,0.114798
-0.068190,-0.220555,-0.064652,-0.260305,-0.262110,-0.078065,-0.297378,0.246727,0.264231,-0.247104,-0.335285,-0.283479,0.003602,0.260414,0.263425,0.076665,0.254459,-0.091074,-0.274978,-0.187757
-0.200783,0.202758,0.422349,0.227953,0.202198,0.193769,-0.236394,-0.062598,-0.165935,-0.252041,0.059188,0.077325,0.189575,0.173516,0.189368,-0.258461,0.227518,0.279971,-0.232720,0.310557
0.146969,0.240659,0.093258,-0.234882,0.261038,-0.297656,0.053088,-0.231412,0.209227,0.103305,-0.287308,0.258314,0.245493,-0.262669,0.206597,-0.282973,-0.204056,0.291345,0.247118,-0.013466
-0.245650,-0.165132,-0.102156,0.261948,-0.272472,0.142793,0.095686,-0.303494,-0.235277,0.186402,-0.306243,0.245110,0.288637,-0.269792,0.212100,0.151318,-0.226519,-0.230488,0.203629,-0.153598
0.188998,-0.154484,0.363268,-0.200650,0.058057,-0.039331,-0.149591,-0.067231,0.226115,0.073960,-0.245662,-0.325851,0.123734,0.346669,0.185226,-0.379502,-0.034838,-0.233611,0.065263,0.373339
-0.223868,0.212956,-0.167410,-0.252226,-0.168977,0.297415,-0.240852,-0.190319,-0.224747,0.106774,-0.282168,-0.266844,0.116237,-0.240723,0.233274,0.176621,-0.154713,0.287243,-0.232329,0.267249
0.188322,-0.139641,-0.329050,0.184093,-0.176620,-0.124502,-0.245190,-0.424446,-0.303300,-0.179704,0.019124,0.215587,0.060648,0.199959,-0.065191,0.116674,0.375399,0.270802,0.252730,-0.071555
0.248609,0.159944,0.543044,0.260206,-0.197373,-0.279889,-0.223629,-0.148495,-0.235384,0.159212,-0.064777,-0.192375,-0.077190,0.216373,-0.227199,0.183997,-0.128092,-0.249476,-0.131905,0.066337
-0.131671,0.181981,-0.111955,-0.198811,0.004028,-0.099726,0.170729,-0.081496,-0.272298,0.280231,-0.282675,0.266614,0.247839,-0.185800,-0.330545,0.257210,0.399574,0.251110,0.063371,0.223553
0.009397,-0.198099,-0.188409,-0.252627,-0.251331,-0.221791,-0.232657,0.276064,0.290701,-0.129222,0.175620,0.038759,0.215955,-0.202194,-0.275278,-0.273810,0.292519,-0.291377,-0.216300,-0.171984
0.240874,-0.217366,-0.014328,-0.084273,-0.224752,-0.348271,-0.259165,0.111573,0.192689,-0.203961,0.049022,-0.208290,-0.152465,-0.256507,-0.229498,-0.314916,-0.219741,0.120996,-0.395065,-0.227161
0.261173,-0.248008,-0.202822,0.220121,0.217281,-0.040852,-0.294206,0.057620,-0.006119,-0.211663,-0.270895,0.286618,0.349724,-0.272188,0.212339,0.059835,-0.212859,-0.273539,0.188756,-0.201839
-0.062147,0.236736,-0.203306,0.238203,0.243105,0.252446,0.219024,0.273555,-0.154120,-0.293670,0.026060,-0.272238,-0.138424,0.218101,0.188858,-0.293591,0.217105,0.290761,0.215278,-0.212100
-0.122378,0.227192,0.444961,0.105465,0.281667,-0.036571,0.194999,-0.104020,-0.164395,0.033152,0.328292,-0.228144,0.009370,0.166707,-0.021612,0.226580,0.051476,-0.196895,0.274025,0.458948
-0.147463,-0.034582,0.095925,0.282082,-0.001106,0.394700,0.297908,-0.266714,-0.302875,-0.237983,-0.289230,-0.145050,-0.274741,-0.128573,-0.252464,0.214100,-0.098171,0.267668,0.028069,0.189439
0.263993,-0.183878,-0.161939,0.000778,-0.172263,-0.328923,0.177025,0.163562,-0.021944,0.211679,0.151847,-0.144681,0.316729,-0.230277,-0.316898,-0.320325,0.252490,-0.242311,-0.222194,0.238375
0.144454,0.242174,-0.183138,-0.188984,0.181852,-0.324979,-0.294624,0.115030,0.297763,-0.081145,0.164866,0.244582,0.222986,-0.277495,-0.275620,-0.266165,-0.047074,-0.271833,-0.195443,0.205968
-0.242307,0.273567,-0.183446,0.256050,0.250550,-0.198659,0.122866,-0.235059,-0.240853,0.236443,-0.278460,-0.218278,-0.205298,-0.225637,0.238918,-0.006274,-0.110248,-0.257167,-0.274914,-0.226929
0.169639,-0.148827,-0.251932,-0.133973,0.049727,-0.364548,-0.252922,0.312729,0.341720,-0.251682,0.230504,-0.163642,-0.114912,0.076656,0.195993,0.059301,0.348059,-0.238688,-0.182169,-0.195390
-0.163769,0.240553,-0.187564,-0.257441,0.243147,-0.278451,-0.270091,0.187458,-0.203959,-0.242308,-0.314632,0.229294,0.068934,-0.233510,0.237680,0.058733,0.175929,0.293652,0.190703,-0.210857
-0.046792,0.343611,0.096504,-0.056956,0.342521,-0.443069,0.031648,0.225170,0.055246,-0.289403,0.413641,0.136037,0.059069,-0.131620,-0.333048,-0.104151,0.018047,0.096347,-0.236243,0.132059
-0.196399,0.199519,-0.016531,-0.280677,0.222909,0.174462,-0.285332,-0.288777,0.193381,-0.258191,-0.318846,-0.209289,0.284213,0.285962,-0.102262,-0.317708,-0.116205,-0.224398,-0.084589,-0.056124
0.086151,0.016608,-0.281545,-0.262963,0.027426,-0.339232,-0.096366,-0.036141,0.309120,-0.215691,0.325076,-0.140867,-0.205279,0.036427,-0.198247,-0.009410,0.333767,-0.274827,0.187315,0.380779
0.252186,0.211089,-0.156268,-0.255598,0.203179,-0.331426,0.157867,0.310610,-0.167437,0.241657,-0.075912,-0.228397,0.034956,-0.246145,-0.036809,-0.312103,-0.154103,0.121880,0.174069,0.394630
-0.326908,0.230716,-0.269655,0.367957,0.190369,-0.066924,0.322445,-0.191877,-0.324535,0.094819,-0.158526,0.277912,-0.084295,-0.009934,0.056294,-0.254985,-0.029569,-0.140962,-0.234675,0.287057
0.248547,-0.223800,-0.205126,-0.243719,-0.239481,0.091224,-0.311720,-0.162548,0.220007,0.264272,-0.110423,-0.145747,-0.058033,-0.265699,-0.237509,0.136244,-0.235427,-0.277522,-0.342204,0.217338
-0.193868,0.269162,0.044613,-0.225161,-0.284664,-0.294032,0.177449,-0.229188,-0.237888,-0.206971,-0.115642,-0.184403,-0.144883,-0.313275,-0.238252,0.138356,-0.216850,-0.277976,-0.255690,0.232939
0.146301,-0.145325,-0.034206,0.123867,-0.294539,-0.262461,0.338475,0.294956,-0.171532,-0.347960,-0.075463,0.305563,-0.055667,-0.312377,0.294582,-0.077584,-0.133137,-0.196087,0.058826,-0.284755
0.236253,0.134521,-0.200050,-0.307195,-0.394300,0.163515,0.231029,-0.204769,-0.089846,0.238202,0.063300,0.036878,0.047729,0.348761,-0.115754,0.333734,0.106020,-0.238687,0.306523,0.182066
0.218186,0.270572,0.387574,0.162493,0.263899,-0.289924,-0.207553,-0.019513,-0.259130,-0.228676,-0.241975,0.343343,-0.124536,-0.057430,0.068419,0.182245,0.290219,-0.088626,-0.213483,0.123185
-0.305752,-0.052237,-0.201709,0.202454,-0.151425,0.221076,0.133394,0.023575,-0.151627,-0.058789,0.428763,-0.123556,0.124131,-0.228148,0.182734,0.214199,-0.260492,0.222574,0.183192,0.456861
0.029736,-0.064749,-0.197447,-0.024535,-0.037144,-0.436085,0.154627,-0.248179,0.268078,0.236854,-0.242063,0.302295,-0.214333,-0.040657,-0.182243,-0.215425,0.399939,-0.227130,0.090241,-0.231186
-0.192919,0.228663,0.144299,-0.217017,-0.290698,-0.287131,0.127716,-0.224516,-0.193429,-0.310180,-0.168306,-0.246476,-0.162496,0.264297,0.041024,-0.242833,-0.196783,-0.202623,0.219518,0.318321
-0.252182,0.272280,0.129085,-0.252683,0.253104,-0.242964,0.202511,0.237193,0.276435,0.203081,-0.011942,-0.035486,0.126281,0.267646,-0.241639,0.042607,-0.204300,-0.234707,-0.253009,0.365659
-0.198645,0.112757,0.275822,0.291648,-0.109677,-0.281150,-0.289789,0.176370,-0.011223,-0.180203,0.203583,-0.316053,-0.242247,0.237990,-0.038289,-0.238355,-0.070532,0.285678,-0.225015,0.309478
-0.173397,0.309928,0.005423,0.288823,-0.311685,-0.269090,0.028194,0.245753,0.107416,-0.132234,0.425353,0.211453,-0.064052,0.210206,0.307993,0.119611,-0.172693,0.044749,-0.072438,0.332406
-0.007995,0.189920,0.451234,0.220910,0.199546,-0.216124,-0.264634,0.056755,0.253669,-0.193375,-0.090511,0.236658,-0.178312,0.256842,0.297437,-0.209866,-0.194945,0.248062,-0.236222,-0.010813
0.272438,-0.109916,0.428990,0.209863,0.042797,-0.166874,-0.326257,-0.128426,0.177284,-0.063980,0.293795,0.287928,0.125727,-0.033960,-0.188081,-0.167154,0.240842,0.062522,-0.336363,0.270066
0.327765,0.224545,-0.080139,-0.159967,0.332726,0.007337,-0.278929,-0.300078,-0.284656,0.056763,-0.210758,-0.040109,-0.218019,-0.257788,-0.064141,-0.405689,-0.091178,0.090006,0.218236,-0.233505
0.026330,0.370476,-0.302432,0.276329,0.042748,0.314148,-0.127391,-0.053371,0.250006,-0.289573,-0.118929,0.207188,-0.250102,0.227831,-0.000310,-0.355199,-0.035038,-0.140083,-0.086635,-0.319734
0.353773,0.096477,-0.080908,0.344808,0.194444,-0.195583,0.126070,0.254590,0.414739,0.081419,-0.140432,0.306463,-0.057571,-0.094379,-0.059663,-0.284336,0.199199,-0.183348,0.237550,-0.254350
-0.210367,0.063938,0.382535,0.157046,0.026401,-0.085026,0.338213,-0.250294,0.204666,0.241931,0.359799,0.200802,0.002250,-0.124551,-0.038790,-0.174388,0.335882,0.315596,-0.091608,0.239290
0.268244,0.267708,-0.138504,0.241074,-0.237089,-0.358426,0.157336,0.010016,0.062093,-0.168074,0.161042,-0.148758,0.321033,-0.267165,-0.249956,-0.234678,-0.202420,-0.150541,-0.276241,-0.239660
0.147846,0.216810,-0.316420,0.037708,0.165907,-0.087018,-0.049297,0.288903,0.369748,0.000321,0.306819,0.302860,-0.241539,-0.093015,-0.186913,0.104216,0.316267,-0.223703,-0.092761,0.338467
0.204674,-0.016589,-0.182982,-0.005586,-0.290750,-0.394054,-0.175787,0.252449,-0.088473,0.051510,0.499282,-0.192595,-0.294311,0.127164,-0.110982,-0.175188,-0.087249,-0.120514,0.118188,0.333340
0.050460,0.382276,-0.047993,0.395781,0.218924,0.116831,-0.254199,-0.361003,0.060064,0.051858,-0.079757,-0.157792,0.268830,0.065771,-0.010595,0.118200,0.094282,0.333294,0.130774,0.412970
-0.152809,-0.218889,-0.004962,-0.231069,0.266198,-0.359577,-0.249455,0.217670,0.260117,-0.139200,0.117606,0.242258,0.004259,0.148357,0.205830,-0.267279,0.327339,-0.251249,0.190007,0.252558
0.273373,-0.213201,0.064129,-0.208773,-0.264607,0.010173,-0.246033,0.157302,0.166886,-0.199327,-0.116712,-0.229423,0.286886,-0.312114,-0.251888,-0.245127,0.224798,-0.238401,-0.247146,0.266786
-0.035050,0.093393,-0.104754,0.248723,0.182852,-0.116506,0.372498,-0.250284,-0.316470,-0.263905,-0.108499,0.349819,0.177898,-0.247352,-0.305426,0.214133,0.033639,-0.304716,0.192427,-0.043384
-0.206169,0.212554,0.128245,-0.235353,0.013053,-0.384243,0.252239,0.311465,0.405453,0.164830,-0.212982,-0.123616,-0.013220,0.049240,-0.098021,-0.307044,-0.182407,-0.047586,0.284402,-0.238582
-0.066687,-0.203736,-0.291630,0.298700,-0.389339,-0.065161,0.127095,0.234785,0.030125,0.077612,-0.001051,-0.348214,-0.255994,0.369732,0.242630,0.013952,-0.033062,0.195196,-0.128852,0.327697
-0.208075,0.201964,-0.252686,-0.163200,-0.105168,-0.374579,0.322976,0.246397,-0.036391,-0.195221,0.365176,0.391098,0.104515,0.219947,0.012821,0.035189,0.298929,-0.082730,0.097997,-0.129541
-0.267688,-0.194617,-0.079035,-0.269652,-0.285857,-0.362911,-0.287551,-0.247278,-0.235401,-0.226356,0.021810,-0.248941,-0.161191,-0.213523,-0.261442,0.069054,0.026223,0.202152,-0.236814,-0.206955
0.307976,0.114677,-0.077646,0.330770,0.217444,-0.345000,-0.075901,0.035128,-0.256221,-0.324676,-0.184910,0.117623,0.075535,0.156225,-0.305401,-0.157108,0.249063,-0.251805,0.285575,-0.170630
-0.126030,0.262311,0.124040,0.184487,-0.237011,0.367921,0.246127,-0.270675,0.124083,0.243825,-0.107266,-0.165642,0.259958,-0.123612,-0.304993,0.234595,0.144986,-0.178738,-0.209827,-0.314332
-0.143144,0.105892,0.003984,0.197710,0.146952,-0.239033,0.300876,0.230007,-0.031726,-0.194683,0.189179,0.298714,0.317469,0.331621,-0.041007,-0.284427,-0.201673,0.156176,-0.339298,-0.263779
-0.372919,-0.241894,0.234026,0.130841,-0.083056,0.403105,-0.221479,-0.024796,-0.001350,-0.305347,-0.006964,0.300130,-0.117679,0.110942,-0.066246,-0.075532,0.270915,-0.192607,-0.241980,-0.350442
0.294749,0.125611,-0.212197,-0.291896,-0.096419,-0.362717,-0.194319,-0.160633,-0.178835,-0.002538,0.123237,-0.111577,-0.201583,-0.256318,-0.145604,-0.322764,0.337980,-0.273351,0.095341,0.270765
0.214368,-0.277488,-0.062911,0.195441,0.204749,-0.290834,0.158186,-0.208284,-0.225949,-0.233845,-0.305773,0.244885,-0.165418,0.157143,0.290096,0.102931,0.334444,0.170259,-0.230246,0.200292
0.206489,-0.243023,0.003815,0.219893,0.040707,0.260584,0.051527,0.238400,-0.348428,0.122773,0.166092,0.383246,0.003968,0.039361,0.038807,0.294808,-0.291776,-0.083012,-0.297403,0.373482
-0.029577,0.341443,-0.223572,-0.224402,-0.194766,-0.282696,0.130350,0.229588,0.275265,-0.049882,-0.092660,0.239403,0.060352,-0.228414,0.202872,0.152186,0.336699,-0.330365,0.255649,0.206140
-0.244398,0.175679,-0.095933,-0.266402,0.211082,0.278870,-0.247125,0.161376,0.237901,-0.223283,0.017809,0.214627,-0.269144,-0.286239,-0.265561,0.084523,-0.227937,0.294798,-0.216091,-0.222189
-0.254863,0.234701,-0.105224,-0.150975,-0.053476,-0.346599,0.223147,0.239067,0.323902,0.031022,0.266220,0.271742,0.095017,-0.266775,-0.124768,-0.271904,0.352754,-0.254140,-0.073640,0.037746
0.159517,0.168367,-0.191044,-0.124519,-0.243339,-0.351507,-0.255153,-0.059150,0.353438,-0.185043,0.345893,0.273215,0.011296,0.163349,-0.145181,-0.278579,0.305271,-0.022844,0.247791,-0.093688
0.043026,-0.034084,-0.085198,-0.184854,-0.138336,-0.279791,-0.085589,0.301639,0.351282,0.085392,0.367813,-0.157230,-0.108006,0.172935,0.233086,-0.285035,0.285556,-0.160411,0.243311,0.354271
-0.219882,0.335711,0.311500,0.130180,0.207999,0.147275,0.140470,-0.025101,-0.230183,-0.279836,-0.156055,0.137053,-0.007758,0.014064,0.168082,-0.083707,0.252990,0.368750,0.357872,-0.318836
0.038596,0.029499,0.168177,-0.226354,-0.285836,-0.323057,-0.230847,0.213764,0.261476,0.299306,-0.209070,-0.148234,-0.179486,0.184637,-0.184450,-0.248793,0.302730,-0.237226,-0.197986,0.245121
0.312641,0.072916,0.384451,-0.180392,0.026326,-0.211325,0.021999,0.113126,0.470325,-0.117737,-0.116772,0.179929,0.059581,0.229520,-0.156809,-0.267510,0.267149,0.249710,-0.166752,-0.250946
-0.144317,0.164499,0.218335,-0.020745,-0.266538,-0.124375,0.284104,-0.292861,0.132794,-0.434224,0.030659,0.009880,-0.366517,-0.202746,-0.036325,-0.201527,0.388860,-0.128444,-0.093133,-0.223691
0.279929,0.192159,0.007456,-0.213735,0.223432,-0.155921,-0.252724,-0.214998,0.221301,-0.256525,-0.292980,0.170236,0.190179,-0.192072,-0.215583,-0.300117,-0.223919,0.288177,-0.254226,-0.132782
-0.057769,-0.207517,-0.192034,0.266986,-0.119450,-0.392156,0.146871,0.366240,0.065128,-0.213528,0.363335,0.341830,0.146493,-0.117657,0.044431,-0.036920,-0.327228,-0.139020,0.141212,-0.194939
0.290570,0.185574,-0.202518,0.211792,0.213815,0.264088,-0.266232,0.208263,-0.147416,-0.246232,0.050618,-0.266446,0.209781,0.240428,-0.244229,0.234447,0.260062,-0.076663,-0.229214,-0.259145
-0.182442,0.229096,-0.244411,-0.073809,-0.209004,-0.328794,-0.218569,-0.175029,0.253393,0.235613,0.304163,0.276370,-0.140653,0.014531,-0.163928,-0.249312,-0.045903,-0.262419,0.163800,0.351293
-0.223799,0.194213,-0.281784,-0.233797,0.052474,-0.527252,-0.131353,0.013756,0.129665,0.072619,0.371320,0.298684,0.057303,0.034490,-0.093444,-0.242099,0.271850,0.036968,-0.052527,0.284464
-0.170272,-0.223480,-0.169691,0.200423,0.240987,-0.291254,-0.236967,0.173410,-0.204215,0.259180,-0.237599,-0.178296,0.322262,0.157372,-0.228047,-0.274925,0.242421,0.145142,-0.228940,-0.193379
-0.036734,-0.253411,0.284143,0.259509,-0.057870,0.347719,-0.222836,-0.160208,0.086085,0.305894,-0.181630,-0.156120,0.006100,-0.358831,-0.037367,0.350253,0.304480,-0.203555,0.001747,0.203497
0.280973,-0.249202,-0.205662,0.242741,0.270541,0.077498,-0.310631,0.162206,-0.259316,-0.236187,-0.113366,0.090407,-0.124103,0.238639,-0.281643,0.001252,0.314752,-0.243777,0.234998,-0.215136
0.304138,0.221700,0.243197,0.107314,0.162815,0.064620,-0.261735,0.271914,-0.200814,0.193512,-0.228970,0.079854,-0.196667,0.276842,-0.059515,-0.359322,0.325716,-0.237355,-0.236649,0.107608
0.389601,0.052161,-0.216887,-0.092404,-0.049378,-0.068628,-0.097231,0.144727,-0.069624,-0.403412,-0.298395,-0.146612,-0.115266,-0.282021,-0.142318,-0.287676,-0.075773,0.410418,-0.001440,0.322832
-0.215104,-0.204104,-0.058605,-0.272893,0.217514,-0.322145,-0.295521,0.095766,-0.243602,-0.089055,-0.315159,-0.171152,-0.004333,0.203223,0.185129,0.057962,0.279827,0.263746,0.150886,0.375634
0.197011,0.102478,-0.017020,0.200125,0.105897,-0.275145,-0.168422,0.115506,0.379359,0.011058,0.467315,0.354797,-0.044078,0.115011,-0.208768,-0.135736,-0.284694,-0.128229,0.091166,0.332318
0.281329,-0.107196,0.507761,0.241993,-0.045462,-0.224189,-0.212840,-0.228181,-0.005307,0.170757,-0.093251,0.249816,-0.108436,-0.141203,-0.268178,-0.254653,0.239755,0.271118,-0.129313,-0.163777
0.211595,0.158397,0.128953,0.107556,0.283718,0.155299,-0.178326,-0.189991,-0.178182,0.094409,0.490258,0.306970,0.005030,0.347185,-0.047374,0.372481,-0.057671,-0.194315,-0.193156,-0.119340
-0.120619,-0.016618,-0.084798,0.001687,-0.325013,-0.408057,0.320485,0.069612,-0.212477,0.232528,-0.218488,0.458843,-0.088577,-0.174334,0.262679,0.121373,-0.209456,-0.110992,0.111548,0.224026
0.148913,0.339506,-0.063636,0.393282,-0.077356,-0.084460,-0.158674,-0.250458,-0.100008,0.023377,-0.103604,0.233053,0.061528,0.132704,0.271962,0.036423,0.408797,0.185002,-0.343888,-0.333069
-0.089965,0.140390,-0.326735,0.266443,0.021417,-0.166956,0.020291,0.076717,0.356695,0.285049,0.472998,0.296909,-0.077307,0.037485,0.175603,-0.188198,0.231177,-0.018993,0.215219,0.256308
0.251872,-0.001071,0.494361,0.233174,0.217773,-0.167305,-0.156979,-0.253384,-0.240248,0.120504,-0.243805,0.296952,-0.110806,0.093518,0.135469,-0.297422,-0.203061,0.045174,-0.169026,0.232363
0.230962,0.182414,0.479877,0.151242,-0.095463,-0.052182,-0.207822,0.205717,0.310708,-0.010433,-0.160076,0.233156,-0.239966,-0.147170,-0.179512,-0.214511,-0.152607,0.220270,-0.252335,0.305423
0.285115,-0.026190,0.272109,-0.224069,-0.295705,-0.332768,0.123635,-0.167316,-0.112881,0.248823,0.023705,-0.172756,0.158409,0.199583,0.225151,-0.237545,-0.160819,-0.314536,-0.342383,-0.182171
-0.186035,-0.204702,0.387887,0.177305,0.196864,-0.221188,-0.226972,0.171158,-0.184493,-0.228396,-0.304966,0.154919,-0.186311,-0.211479,-0.205649,-0.259200,-0.160573,0.296582,-0.220351,-0.136701
0.343448,0.145058,-0.421278,0.266269,0.065380,0.076190,-0.264065,-0.103816,-0.103505,-0.036541,-0.119072,-0.233884,-0.263600,0.310709,-0.094026,-0.180116,-0.130856,0.335819,0.067726,0.315149
0.283440,0.242615,-0.116008,-0.154912,-0.292739,-0.187932,-0.263326,-0.241827,-0.232920,-0.211353,0.086009,0.255531,-0.177309,0.205199,0.180321,-0.311561,-0.272469,-0.204688,-0.262444,-0.121444
-0.081985,0.232769,-0.048978,-0.175692,0.250861,-0.260667,0.164858,0.206615,-0.009477,-0.307636,-0.343344,0.271309,0.240535,-0.173344,0.125784,-0.300106,0.261594,0.256017,-0.259858,-0.153517
0.170333,-0.046712,-0.013905,-0.192035,-0.041849,-0.403708,-0.304998,-0.152712,0.392706,0.076182,0.002828,0.276048,-0.119366,-0.213714,-0.140447,-0.269493,0.246380,-0.134404,0.127501,0.408813
-0.242971,0.054498,0.064827,0.180103,-0.107640,-0.253653,-0.219076,-0.138825,0.360602,0.376153,0.084329,0.144636,-0.030150,0.087394,-0.189683,-0.187607,0.358143,-0.074703,0.347981,0.352060
-0.071746,0.028850,0.092984,-0.147120,-0.034066,-0.096380,0.340390,0.008225,0.162351,-0.029143,0.762615,0.333941,0.097961,0.120524,-0.005169,-0.109515,0.203573,0.024743,-0.039008,-0.193194
0.324463,0.147918,0.650746,0.277186,-0.032211,-0.155938,-0.072495,-0.175610,-0.190971,-0.088557,0.266468,0.025752,0.196028,-0.094663,-0.236723,-0.133207,0.214364,-0.068845,0.106132,-0.109480
-0.274351,-0.247722,-0.058410,-0.175677,0.324937,0.398153,-0.257350,-0.163901,-0.235023,0.093021,0.008190,0.221541,0.312963,0.250787,-0.212480,0.151653,-0.113577,0.264515,-0.196356,-0.091885
0.002700,0.042461,0.459412,-0.230524,0.161578,-0.257817,0.067354,0.148610,0.261373,-0.159299,-0.260590,-0.192394,-0.281420,-0.232426,0.100570,-0.280167,-0.202365,-0.114631,-0.260237,0.269321
-0.051602,-0.200924,-0.039847,0.268153,0.235520,0.121258,-0.294431,-0.192532,-0.079748,0.122136,-0.312193,0.245124,0.248785,0.289844,-0.269957,-0.290535,-0.206808,0.284726,-0.275375,-0.088620
0.273372,0.112736,-0.077412,-0.307312,-0.201555,-0.326539,-0.038250,0.253166,0.259095,-0.142631,-0.203862,-0.192333,-0.182060,-0.210983,-0.189970,-0.334331,0.094471,-0.224248,-0.335651,-0.189452
0.335276,0.042509,-0.119346,0.252950,-0.044157,-0.159506,0.277541,-0.122514,0.323275,0.150414,0.298839,0.353077,-0.218563,0.085861,-0.161150,-0.053605,0.236806,-0.360920,0.024341,0.275877
-0.178887,0.298168,0.109187,0.367244,-0.278267,-0.265821,-0.250953,-0.226769,0.233289,0.168181,0.021318,0.042793,0.296850,-0.062307,0.086422,0.089262,-0.343337,-0.303251,0.146495,-0.214654
-0.161334,0.232376,-0.077349,-0.288621,-0.204945,-0.296489,-0.234693,0.280937,-0.135125,-0.211322,0.196705,-0.155520,0.343755,0.260958,-0.234910,-0.271735,-0.185991,-0.263898,-0.091883,-0.114068
-0.153093,-0.211569,-0.170802,0.058028,-0.254813,-0.308371,-0.273498,-0.101135,-0.072187,-0.188044,-0.231291,-0.210140,0.277981,0.226155,0.101582,-0.284159,0.350793,0.138040,-0.359346,-0.158928
0.259065,0.169482,-0.147015,-0.218758,-0.201339,-0.246488,-0.314094,0.153618,0.266963,0.206911,-0.215892,0.074754,0.216447,-0.208933,-0.209211,-0.304095,0.216262,-0.281894,-0.222294,-0.206090
0.253071,0.059491,0.010746,-0.314078,0.042729,-0.225108,0.033121,0.037183,-0.276217,0.027536,0.514362,-0.144582,0.073360,0.077867,-0.172883,-0.138254,0.296076,-0.318878,-0.238385,0.330955
0.248249,-0.266923,0.404126,-0.170429,0.273826,0.287299,-0.153318,0.179426,-0.198596,0.174261,-0.191719,-0.211498,-0.231209,0.123441,-0.249178,0.005904,-0.203036,0.287221,-0.004664,0.235972
0.118971,0.171190,-0.114609,0.178916,0.257480,-0.335128,-0.242459,0.221090,0.367147,0.051572,0.376402,0.264013,-0.132230,0.220400,-0.060605,0.183749,-0.108369,-0.134969,0.063367,0.372570
0.373356,-0.246102,0.106306,0.278892,0.270621,0.163915,0.222070,0.217938,-0.192825,-0.279256,0.093915,-0.211483,0.176548,-0.187056,-0.284097,0.213440,-0.298100,-0.231449,0.080164,-0.063608
