0.244669,0.331352,-0.031455,0.332007,0.045079,-0.174216,0.291661,-0.043005,0.268902,0.228639,-0.120117,0.369445,0.316476,-0.070052,0.188109,0.017006,-0.348706,0.191653,0.097292,-0.125676
0.265205,-0.053652,-0.142831,0.162168,-0.317748,-0.268308,-0.162686,0.177154,0.198396,0.265424,-0.296725,0.236187,0.266947,-0.332100,0.258872,0.173798,0.175153,-0.073738,-0.212529,0.188652
-0.175943,0.373313,-0.087831,-0.218721,-0.005151,-0.269932,0.374142,0.251769,-0.205262,0.280299,-0.246815,0.236045,0.294781,0.096248,0.177071,0.094418,0.141628,0.175542,-0.141140,-0.230894
-0.143648,-0.202513,-0.210720,0.184878,0.184507,-0.332736,-0.133204,-0.257693,-0.230539,-0.236735,0.113190,0.217356,0.303131,-0.304436,0.262012,-0.202808,-0.252545,-0.235535,-0.025521,-0.217626
0.186627,0.203958,-0.276660,-0.237183,-0.250852,0.161159,-0.243881,-0.281046,0.247575,0.202180,-0.367791,0.198114,0.045719,-0.051350,-0.223437,-0.117555,0.092981,0.223006,0.331427,-0.223674
-0.184893,0.263571,-0.306822,-0.260808,0.235404,-0.062573,0.395993,-0.079790,0.229889,-0.216274,-0.131818,-0.300497,-0.260349,-0.097421,-0.005321,0.218625,0.081731,-0.033141,0.346118,-0.227391
-0.167467,-0.183214,0.290155,0.086227,-0.335786,-0.275153,0.333226,-0.224597,-0.104307,0.086228,0.123263,-0.006570,-0.189621,-0.252708,-0.222312,-0.259803,0.159452,0.306744,0.180532,-0.307277
-0.288950,0.042602,0.362475,0.170706,-0.214523,-0.196945,-0.134395,-0.170705,-0.185287,-0.187230,0.279836,0.396200,-0.199654,0.069399,-0.160054,-0.132870,-0.210198,-0.094737,0.231083,0.350682
0.099264,0.238414,0.338672,0.040015,0.117724,-0.191436,0.300177,0.233721,-0.096866,0.307144,-0.126197,0.201535,-0.012783,-0.303086,0.177577,-0.074756,-0.246793,-0.279261,0.279358,-0.339741
-0.053918,0.168221,0.130686,0.207194,0.118651,0.088081,0.278789,-0.311390,0.044141,-0.333646,0.365521,0.216926,0.250905,0.269209,-0.004541,0.474902,-0.060862,0.002432,0.118251,-0.199145
-0.133639,0.128163,-0.066405,0.386299,-0.174181,-0.085096,-0.342793,-0.327274,0.260748,-0.168921,-0.138378,-0.115918,-0.031709,-0.075721,-0.381427,0.367538,0.010328,-0.326422,0.152580,0.059365
-0.022971,0.047501,-0.182176,0.193452,0.156955,-0.030698,-0.301145,0.229342,-0.482689,0.184128,0.064849,-0.346153,0.277792,-0.364202,0.080249,0.131737,-0.118543,0.300515,0.075296,0.152264
0.157404,0.256317,0.042137,0.211338,-0.342343,-0.295743,0.220139,-0.297990,-0.140841,0.101321,-0.344178,0.265921,-0.207715,-0.268857,0.226507,0.159730,0.141522,-0.106967,-0.202233,0.193060
-0.262995,0.157825,0.415127,-0.180218,0.231081,-0.201204,-0.170792,-0.095731,0.117788,-0.038648,0.283871,0.251854,-0.099255,0.042985,0.174147,0.336401,-0.286207,0.243931,0.228880,0.246018
-0.175647,-0.226041,-0.349185,0.368307,-0.046473,0.363029,-0.204198,0.182338,-0.140515,0.191087,0.383813,0.261937,-0.152281,-0.130538,-0.213554,0.052255,-0.024088,0.052763,-0.074052,0.286329
0.234203,0.280353,0.315165,-0.361824,-0.259910,-0.260281,-0.100128,0.137566,0.341305,-0.089181,0.163191,0.259983,0.162557,-0.246637,0.122618,0.189378,-0.062245,-0.097024,-0.250404,-0.198110
0.267246,-0.334937,-0.109500,0.187765,-0.299117,-0.288958,0.219892,0.221336,0.254291,-0.144272,-0.232982,0.296658,0.253933,-0.258971,0.239860,-0.069199,0.108473,-0.061770,-0.221491,0.112095
-0.081836,-0.086098,0.049729,0.316165,0.187590,0.396602,-0.178490,-0.268299,0.355840,-0.107077,-0.093603,0.146844,0.054647,-0.059420,-0.249021,-0.229126,-0.133496,-0.004318,-0.370280,0.377816
-0.121261,0.192243,0.445460,0.053676,-0.022663,0.055485,-0.229612,0.145815,-0.183882,-0.283519,0.284807,-0.231788,-0.246791,0.249784,-0.255108,-0.257295,0.060323,-0.013911,0.308346,-0.258694
-0.249983,-0.254485,-0.267860,0.264011,-0.191180,-0.282228,0.273572,-0.295233,-0.204462,0.126148,0.295847,0.030977,0.184852,-0.077327,0.262803,0.237368,-0.200805,-0.191563,-0.178898,0.179733
-0.124068,-0.206514,-0.256541,-0.213050,0.297565,-0.332392,0.307865,0.064488,-0.216547,-0.240002,-0.203578,0.167902,-0.231829,0.230387,-0.222501,0.233793,-0.252869,-0.237504,-0.133988,-0.096776
-0.272107,-0.143180,-0.038262,-0.208358,0.291176,-0.286597,0.254973,-0.258729,0.244407,-0.271891,-0.232073,0.219101,0.207010,-0.252253,-0.234070,0.251869,0.143702,-0.240620,-0.103119,-0.110866
-0.054320,-0.244959,0.102665,0.285196,0.338382,-0.257829,-0.243709,-0.204011,-0.305045,0.158689,-0.232416,0.011340,0.380864,0.037199,-0.263033,-0.023975,0.308046,0.026376,0.012662,0.280791
-0.298471,-0.227668,-0.156402,-0.257128,0.340365,-0.150504,-0.167847,-0.236991,0.103926,-0.246634,-0.258543,-0.129891,-0.244444,-0.192077,-0.272779,-0.192322,-0.263548,-0.133824,0.277879,0.133039
0.319937,0.251633,-0.285135,0.186764,0.529132,0.141957,-0.059636,0.015685,-0.093430,0.114242,-0.201414,-0.207871,-0.086969,-0.057979,0.199774,-0.235305,-0.435616,-0.021077,0.007044,0.110393
-0.272180,0.264504,0.158826,0.237275,-0.138477,-0.175566,0.147485,-0.282016,-0.169588,-0.177595,-0.191330,0.393169,-0.184458,-0.130592,-0.273624,-0.072537,-0.178253,0.222243,-0.207976,0.340626
0.107325,0.208819,-0.003185,0.336836,-0.208421,0.303945,0.319180,0.297669,0.268341,0.076632,-0.011784,0.292033,-0.129868,0.299401,0.201572,0.093334,-0.311932,0.065604,0.145376,-0.251420
-0.179594,-0.094105,-0.211883,-0.255784,-0.267762,0.068362,0.270049,-0.105805,0.221370,-0.140732,-0.273906,0.183527,0.421494,-0.172011,0.242876,0.177411,-0.164243,0.307625,-0.149468,-0.262498
0.257034,-0.290748,-0.146469,-0.305769,0.113293,-0.151561,-0.238999,0.190498,-0.228195,0.188515,-0.263221,-0.246591,0.243390,-0.248013,-0.251105,-0.052861,-0.225596,0.198015,0.254632,-0.214462
0.269887,-0.230445,-0.016480,-0.279245,0.097518,0.122374,0.321568,-0.241631,0.334528,0.002827,0.103964,0.252263,-0.234715,0.178665,0.270463,-0.248866,-0.261799,0.140017,-0.249147,-0.225505
0.051559,-0.254261,-0.127097,0.222027,0.337904,0.186180,-0.244650,-0.290031,-0.238917,0.168513,0.249035,-0.179556,0.187541,-0.264846,0.251705,-0.273640,-0.208231,-0.218778,0.032685,-0.242592
0.059322,-0.337007,0.171061,-0.151263,-0.009372,-0.115511,-0.021661,0.269781,0.368208,0.080768,-0.006123,-0.289413,0.377980,-0.186167,-0.300990,0.338191,-0.302217,-0.018777,-0.015186,0.209216
-0.156130,0.000872,-0.264310,-0.072971,0.315515,0.202535,0.209094,0.125328,0.225353,-0.339250,0.285178,-0.020985,-0.209631,-0.274503,0.273276,-0.149335,-0.285612,-0.226256,0.228003,0.227532
0.241690,0.355646,0.237971,0.151813,-0.251486,-0.260751,0.203696,-0.010588,-0.177775,0.307418,-0.233783,0.239957,0.261033,-0.084980,-0.293546,-0.211922,-0.185120,-0.047941,-0.246718,0.142700
0.277181,-0.111665,0.250644,0.164400,-0.298810,-0.317395,0.248766,0.185771,0.247182,-0.120997,-0.277920,0.193640,0.103366,-0.323552,0.004036,0.049393,0.131801,0.308888,-0.215551,-0.258618
0.202770,-0.209884,0.120356,0.172425,0.056254,-0.335497,-0.168928,-0.263878,-0.241538,0.169778,-0.280293,-0.261773,0.294055,0.103325,-0.230723,-0.145580,-0.271158,-0.247047,0.266686,-0.212649
0.028552,0.336044,0.301274,-0.082495,-0.213827,-0.302727,0.128811,-0.235620,-0.016462,-0.205935,-0.136216,0.243561,0.395854,0.171084,0.237642,0.214303,-0.247944,0.308263,0.109207,0.043116
-0.223223,-0.159370,-0.218769,-0.248818,0.293151,-0.280807,-0.222106,-0.262649,-0.217708,-0.279160,-0.238573,-0.196681,-0.199747,0.234144,-0.239979,0.144651,0.167505,-0.170942,-0.137056,0.248335
-0.203911,0.334621,-0.273978,0.299563,-0.152655,-0.064020,0.353513,0.273748,0.060173,-0.194107,-0.194089,0.036197,0.262743,-0.318482,0.218886,0.105420,0.025107,-0.275554,-0.242406,-0.096167
-0.257896,-0.159925,-0.188604,-0.303420,0.289111,0.062734,-0.273190,-0.220401,-0.197043,-0.303764,0.266311,0.192880,-0.136676,-0.160676,0.253857,0.068763,-0.225330,-0.201831,-0.225560,-0.272525
0.176329,-0.143685,-0.227890,-0.209791,-0.271537,-0.326646,0.344579,0.292800,0.199283,0.317842,-0.107544,0.276871,-0.013503,0.093209,0.280916,0.166462,-0.163080,-0.149053,-0.227513,0.149640
0.111674,-0.129427,0.257868,-0.208515,0.011820,-0.335530,-0.055808,-0.109104,-0.227235,-0.181070,-0.240556,0.247650,0.405316,-0.315050,-0.187004,-0.264020,-0.232226,0.226519,-0.192241,-0.137966
0.074093,0.043497,-0.113595,0.224983,-0.203587,0.435242,-0.343573,0.030485,-0.432169,-0.018345,0.146944,0.272045,0.293479,-0.069770,0.241204,0.181191,0.094002,-0.226309,0.200598,-0.119312
0.233992,0.244314,0.053578,-0.295088,0.155674,0.033895,-0.221401,0.156700,-0.248591,-0.238881,-0.336485,-0.280288,0.253649,0.187989,-0.297019,-0.207461,0.100625,0.200516,-0.209489,-0.246683
0.225093,0.318132,0.141897,-0.227194,-0.273286,0.108836,-0.161204,-0.262643,-0.250387,-0.231198,-0.378062,-0.272284,-0.185717,0.114792,0.240210,-0.063867,0.171314,0.133364,0.239493,-0.218450
-0.303045,-0.237264,0.209244,-0.325630,0.037928,0.229707,-0.194234,-0.044385,0.297566,-0.182726,-0.262683,0.168128,0.329795,0.145539,-0.069735,-0.126574,0.349381,0.190790,0.280497,0.031139
-0.283893,0.294249,0.235238,0.163171,0.314397,0.343563,0.254007,-0.276832,0.080477,0.102204,0.273903,-0.286591,-0.013406,-0.078908,0.087014,0.197890,-0.266318,-0.091637,0.229040,-0.183915
-0.397718,-0.156486,-0.058447,-0.118968,-0.310220,0.145358,-0.179631,-0.109794,0.171662,-0.288016,0.341103,-0.118165,0.413620,0.040809,-0.186976,0.251029,0.234374,-0.202806,-0.128006,0.110321
0.115126,-0.198265,-0.185718,0.315758,0.164457,-0.072505,0.446430,0.241266,0.175850,-0.154078,-0.280435,0.210570,0.287811,-0.258214,0.259430,-0.068912,-0.203483,-0.081535,0.240441,-0.135487
-0.179219,0.352305,-0.014885,-0.178018,-0.196831,-0.305458,0.386129,-0.124924,-0.031839,0.166847,-0.282966,0.178927,0.325760,-0.261045,0.210740,0.048128,-0.109922,-0.243481,-0.014693,-0.285642
-0.238145,-0.259173,0.237574,0.163905,-0.253981,-0.327260,-0.150754,-0.241071,-0.310656,-0.307271,-0.138537,0.148413,-0.300665,-0.132028,-0.257594,-0.127306,-0.094610,-0.122489,0.003462,0.306369
0.041978,0.254208,0.288997,0.188304,0.278371,-0.310373,0.253707,-0.225670,-0.212104,-0.253168,-0.189815,-0.207436,-0.199646,0.212385,0.211383,0.141971,-0.201428,-0.145995,0.268653,0.231330
-0.268963,0.157722,0.309499,-0.132597,-0.062194,0.226505,0.063633,-0.327187,0.006096,0.037857,0.283304,0.315905,0.128027,-0.214592,0.038444,0.270909,-0.220495,0.279877,0.222342,0.357653
0.201076,-0.059622,-0.186820,0.284498,0.203063,0.019840,0.345729,-0.296854,-0.255017,0.260960,-0.249954,0.270789,0.013523,-0.266876,-0.100929,0.209399,-0.401725,-0.007058,0.170531,0.077479
-0.319695,0.289925,-0.169160,0.265061,-0.142225,0.114027,0.127016,-0.088330,0.084897,-0.289763,0.149592,0.363906,-0.048492,-0.257695,0.202482,0.373397,-0.057058,0.306112,0.253906,-0.033384
-0.089026,0.254913,0.314697,0.216456,-0.143329,0.233864,0.231249,-0.064472,-0.206340,0.119718,0.163662,0.430821,0.201476,-0.257534,-0.263095,0.222727,-0.139119,0.296539,-0.130425,0.170280
-0.098540,-0.135000,-0.216124,-0.231255,-0.084863,-0.312212,0.372708,-0.207860,-0.113877,-0.317911,-0.324856,-0.155917,0.328431,-0.201382,0.040947,0.213625,0.173095,0.073315,0.257299,0.209597
-0.271284,0.243401,0.103998,-0.224864,0.130862,-0.205423,0.332535,0.259336,-0.052281,-0.229242,-0.001293,0.122512,0.403559,-0.214641,-0.231077,-0.269652,-0.351349,0.015483,0.126247,0.153829
-0.145052,0.189340,0.381887,0.224505,0.145602,-0.200698,-0.144027,-0.258065,-0.226192,-0.069867,0.242839,0.330908,0.238191,-0.276042,-0.187767,-0.179168,-0.180758,0.149326,0.175765,0.295596
-0.051033,0.079710,0.245291,0.149757,0.210092,-0.142236,0.138457,0.025619,-0.002556,-0.460362,0.523352,0.368881,0.123487,-0.144410,0.047144,0.225446,0.002260,0.269953,0.153580,-0.129310
-0.092705,-0.182743,0.149324,-0.061809,-0.247556,-0.317067,0.333994,-0.254918,-0.210283,-0.221148,0.096440,-0.261739,-0.192970,-0.310737,0.240743,-0.181930,0.171432,-0.259911,0.257920,-0.185182
0.231184,0.371706,-0.038025,-0.210973,-0.221724,-0.300047,0.357644,-0.033683,-0.262058,-0.203235,-0.101738,-0.100801,-0.159030,-0.181713,0.329315,-0.228475,-0.287831,0.107641,-0.070124,0.213070
0.219578,-0.305719,0.378558,0.033797,0.109138,-0.160349,0.252321,-0.000621,0.098966,-0.011105,-0.025020,0.254517,-0.042482,-0.204455,0.086279,0.042195,-0.420249,0.482598,-0.102869,-0.253650
-0.227869,0.145851,-0.208572,0.242044,-0.173756,0.277745,-0.261960,0.128498,0.341527,0.316843,0.033760,-0.326618,0.421813,-0.181928,-0.025048,0.129370,-0.184803,0.046608,-0.193916,0.071287
0.147599,0.357047,0.155695,-0.281678,-0.276182,0.127834,-0.197189,-0.228140,0.291354,0.283635,-0.249543,0.238951,-0.187566,-0.249686,-0.198885,0.034932,0.218616,-0.090078,-0.230112,-0.178144
-0.181258,0.302954,-0.199368,-0.234850,-0.227615,-0.229917,-0.304248,0.137639,0.182723,-0.216427,-0.235218,-0.222006,-0.247346,-0.360600,-0.188126,-0.162770,0.160291,0.143756,0.248712,-0.134624
0.237651,0.425872,-0.238019,0.364794,0.292772,0.164263,-0.187655,0.083069,-0.024330,-0.281227,0.147436,0.155089,0.004131,-0.092674,0.087400,-0.379272,0.280211,0.084786,-0.108119,0.186160
0.016971,-0.068365,-0.226820,-0.067921,-0.216015,-0.201715,-0.178552,0.294523,0.093125,0.340166,-0.228536,0.039416,0.370772,-0.270848,0.250820,-0.171377,-0.267484,0.233462,-0.262881,-0.237832
0.222343,-0.130282,-0.241300,0.301192,-0.024267,0.397866,0.094762,0.006097,-0.023748,0.176553,0.074555,-0.217913,-0.376416,0.314399,0.217459,0.237391,0.139277,-0.252259,-0.257993,0.195434
0.163191,-0.390968,-0.171996,-0.083116,0.197185,0.295658,0.044577,-0.181140,-0.363402,-0.314802,-0.077212,0.066163,0.227693,0.312344,0.441680,-0.068368,-0.038744,0.090875,-0.075514,0.129640
0.268821,-0.147555,-0.245756,-0.276451,-0.239886,-0.272899,-0.217052,0.103343,-0.254928,0.234121,0.133108,-0.200016,-0.149992,-0.320024,0.271143,-0.178585,0.202359,-0.285373,-0.052029,-0.215381
-0.230670,0.346941,-0.112588,-0.039109,0.306009,-0.080773,-0.234463,0.221023,-0.185014,0.242298,-0.227037,0.216929,0.403783,0.011780,-0.202765,-0.012925,0.216138,-0.169338,-0.174051,-0.326406
-0.107157,-0.334986,-0.347945,-0.203122,-0.154768,0.356550,-0.135449,-0.251060,-0.269320,-0.304653,-0.207960,-0.039146,0.013197,0.190953,-0.290150,-0.219793,0.180557,0.016160,-0.141339,0.222307
-0.188933,-0.120167,-0.217835,0.147450,0.102122,0.160588,-0.303483,-0.248300,0.288059,-0.375386,0.258747,0.147278,0.107880,-0.183300,0.122804,-0.277085,-0.258399,-0.232720,0.162946,0.305927
0.154149,0.156255,0.127726,0.353080,0.338042,0.164644,0.242300,0.048708,-0.264514,-0.346276,0.342854,0.195563,0.322806,-0.095879,-0.078009,0.100400,0.141943,0.081011,0.292464,-0.144585
-0.112770,0.247503,0.176066,-0.077607,-0.242700,-0.265531,0.205622,-0.114170,0.227627,0.284767,-0.375653,0.264248,-0.081903,-0.245341,0.333947,-0.190048,-0.180661,0.108869,-0.227083,-0.223232
-0.200098,-0.220802,-0.222779,0.203187,-0.239364,-0.099621,-0.249551,-0.245294,0.261761,-0.289304,-0.046400,-0.344902,-0.206625,-0.260069,0.222555,-0.191673,-0.220837,0.151050,0.229340,-0.191104
-0.421050,0.198168,-0.066192,0.275742,-0.102113,-0.110539,-0.064048,-0.172965,0.151949,0.141308,0.179437,0.311254,0.336726,-0.103459,-0.360529,-0.209011,-0.164986,-0.023783,0.385558,0.006153
0.252494,0.202176,-0.211095,-0.303316,0.003770,-0.254781,-0.046126,-0.237874,0.301261,0.253421,-0.049835,0.083922,0.331430,-0.309746,-0.159467,0.103200,0.245682,0.274026,-0.215465,-0.216611
0.177635,0.268546,-0.136256,0.241331,-0.210796,-0.083694,-0.241920,0.294216,0.282256,-0.263165,0.059251,-0.231035,0.094214,-0.285860,-0.262183,0.305304,-0.155691,-0.187398,-0.263936,-0.188732
0.021681,0.291713,0.081299,0.151068,-0.193576,-0.280767,0.355237,0.121774,-0.179491,0.310923,-0.282770,0.230769,0.327419,-0.258644,0.186248,-0.094563,-0.258399,0.245082,0.141230,-0.032622
0.202857,0.370898,0.271425,-0.144373,-0.259867,0.059969,0.202195,-0.037993,0.125917,-0.023953,-0.284013,0.318482,0.362033,-0.021363,0.258940,-0.221099,-0.227227,-0.236984,0.124020,-0.210139
0.113119,0.264060,-0.243673,0.287232,-0.143719,-0.299149,0.366966,0.185889,-0.010265,0.065334,0.102531,0.276771,0.331977,-0.263156,0.188220,-0.095488,-0.275531,0.013199,0.253176,-0.201373
-0.384133,-0.002987,-0.314189,0.172612,0.375713,0.407166,0.053961,-0.053845,-0.060456,0.176262,-0.154415,-0.182477,-0.182426,-0.123592,0.036830,-0.309684,-0.115448,0.088152,0.340370,-0.191146
0.130188,-0.004917,-0.186687,0.031679,-0.324264,-0.295578,-0.131201,0.202980,0.273477,0.355488,-0.290617,-0.173707,0.041409,-0.295325,-0.242191,0.182071,-0.262410,-0.230056,0.248068,0.128021
-0.152258,0.204343,0.472185,-0.005875,0.347525,-0.162645,0.051708,-0.025260,0.363073,0.120193,0.292496,0.254095,0.229110,-0.158213,-0.048787,0.241499,0.122170,0.202218,0.244530,-0.106331
-0.049757,0.318981,-0.357394,0.304472,0.178308,0.127447,0.044119,0.081881,-0.293597,-0.218256,0.143134,0.135942,-0.310798,0.373562,0.232388,-0.195109,-0.047766,0.104587,0.132292,-0.294814
0.152662,0.240148,-0.258044,-0.206116,-0.086715,-0.316562,0.203900,-0.183763,-0.258777,-0.305167,-0.036970,-0.180574,0.281755,-0.241226,0.241577,0.171800,0.193057,0.345622,-0.088061,-0.207075
-0.171985,0.365733,-0.236067,-0.151074,-0.199712,-0.275510,0.327324,0.233992,0.151851,0.071101,-0.257069,0.118581,0.363433,0.026432,0.001175,-0.223713,-0.296603,-0.011767,-0.136675,-0.287302
0.091858,-0.253601,-0.216924,-0.249177,0.334887,0.164023,-0.212136,0.184392,0.255473,-0.205972,-0.190115,-0.253533,-0.256570,0.253778,-0.271776,0.011851,-0.219860,-0.205258,-0.231858,-0.208501
0.229583,-0.018665,0.269391,0.049606,-0.260490,-0.293219,0.343258,0.220860,-0.191861,0.327665,-0.190877,-0.106061,0.387971,-0.035297,0.203346,-0.096912,-0.219227,0.260774,-0.066202,-0.191472
-0.020880,0.227078,0.161442,-0.239032,-0.224816,-0.182520,0.305594,0.125398,-0.069098,0.336495,-0.249227,0.391132,0.382673,-0.300614,0.173009,0.089157,-0.153866,0.006823,-0.200594,-0.009066
0.245946,0.340624,-0.221128,-0.255118,-0.230479,-0.324764,-0.178403,0.185127,-0.215841,-0.011248,0.057412,-0.321972,0.291779,-0.263140,-0.222135,0.097605,0.159532,0.114840,-0.192014,-0.205862
-0.127179,0.237775,0.390374,0.169152,0.230153,-0.201127,0.143956,0.058312,-0.332050,-0.038432,0.245978,0.236595,0.314437,-0.014611,0.194824,-0.191951,-0.391189,-0.261737,-0.071077,0.006991
-0.233384,-0.226037,-0.178609,-0.263560,-0.254111,0.090822,-0.167862,0.156043,-0.265978,-0.226318,0.046175,-0.328803,-0.234565,0.046136,-0.251389,-0.195876,-0.285715,0.217113,0.299397,-0.241652
-0.026525,0.322523,0.308988,0.098995,-0.248566,-0.262000,-0.317772,-0.104787,-0.161086,-0.191394,0.130182,0.214244,0.222876,0.140379,-0.302492,-0.186818,-0.193830,0.293880,-0.228906,-0.223764
-0.261810,0.158991,0.390376,0.092665,0.214468,-0.212205,-0.154395,-0.002551,0.123545,-0.139620,0.240210,0.357260,0.157385,0.091713,-0.203964,0.303707,-0.296565,0.371819,-0.044767,-0.122509
-0.028167,0.299899,-0.102943,-0.211350,0.278059,-0.320174,-0.203938,0.198662,-0.257248,-0.290960,-0.262816,-0.236150,-0.219644,0.172309,0.221331,-0.201477,-0.060499,-0.037606,0.306368,-0.225815
-0.017491,0.249157,-0.094557,-0.297752,-0.147753,-0.121405,0.342820,0.181028,-0.134161,0.366309,-0.143645,0.442362,0.284925,-0.249556,0.145480,0.076788,-0.202043,-0.175811,0.205703,0.009326
-0.237611,0.229730,0.282077,-0.101918,-0.099247,-0.261293,-0.027797,-0.204628,0.196036,-0.165191,0.274315,0.267393,0.156708,-0.254496,-0.181099,0.288555,-0.246088,0.231045,0.261340,0.282752
-0.295262,-0.137310,-0.275948,0.256935,0.261095,0.057833,0.283835,0.219503,-0.158857,-0.230866,0.274411,0.250433,0.310487,-0.325864,-0.036636,0.214596,-0.232711,-0.083069,0.145468,-0.052842
-0.258805,0.010059,0.033105,0.380646,0.388270,-0.411399,-0.108540,-0.173015,0.124874,0.114650,0.342799,-0.376546,-0.109424,-0.291062,0.004743,-0.023669,0.007944,0.173899,0.093940,-0.027851
-0.193009,0.159794,-0.226962,0.302060,0.298790,0.291693,0.359125,-0.128650,0.187981,0.026718,0.271670,0.260889,0.314981,-0.243033,-0.244622,0.085949,-0.140065,-0.001215,0.134184,0.183114
0.340362,0.282625,0.088674,0.241821,-0.373233,-0.322032,0.271899,0.128007,-0.148661,0.182375,-0.018252,0.210683,0.205421,-0.278164,0.201767,0.249273,-0.117819,0.149716,0.212496,0.025725
-0.248416,-0.066806,0.341132,0.251126,-0.237092,-0.231990,0.192991,-0.181753,-0.065981,-0.123796,0.224655,0.250682,-0.044304,-0.224479,0.032409,0.381462,-0.171009,0.225979,0.172996,0.363227
-0.345105,0.248433,0.406452,0.022957,0.276424,-0.284871,0.138339,-0.208087,0.111334,-0.313807,0.298747,0.017217,-0.155531,-0.217906,-0.148088,0.088022,-0.229838,-0.195548,-0.164147,-0.116951
0.160009,-0.225196,-0.216591,-0.259496,-0.323409,-0.000842,-0.216622,0.068572,-0.160550,0.286144,-0.217458,-0.153894,0.188053,-0.292210,-0.319516,-0.146769,0.350084,-0.125833,-0.208764,-0.219613
0.165905,-0.284718,-0.090981,0.197129,-0.212251,-0.303935,0.126851,0.182777,-0.269947,-0.309264,-0.183835,0.042109,-0.298592,0.284399,0.249930,0.248793,0.171861,-0.022605,-0.239212,-0.267566
-0.256290,0.207683,0.177391,0.210747,-0.321312,-0.212627,0.195717,0.186083,-0.030719,-0.168045,-0.384999,0.150466,0.170723,-0.034671,0.434804,0.196858,0.062731,-0.219426,0.235460,0.167900
0.102286,0.314113,0.354887,-0.106271,-0.191772,-0.038624,0.311750,0.125066,-0.261606,-0.309984,0.245757,-0.176651,-0.175593,0.167738,-0.274780,0.191412,-0.075678,0.214662,-0.226237,-0.268891
0.134708,0.257421,-0.143779,0.205577,-0.077000,-0.312881,0.238199,-0.172727,-0.248371,-0.255997,-0.249846,-0.267028,0.296211,0.235560,-0.284233,-0.019087,0.269296,-0.265671,-0.061660,-0.173269
-0.237475,0.003866,0.241676,0.122953,-0.031779,0.095758,0.341558,0.234166,0.017070,0.302319,-0.268270,0.441163,0.391010,-0.258805,0.080215,-0.107054,-0.225881,-0.185992,0.077734,0.026232
-0.067141,-0.220039,-0.043455,0.101087,-0.019865,-0.217720,0.322606,0.284437,-0.031256,0.499404,-0.092085,0.317119,-0.259173,-0.289303,0.080176,0.040668,-0.239060,0.172710,-0.311104,-0.007364
-0.306419,0.178636,0.075932,0.199393,0.058150,0.052754,0.233214,0.154506,0.175407,0.473082,-0.008990,0.327080,0.187807,-0.213667,0.022953,0.256793,-0.215408,0.373797,0.011215,0.221285
-0.316235,0.059575,0.324717,0.268365,-0.140375,-0.045138,0.161760,-0.337863,-0.193498,0.153114,-0.012958,0.064084,0.187029,-0.192020,0.023114,0.508573,-0.102160,0.156954,-0.007748,0.354403
-0.088154,-0.224120,-0.035538,0.277879,0.376406,0.142611,-0.178224,0.263541,-0.003463,-0.310744,0.300765,-0.286064,0.125027,0.326210,-0.145769,-0.004896,0.061375,-0.220539,0.215067,0.299065
-0.057253,0.251190,0.336883,0.173518,0.138985,-0.252917,0.216028,-0.214851,0.163051,-0.251294,0.186141,0.287937,-0.133776,-0.229815,0.101370,-0.184199,-0.238298,0.266762,0.311194,0.258687
-0.245062,-0.117491,-0.184471,0.236485,-0.205743,-0.019616,-0.238921,0.242804,-0.261139,0.132100,-0.194205,-0.249509,-0.248068,-0.276611,-0.241117,-0.274542,-0.154021,0.222506,0.273366,0.268880
0.038018,-0.272458,0.222131,-0.311311,-0.190842,-0.238286,-0.176133,-0.303434,-0.039000,0.252478,-0.264934,-0.157883,0.208719,-0.231225,-0.280125,-0.207594,0.195778,0.258792,-0.185888,-0.207208
0.073401,0.253125,0.089788,0.304598,0.171573,-0.279418,0.284547,0.099136,-0.096202,0.338630,0.274144,0.528813,-0.060979,-0.236440,-0.023972,0.221028,-0.116688,0.081835,0.151978,-0.014395
-0.248967,0.335534,-0.154991,-0.052715,0.349737,-0.230408,0.020450,0.308245,0.324494,-0.278752,-0.246786,0.154034,0.315273,0.165680,0.179532,-0.073336,0.150675,-0.118699,0.220110,-0.102310
0.187992,0.132239,-0.072395,-0.230911,-0.250447,0.125391,-0.051450,0.083318,0.297303,0.310202,-0.226526,0.276222,0.406853,0.110230,-0.238285,-0.283571,0.091992,0.241654,-0.212018,-0.248324
0.291816,-0.025047,0.090202,-0.291954,-0.274101,-0.285553,-0.232234,-0.259200,0.242471,0.282523,-0.047278,-0.158951,-0.200659,-0.332313,0.076706,-0.191677,-0.243360,-0.035679,-0.287253,-0.201519
-0.145522,0.096381,0.033984,-0.311025,-0.239025,0.097524,-0.285613,-0.325525,0.321019,0.235269,-0.163249,0.245682,-0.209336,0.181615,0.270633,0.088760,0.167988,0.307544,-0.222712,-0.204238
0.374086,0.274106,0.154297,0.284679,0.148750,-0.127495,0.296890,0.218447,-0.134541,0.133756,-0.214617,0.391864,0.175582,-0.282970,0.206340,0.146366,-0.177813,-0.068177,0.192082,0.148864
-0.330188,0.267527,-0.067574,0.125336,-0.232883,0.151556,-0.268044,-0.017495,-0.164627,-0.245511,0.300999,-0.094403,0.141852,0.281300,-0.047759,-0.260138,0.214063,-0.278233,0.348739,0.220959
-0.014758,0.284759,0.268423,-0.031145,-0.138355,-0.306663,0.335788,0.065512,0.220139,0.268794,-0.245898,0.258063,0.381195,0.046355,0.244071,0.151867,-0.282576,0.128082,0.020496,-0.202244
-0.250582,0.257933,-0.177581,-0.295787,0.328653,-0.034163,-0.128727,0.227656,-0.180149,-0.276434,-0.198615,0.074904,0.272706,-0.214923,-0.255705,-0.195793,-0.283569,-0.126461,0.241959,-0.202287
