-0.116173,0.374849,0.345462,-0.053063,-0.116629,-0.135066,-0.320502,0.292260,0.194245,0.326550,0.278448,-0.115533,0.311827,-0.063279,-0.103228,-0.047385,0.217521,0.184190,-0.133604,-0.235307
-0.195001,0.273374,-0.250372,0.218177,-0.310266,-0.332760,-0.216668,0.084515,-0.166258,-0.267919,0.328525,0.045922,0.248093,-0.019350,0.230218,-0.270277,-0.136132,-0.242401,0.124538,-0.160120
-0.201873,-0.140031,0.289668,-0.241742,0.149296,-0.355186,-0.211440,-0.126169,0.316369,-0.266101,-0.164031,0.099626,-0.264716,0.165636,0.245755,-0.326813,0.059727,-0.202822,-0.245517,-0.103894
0.162546,0.337217,-0.075798,0.206208,0.219724,-0.281217,-0.214645,-0.196440,-0.194859,0.165606,0.215227,-0.219149,-0.213528,-0.241450,0.174328,-0.246711,-0.207367,-0.201564,-0.223225,0.333500
-0.120379,-0.097704,-0.150341,-0.193187,-0.238926,-0.298964,0.354779,-0.155227,-0.265974,0.192930,0.132619,0.098123,-0.314059,-0.321285,-0.297576,-0.238803,0.036020,0.168255,0.248689,-0.213406
0.052434,0.220552,0.227042,-0.366229,-0.083183,0.151012,0.077106,-0.087333,0.177123,-0.306702,-0.203754,0.210086,-0.123971,-0.141729,0.164849,0.036031,0.340544,-0.395570,0.246957,-0.333446
-0.197651,-0.195501,-0.197796,-0.102684,0.122316,-0.286239,-0.245558,-0.228358,-0.174031,-0.148816,0.336135,0.209574,-0.327281,-0.225055,0.219601,-0.299981,0.120821,0.184110,-0.281003,-0.175877
-0.133155,0.044524,0.574420,-0.046138,0.151207,-0.210851,-0.082395,0.004880,0.331663,-0.270140,-0.268126,-0.093638,0.305464,0.052685,-0.176333,0.281894,-0.139196,0.208048,0.084391,-0.184409
0.033154,0.372195,0.191506,-0.275277,-0.100232,-0.105045,0.225148,0.231925,0.305258,0.100799,0.407495,-0.198492,0.011776,-0.296248,-0.203450,-0.107136,0.238812,-0.041305,-0.089944,0.325521
0.048217,0.323929,0.195117,0.201770,0.066350,0.164526,-0.287892,0.104026,-0.166711,0.338033,-0.283932,-0.315371,-0.271054,-0.095545,-0.246322,0.260663,0.143173,-0.296981,-0.141406,0.163531
0.018009,-0.017575,-0.426960,-0.287309,0.005535,-0.039029,-0.004484,0.237775,-0.188242,0.231784,-0.462605,-0.156088,0.376568,0.038446,-0.064083,0.076515,-0.371051,0.197885,-0.131184,-0.039987
0.054314,-0.177459,0.413246,-0.034438,0.092678,-0.076418,0.230889,0.061720,0.100568,0.324452,0.609540,-0.015460,0.089272,-0.009510,-0.232616,0.200769,0.035292,-0.035958,0.253621,0.256028
0.294127,0.189846,0.254118,-0.201338,-0.318072,0.084221,0.164300,-0.197868,0.149869,-0.250199,0.286852,-0.220805,-0.210887,-0.183604,-0.335171,-0.157300,-0.181102,0.065504,-0.289056,0.214286
0.279488,0.190062,0.524326,-0.144298,-0.270349,0.097062,0.191584,0.106172,-0.181217,0.300848,-0.000468,-0.241803,-0.058225,0.010196,0.016648,0.222269,0.213124,0.281038,-0.280576,-0.146346
-0.065051,-0.362015,-0.075757,0.112140,0.199990,0.086810,0.173988,0.339268,0.187516,0.252201,0.235355,-0.170781,0.296471,0.171446,-0.314407,-0.140688,0.260778,0.371303,-0.094995,0.139060
0.284563,0.244759,0.161179,-0.269652,0.238401,-0.340174,-0.002277,-0.088131,0.243382,-0.206755,-0.035556,-0.237618,-0.283184,0.251572,0.035719,-0.319058,-0.222720,-0.225640,-0.159752,-0.218627
0.193231,-0.297119,0.021142,0.205645,0.191833,-0.267537,0.239690,-0.195993,-0.151812,0.207692,-0.147545,-0.170472,-0.303176,-0.236819,0.203189,0.048832,-0.236655,0.333128,-0.317652,0.225475
0.239169,0.034546,0.345976,0.279699,0.316813,0.317305,0.213595,-0.191938,-0.098934,0.036473,-0.136432,0.227068,0.108818,-0.293963,0.069186,0.326824,0.085515,-0.133294,0.286384,-0.248824
-0.171246,0.226092,0.382230,-0.215468,-0.202706,-0.177762,-0.216540,-0.183384,-0.191963,0.205771,-0.234614,-0.265819,-0.271958,-0.186205,-0.213431,-0.217724,-0.230490,0.208989,0.143724,-0.223336
-0.077213,0.221116,0.376406,-0.216967,0.193468,0.188547,-0.203814,0.213671,-0.203295,-0.229327,-0.240040,-0.280314,-0.223547,0.219959,-0.172787,-0.161647,-0.245723,0.206132,-0.241911,0.224430
0.005208,-0.293650,0.100394,-0.225230,0.103490,0.075396,-0.128396,-0.186548,-0.197827,-0.232620,-0.234075,0.254415,0.289674,-0.208451,0.269118,0.248806,0.233824,-0.197647,-0.299388,0.356969
-0.112734,-0.197072,0.419181,-0.181545,0.205382,0.214506,0.241161,-0.191241,0.234597,0.108320,-0.237131,0.150443,-0.245732,0.184312,-0.243471,0.255468,-0.265896,-0.185793,0.180635,0.233402
0.204515,-0.282359,-0.241835,0.287612,-0.373296,0.024586,0.294129,0.080973,0.094406,0.173804,0.194997,-0.150466,-0.176457,-0.230303,0.125377,0.296605,0.257605,0.121326,-0.241970,0.277371
-0.128509,-0.278416,0.044074,-0.261660,0.280639,-0.268988,0.276273,0.276973,-0.314405,0.251542,-0.280012,0.071878,-0.218761,-0.230827,0.213199,-0.200681,-0.245071,0.044499,0.172310,-0.084357
0.079535,0.033897,0.120970,-0.095187,-0.229259,0.306653,0.370133,0.263906,-0.153684,-0.084927,-0.336698,0.094949,-0.315266,-0.041276,-0.012439,0.256928,-0.146856,-0.333790,-0.333971,0.224935
0.113373,0.125061,0.515755,-0.291250,0.041048,0.166343,0.134161,0.032362,0.075667,0.368533,-0.010104,-0.171170,-0.279367,-0.283764,-0.110017,0.361213,-0.138277,0.179324,-0.186037,-0.119577
-0.150708,0.151784,-0.190023,-0.152618,0.034318,-0.043546,0.298225,0.254321,-0.285953,-0.282955,0.377707,-0.195612,-0.065367,0.250574,-0.042871,0.105945,-0.297355,-0.284845,-0.296440,0.240503
-0.173702,0.076169,-0.220834,-0.187451,0.222606,-0.308081,0.184472,0.230161,-0.173381,-0.249638,0.312287,0.109492,-0.223259,0.179356,-0.229096,-0.251602,-0.180944,-0.256019,0.158859,0.354163
-0.213498,0.275402,-0.174806,0.199720,0.208388,-0.345081,-0.255368,0.174687,0.214803,-0.209467,-0.214206,-0.338418,-0.229714,-0.230888,0.111706,-0.035403,-0.206237,0.216275,-0.300283,0.013270
0.156076,0.266243,-0.181513,0.253472,-0.206182,-0.248199,-0.267446,-0.206537,0.214267,-0.215447,-0.222545,-0.331831,-0.202645,-0.230135,0.174465,-0.260930,-0.197046,-0.209694,0.174094,-0.177871
-0.192014,-0.182036,-0.103229,0.227504,0.234541,-0.258143,-0.188290,0.219840,0.250004,-0.220994,-0.227637,-0.297649,-0.237866,0.253694,0.212516,-0.217352,-0.207054,0.210873,-0.245231,0.222646
-0.332779,0.295362,-0.252497,-0.185904,-0.102548,-0.084103,0.198501,0.387746,-0.295229,0.121996,-0.257331,-0.027944,0.191878,0.056287,-0.244729,-0.128268,0.088391,0.127326,-0.180916,0.392729
-0.248579,-0.312385,0.259553,0.317730,-0.075497,0.272574,-0.076257,0.186203,0.211816,-0.221797,-0.118008,-0.111280,-0.142556,0.020726,0.260317,0.373425,-0.225918,0.303551,-0.216880,0.115195
0.283493,0.389423,0.279149,0.195190,-0.207586,-0.267128,0.244172,-0.220528,0.229262,-0.236548,-0.108142,0.128503,0.154888,0.202047,-0.342348,-0.037588,0.194566,0.215814,-0.155756,-0.020299
-0.207483,0.279111,0.173349,0.176962,-0.161546,-0.307306,0.149856,-0.131544,0.296669,-0.228262,0.305117,-0.175997,0.222892,0.146183,-0.278299,-0.262382,0.294421,-0.077604,-0.248118,-0.146926
-0.226459,0.309479,-0.150640,-0.215422,0.215319,0.139661,0.206780,-0.176355,-0.218604,-0.239278,0.159295,-0.259718,0.201638,-0.238738,-0.237629,-0.252178,-0.204986,0.215672,0.165310,0.335660
-0.160269,0.315381,0.174871,-0.144705,0.006558,-0.268267,-0.251123,-0.224449,-0.186118,-0.164725,0.440877,0.129695,-0.223859,-0.038702,-0.216470,0.021944,0.294127,-0.252763,-0.162630,0.298515
-0.164032,0.240057,-0.016354,-0.230424,0.218690,0.160754,-0.210182,0.235168,-0.238782,0.221883,-0.257750,-0.303391,-0.235127,0.236979,-0.243634,0.220173,0.148574,-0.230778,-0.259864,0.249171
-0.239564,-0.193815,-0.262127,0.151008,-0.336348,-0.213044,0.316301,-0.139754,0.067535,-0.166652,0.209663,0.127823,0.108721,-0.021588,0.259090,-0.004285,-0.165446,0.318406,0.322361,0.361525
0.311794,0.011067,-0.143407,-0.193853,0.256197,0.241494,0.303735,0.343341,0.178200,0.032288,-0.253156,0.182556,-0.189449,-0.170861,-0.269819,-0.248390,0.181218,-0.162684,0.148241,0.315188
0.012165,-0.101400,0.089059,0.300748,0.242567,-0.136584,0.161353,-0.120282,0.292294,-0.180515,-0.225478,0.063463,0.032508,-0.301044,-0.278820,-0.326627,0.303602,-0.218865,-0.105952,0.415803
-0.161351,0.035779,0.142966,0.232431,0.247763,-0.327288,0.263657,-0.060255,0.257708,-0.250850,0.365920,0.121148,0.227069,-0.227951,0.190187,-0.186003,0.038087,-0.235689,-0.245176,0.295392
-0.231303,0.260772,-0.329266,-0.078907,-0.070476,0.130683,0.362966,0.058502,0.096343,-0.135014,0.401130,0.222390,0.301915,-0.228975,0.258116,-0.264430,0.270801,-0.056574,0.110023,0.001316
0.187073,-0.190851,-0.063527,0.198272,0.294722,-0.229084,-0.278854,0.199159,-0.261901,-0.214216,-0.162572,-0.285336,-0.292731,-0.218256,-0.231955,-0.063195,-0.198433,-0.232204,-0.286380,-0.199270
-0.216162,0.314551,0.193726,0.276099,0.263136,0.132311,0.193145,0.191271,-0.201489,-0.206690,-0.143549,0.015101,-0.199740,-0.277157,0.175222,-0.245219,0.230357,0.256243,-0.217957,0.319382
-0.129562,0.331249,-0.113939,-0.259367,0.037550,0.041035,0.292792,-0.287366,-0.227542,0.268299,-0.214821,-0.374123,0.170971,0.229169,-0.267720,-0.085765,0.065242,0.225437,0.210935,0.227173
-0.314093,0.049470,0.001940,0.275703,-0.175169,0.207377,0.332529,-0.211771,-0.063127,0.335066,-0.257629,-0.224188,0.224941,0.208896,-0.227282,0.045839,-0.283326,-0.158832,-0.283548,-0.164282
-0.296373,-0.215462,0.302911,0.097203,0.243746,0.111580,0.275816,0.204771,0.242488,0.237914,-0.019333,0.183237,-0.209789,0.261490,-0.290307,-0.255541,-0.243671,-0.181024,0.240140,0.116332
-0.094599,0.380710,-0.293117,0.065646,0.138178,-0.242490,0.322607,-0.216056,-0.228201,0.010420,-0.059386,0.088656,0.088851,-0.246144,-0.220538,0.263995,0.280720,0.280914,-0.319932,-0.129533
0.322180,0.355337,-0.211981,-0.002102,-0.021750,-0.249097,-0.242453,-0.064120,0.215613,-0.155636,-0.227164,-0.049184,0.053458,0.231136,0.136640,-0.248534,0.358796,-0.141919,-0.022192,0.434460
0.085121,0.311370,0.155571,0.208504,0.311102,-0.173385,-0.114385,0.034017,-0.255030,-0.284087,-0.014892,0.216952,0.112718,-0.318575,-0.234862,0.289176,-0.351844,0.139298,-0.270536,-0.156960
0.063362,-0.014547,-0.150668,-0.246656,0.263571,0.189043,0.272194,-0.168341,0.256072,0.231608,-0.242915,-0.325362,0.209989,-0.234894,0.240525,-0.275702,-0.279454,0.213207,-0.247815,-0.049165
-0.167761,0.297181,0.560994,-0.100546,0.171661,-0.281261,0.068750,-0.122594,-0.093969,-0.194432,0.232523,-0.262552,-0.111632,-0.170597,0.239934,0.221646,-0.209009,0.093879,-0.240253,-0.047663
-0.091684,0.189208,-0.052627,-0.264458,0.137437,-0.155978,0.244701,0.348850,0.059736,-0.251170,0.337017,-0.262879,0.249636,-0.016356,-0.286912,0.241442,-0.202647,-0.092364,-0.257463,0.299784
0.209562,0.276028,-0.169806,-0.059886,0.236571,-0.235320,-0.158591,-0.308885,-0.028098,0.283662,-0.136209,-0.183890,0.223579,0.020991,0.283148,0.336089,-0.222478,-0.240674,0.252155,-0.259594
0.135445,0.244824,0.403672,-0.337861,-0.089165,-0.162375,0.304347,-0.182683,0.119799,-0.134940,0.195525,-0.257557,-0.277561,-0.100560,-0.053469,0.273371,0.309196,0.059059,0.027810,0.287344
-0.135413,-0.209193,-0.028029,-0.122310,0.069549,-0.220465,-0.246077,0.254171,-0.216545,-0.010074,0.358280,0.115454,0.313329,-0.280674,0.200966,-0.192662,-0.185864,-0.241265,0.324365,0.320069
-0.213404,0.266740,-0.300648,-0.193090,0.264553,-0.031224,0.303416,0.307125,0.079572,-0.228120,-0.311909,0.159877,-0.276179,0.055814,0.118532,0.068105,0.277474,-0.115097,0.159486,0.321426
-0.122180,-0.116546,0.416563,0.116285,-0.274007,0.151774,0.173455,-0.179239,0.346889,0.337833,0.381670,-0.200433,0.203364,-0.208008,0.252733,-0.089062,0.122752,0.045708,-0.004761,0.173765
0.131354,0.005301,0.452952,0.045910,0.012836,-0.093682,0.364940,-0.283987,-0.106967,0.294128,0.437210,-0.194268,-0.303228,0.050753,-0.107890,0.265544,-0.018710,0.024413,0.080601,0.204227
0.194754,0.333279,0.169488,-0.217926,0.230641,-0.280420,-0.230341,-0.211480,0.235968,0.139439,0.213480,-0.317857,-0.228286,0.126976,-0.261272,-0.023173,-0.211205,-0.227135,-0.241759,-0.178195
-0.025533,0.163704,0.223686,-0.066800,0.156452,-0.291608,-0.234884,-0.020092,0.287037,-0.266551,0.445615,-0.089572,-0.206883,-0.205812,-0.222208,-0.317627,0.274214,-0.170874,0.187844,-0.133532
0.094346,0.280832,0.072227,0.038172,0.323599,-0.093560,-0.432801,0.244507,0.127920,0.239406,-0.212139,-0.119630,0.179367,-0.043332,-0.239014,-0.291016,-0.088519,-0.275108,-0.044236,0.388137
-0.179215,0.278749,0.064914,-0.114605,0.299075,-0.021336,0.125215,0.082171,0.190440,0.177807,0.260822,-0.312434,0.187948,-0.231977,-0.213615,-0.289075,0.044351,0.306595,0.355426,-0.293848
0.353250,-0.221077,-0.280225,0.198128,-0.182647,-0.009555,-0.227433,-0.272554,-0.201787,-0.247665,-0.127318,0.195267,-0.070293,-0.202110,0.205020,-0.308662,0.282982,0.270808,0.087903,-0.220147
-0.267102,0.259184,0.304517,0.206065,-0.210146,0.129017,0.234162,-0.253614,0.224111,-0.306020,0.163690,0.054628,0.209523,0.163454,0.230379,0.100617,-0.272946,-0.242689,-0.225205,-0.233978
0.000023,-0.035579,0.170267,0.026058,-0.212575,-0.430338,-0.078957,-0.184235,-0.353919,-0.344442,-0.084236,0.164075,0.015916,0.114944,0.073223,-0.357890,-0.264883,0.327994,-0.253514,-0.177956
0.134846,0.247763,-0.305825,-0.218253,-0.106862,-0.257355,0.201760,0.351876,0.251702,-0.145980,0.339617,-0.268296,0.109450,-0.013728,-0.227590,0.025132,-0.121896,-0.276946,0.255983,0.208386
-0.272247,-0.247473,-0.402527,-0.122553,0.036430,-0.175767,-0.207647,0.493658,0.157288,0.109677,0.221486,0.252707,0.035228,-0.317479,-0.196183,0.039185,0.098324,-0.144272,-0.168085,0.134456
-0.196729,-0.012713,-0.085163,0.417893,-0.214914,0.029647,-0.172228,0.436633,-0.219019,0.304653,0.162763,0.207211,0.147876,0.073782,-0.357541,-0.220690,-0.168640,-0.154262,-0.094637,0.191355
-0.208064,0.297434,0.064634,-0.197953,-0.191254,-0.261163,0.037739,-0.175342,-0.240027,0.113372,0.207284,-0.298861,-0.237040,-0.241362,-0.210678,-0.236669,0.266606,0.202588,-0.250402,0.309051
0.258426,0.376092,-0.067046,0.129748,-0.058128,-0.074482,-0.328938,-0.301323,-0.079147,-0.214105,-0.089432,0.174230,-0.324866,0.168491,0.276914,-0.338912,0.246268,0.209067,0.106839,0.175551
-0.234985,-0.309160,-0.093759,-0.225897,-0.131404,0.281153,0.156482,-0.237732,0.204039,-0.097157,-0.116900,-0.242962,-0.296959,-0.209326,0.137514,-0.143961,-0.288221,-0.254427,-0.254442,-0.322670
-0.223772,-0.217846,0.483370,-0.110701,0.197536,-0.237028,-0.038118,0.283306,0.243347,0.237918,-0.123096,-0.074865,0.115338,-0.177603,-0.245280,0.257799,0.159184,0.271678,-0.185567,-0.194981
-0.337485,-0.255486,-0.178621,-0.225419,0.144787,0.008647,0.223772,0.076658,-0.148389,0.128077,0.285223,0.217235,-0.168223,-0.260354,0.303294,0.347563,0.318060,0.041023,0.132186,-0.254888
-0.010859,-0.154491,0.213186,0.342649,0.029906,-0.096020,-0.212738,-0.237819,-0.208378,-0.305043,0.367775,0.130234,-0.255242,0.247386,0.116204,-0.365785,-0.190783,-0.183840,-0.260927,-0.024671
0.180241,0.337343,-0.173192,-0.200618,-0.293758,-0.277969,0.207602,0.141000,0.248147,-0.283299,0.146357,-0.219791,-0.303351,0.152008,-0.218532,0.093694,-0.191396,0.185851,-0.263806,-0.181484
-0.268263,0.359798,-0.132770,-0.099431,0.012386,0.039304,-0.151310,0.211074,-0.253420,0.379415,0.278282,0.049907,-0.070046,-0.235922,-0.169079,0.035380,-0.252771,0.335758,0.244104,0.295285
0.147793,-0.189219,-0.195115,0.304659,0.030929,-0.287294,0.170104,-0.227902,-0.211521,-0.241538,-0.156565,-0.189824,-0.225701,0.260598,-0.323957,-0.272693,0.231887,-0.221283,0.174136,0.228578
-0.168990,-0.198999,-0.205622,-0.203518,0.237045,0.233625,-0.184519,-0.230615,0.212787,0.230577,-0.237158,-0.253279,-0.200400,-0.233252,0.204754,0.280958,-0.227728,0.221969,-0.251412,-0.227015
0.196076,0.246908,0.224980,0.156764,0.133214,-0.177839,0.179194,-0.121089,0.212654,-0.281103,0.460234,-0.251615,-0.146231,-0.217709,-0.242731,-0.237549,0.303406,-0.187070,-0.071372,-0.116684
-0.176633,-0.164832,-0.064898,0.087119,0.056103,-0.238532,0.243071,0.158530,-0.127403,-0.197068,0.188981,-0.209359,0.343867,-0.283630,-0.348911,-0.341933,0.246329,-0.224426,-0.089970,0.307358
-0.092791,0.370810,0.198989,-0.064580,-0.024286,-0.249569,-0.153870,0.345409,-0.207787,-0.105961,-0.119984,-0.190933,-0.090180,0.191244,-0.283325,-0.195150,0.168131,0.374396,0.324680,-0.249177
-0.367166,-0.239764,-0.038196,0.132235,0.251333,-0.041752,-0.235319,-0.156547,0.326467,-0.298232,0.065404,0.133486,0.075092,0.247248,-0.005773,0.495744,0.211193,-0.171634,-0.198298,0.019893
0.269466,0.385256,-0.149833,-0.158126,0.296871,-0.327841,-0.202713,-0.181876,-0.168367,0.029131,0.312453,-0.230702,0.148713,0.127527,-0.228395,0.018248,0.236505,-0.253877,-0.190524,-0.184712
0.246014,0.264008,0.450299,-0.136348,0.314375,-0.096107,0.237048,-0.152830,0.197109,-0.269239,0.318845,-0.143633,0.157528,-0.118474,-0.216298,0.085101,0.236730,0.125537,-0.160876,-0.191326
0.012027,0.263210,-0.340613,0.231230,-0.256712,-0.070629,-0.022010,0.349327,-0.249263,0.104831,-0.155948,-0.158338,-0.002188,-0.306364,-0.107111,0.327513,-0.040304,-0.304804,0.230250,-0.291599
-0.182074,0.271887,0.013995,0.226462,-0.102359,0.239294,-0.250577,0.305311,0.213012,0.220461,-0.272040,-0.314369,0.201496,-0.043154,0.249457,-0.248277,0.134778,0.230967,-0.284239,-0.179602
-0.036921,0.369462,-0.212166,-0.207710,-0.036603,-0.382076,-0.112813,0.304076,-0.081986,0.035526,-0.208913,-0.169188,-0.237974,0.092110,-0.309638,-0.261895,0.375460,-0.006137,0.148553,-0.220354
-0.077884,0.244310,-0.206049,-0.272364,-0.242582,0.227969,0.241259,-0.221641,0.221307,-0.232087,-0.264872,-0.276301,0.250826,0.237908,-0.224969,0.291037,0.028436,-0.213779,-0.009527,0.220664
0.074133,0.378909,-0.322087,0.045125,0.092418,-0.276861,0.189209,0.066492,0.313114,-0.188324,-0.167951,-0.316539,0.073691,0.087550,0.295203,-0.327694,0.311108,0.112277,-0.092490,-0.179604
-0.012544,0.276763,0.247676,0.103560,-0.093538,-0.121344,0.178876,0.114737,0.033653,0.178179,0.497139,-0.250968,0.395466,-0.213302,-0.164574,0.169748,-0.219714,0.361336,-0.044416,0.030496
-0.235696,0.300034,-0.198942,0.265972,0.225636,-0.241971,0.217977,-0.191429,-0.217623,0.175675,-0.210368,0.135363,-0.236662,-0.247012,0.192997,-0.115735,-0.199814,-0.221529,0.178612,0.348021
-0.376181,0.338549,0.203690,-0.262726,-0.103916,-0.064255,0.117217,0.305905,-0.020907,0.020064,0.136605,-0.019904,-0.302905,-0.107667,0.330880,0.176688,-0.302682,-0.297062,-0.243667,-0.089084
-0.229593,-0.185928,-0.157246,-0.214068,0.235519,-0.309225,-0.218411,0.204516,-0.207053,-0.239686,0.201082,-0.275625,-0.116981,0.065588,-0.297717,-0.245588,0.160260,-0.216413,-0.234618,0.300540
0.288080,-0.194081,0.244612,-0.199399,-0.177748,-0.284430,0.193161,0.190423,0.301594,-0.230945,-0.128555,0.170338,0.212390,-0.159022,0.180354,-0.336756,-0.158937,0.150629,-0.312733,-0.204361
-0.246463,0.111476,0.531426,0.276484,0.004078,0.209347,0.160154,-0.083535,0.128359,0.316489,0.073160,0.187368,0.253592,0.065533,-0.176427,0.334651,-0.166221,-0.066141,-0.161876,0.253915
-0.215221,0.268555,0.372653,-0.208884,-0.205295,-0.261299,0.252812,0.262598,0.221444,-0.226793,-0.213491,-0.280556,0.194176,0.184572,0.121472,-0.072095,-0.239707,0.158116,0.161743,-0.175079
0.235748,0.293592,0.087706,0.488061,-0.093610,-0.121452,0.190454,0.174557,0.148766,0.004369,0.095576,-0.180935,-0.036606,-0.450752,-0.290098,0.334683,-0.165174,0.065397,0.150755,-0.055479
-0.130180,0.289181,-0.094319,-0.179812,-0.229316,-0.235744,0.122876,-0.000901,0.187930,0.345712,0.322967,-0.061282,0.239622,0.201812,-0.240652,-0.250414,-0.130411,0.305362,-0.267893,-0.266936
-0.072546,-0.004666,0.259973,-0.185351,-0.269867,-0.251077,-0.301229,-0.057221,0.251019,-0.285334,0.275665,-0.158865,-0.276470,-0.026987,-0.315509,0.213979,0.312135,0.042768,0.200225,-0.235359
-0.223947,-0.034284,0.379909,-0.296153,0.026766,-0.164088,0.093405,0.228475,0.099863,0.003456,0.173034,0.315265,0.363770,0.067695,-0.316672,0.305870,0.187870,0.080369,-0.338356,0.041994
-0.066780,-0.330919,-0.115457,0.273233,0.035572,0.194648,-0.273091,0.205260,0.110839,0.162980,-0.107878,-0.300201,0.086252,-0.076245,-0.358183,0.287034,-0.288546,-0.171701,-0.134506,0.383157
0.173442,0.258657,0.287454,-0.010447,0.017304,-0.116450,0.258140,0.113925,0.042323,0.040041,0.370236,-0.319414,0.042327,-0.129830,-0.364633,0.209270,-0.296956,-0.173612,-0.357727,0.206434
-0.112891,0.213057,0.497860,-0.228166,-0.003065,0.263584,-0.252883,-0.007586,0.242930,0.192995,0.226963,-0.319988,-0.167899,0.150105,0.195345,0.285695,-0.202892,0.031325,-0.173070,-0.125203
0.292552,0.175354,0.158850,-0.197677,0.271616,-0.004161,-0.194151,-0.201108,0.201001,-0.326044,-0.311650,-0.084452,-0.279607,0.155613,-0.193727,0.304029,0.254561,-0.080461,-0.276003,0.191433
0.308607,0.218386,-0.121010,-0.253263,-0.200823,-0.313425,0.210328,-0.197376,0.220308,-0.203572,0.127759,-0.211420,-0.143472,0.237933,-0.326472,0.038543,-0.197826,-0.237375,-0.244406,0.255033
-0.207759,0.247645,-0.163943,-0.242447,0.219499,-0.212087,0.250011,-0.185050,-0.236323,0.190594,-0.239573,-0.316859,0.211900,0.238810,0.200845,-0.238844,0.161699,-0.229546,0.172165,0.249350
0.143510,0.134856,-0.331716,-0.030568,-0.308902,0.079550,0.307365,-0.204788,-0.119339,0.428388,-0.072885,0.176679,-0.236149,-0.175045,-0.159829,0.299365,-0.186971,-0.261201,0.111161,0.246353
-0.055213,-0.218610,0.445738,-0.248223,-0.225576,0.119629,-0.182392,0.241918,-0.252410,0.187665,-0.233976,-0.009038,0.146683,0.152621,-0.273418,0.202066,0.201025,-0.238467,-0.255982,-0.234352
-0.249001,-0.215078,0.191419,-0.264542,-0.216001,-0.180633,-0.201935,0.073848,-0.156992,-0.162919,-0.280972,-0.265666,0.220669,-0.249670,-0.189246,0.239871,-0.220282,0.223106,-0.265864,0.292440
-0.259262,0.253024,0.260461,0.199274,0.135378,-0.194766,0.172613,0.306839,0.110902,-0.009693,0.526632,0.181433,0.264226,-0.076576,0.000883,0.069574,0.279683,-0.030715,-0.073152,0.305475
-0.009673,0.337368,-0.097231,-0.068851,-0.103090,-0.177685,0.151567,-0.288300,0.343194,-0.282533,0.468200,-0.213686,0.086412,-0.101236,0.263162,0.172605,0.137916,-0.073944,-0.085785,0.335434
0.254966,0.190497,0.653787,0.186821,0.030932,-0.158142,0.175207,-0.343429,-0.222067,-0.286366,0.047257,-0.077906,0.192644,0.015942,-0.100715,-0.159852,0.078429,0.013551,0.106527,0.177175
-0.276286,0.309651,0.437046,-0.324272,-0.028341,0.084173,0.278066,-0.340665,0.049171,0.315597,0.088821,-0.204770,0.319602,-0.034355,-0.181590,0.105483,0.120229,-0.063801,-0.039764,-0.104818
-0.067993,-0.288063,-0.142528,-0.213031,0.015815,-0.213459,-0.172036,0.220491,0.267173,0.308975,-0.259630,-0.182027,0.172418,0.075803,0.227674,0.407094,-0.235548,0.277231,-0.264357,-0.004999
0.239597,0.262298,0.390024,-0.249812,0.224357,0.209647,-0.182450,-0.014042,0.226423,0.299800,0.231951,-0.298057,-0.273720,0.227602,0.063662,-0.147846,-0.092096,-0.058865,-0.274857,-0.087049
-0.204882,0.359277,-0.111092,-0.256499,-0.328638,-0.234229,-0.093926,-0.024053,-0.182883,-0.257203,-0.201366,0.158297,-0.243494,0.098000,-0.330394,-0.321441,0.222235,0.096322,-0.033240,-0.268680
-0.203690,0.204346,0.258554,0.288086,0.309158,0.174227,-0.177685,-0.179143,-0.157322,-0.201068,0.240514,-0.202959,-0.174309,-0.186779,-0.215132,-0.332467,0.238437,0.294999,-0.081681,-0.201142
-0.105516,0.198345,0.286583,0.227453,0.071602,-0.173251,0.093612,-0.284076,0.014766,0.221839,0.561240,-0.139516,0.281939,-0.363798,-0.099988,-0.037876,0.179323,-0.082188,0.096061,0.189102
-0.072588,0.360268,-0.213987,0.212289,0.126681,-0.339758,-0.190339,0.409347,-0.057359,0.219541,0.332699,-0.151745,-0.253507,-0.141790,-0.060208,0.050057,0.332624,0.098983,0.157436,0.133702
0.315023,0.234181,-0.148900,-0.197098,-0.226553,-0.353879,-0.211049,0.193009,-0.207538,-0.220173,-0.096863,0.217591,-0.234257,0.239156,0.183006,-0.359425,-0.143779,-0.197892,-0.198342,0.065967
-0.157787,-0.250497,0.300875,-0.127595,-0.230434,-0.347762,-0.193197,0.199939,0.299987,0.097136,-0.115899,-0.236015,-0.203802,0.280298,-0.037948,-0.342281,0.243931,-0.171168,0.141749,-0.195073
-0.222258,0.228629,-0.129396,0.228641,-0.222951,-0.332916,0.244574,0.052062,-0.090726,-0.244368,0.344263,0.205834,-0.210283,0.274918,-0.212117,0.087273,-0.207843,0.224713,-0.220529,0.250351
-0.225473,-0.025810,-0.103273,0.004141,-0.358138,-0.155641,0.228999,0.103345,0.081580,-0.312641,0.402628,0.024473,0.090012,-0.156850,-0.161448,0.077705,0.313582,0.395293,0.018697,0.367900
0.285572,-0.291462,-0.098510,-0.260134,-0.225819,-0.186126,-0.192436,0.004029,0.307958,0.226373,-0.080309,0.216543,0.103231,-0.252402,-0.313973,0.354620,0.174544,0.194247,0.258848,-0.010883
0.224686,0.009364,0.013348,-0.065988,0.250146,-0.233277,0.117259,0.368176,0.467036,-0.136820,-0.246325,-0.264973,-0.069697,0.155949,-0.179766,-0.286664,0.019893,0.035460,-0.095301,0.395560
-0.175555,-0.214162,0.021187,-0.210527,0.201597,-0.217821,0.250522,0.253318,0.223218,-0.160806,-0.230281,-0.270199,-0.259234,-0.222256,-0.240227,0.166617,-0.248646,0.244933,-0.260881,0.264307
