0.293353,-0.127435,0.041976,-0.051018,-0.007120,-0.232346,-0.141976,0.154313,0.261329,0.143090,0.365367,0.432873,-0.283345,0.144557,0.232621,0.079265,0.118602,-0.183952,0.231652,0.350073
-0.185410,-0.200575,0.209704,-0.264562,-0.165615,-0.268652,-0.020013,0.262916,-0.097267,-0.133605,-0.265229,0.257259,0.316364,-0.295902,0.272045,-0.238308,0.182971,-0.150378,-0.217558,0.237886
0.213245,-0.135536,-0.233623,-0.307720,0.100529,-0.296353,-0.238342,0.261383,0.037771,0.276653,-0.251103,0.356210,-0.136988,-0.130271,-0.167338,-0.268500,-0.209803,-0.227428,-0.186746,-0.171692
-0.216144,0.249019,0.014219,-0.249062,-0.237998,0.072730,-0.275497,0.172370,-0.245120,-0.241560,-0.241819,-0.149923,0.331532,-0.252966,-0.174319,-0.308424,0.178426,0.213905,-0.218857,-0.192870
-0.206247,0.280957,0.395001,-0.343117,0.007535,-0.230485,-0.208585,-0.286615,-0.180701,0.068092,0.040223,0.371409,0.086921,0.265598,0.060668,-0.236631,-0.005289,-0.310189,0.094659,-0.078130
0.162897,0.090671,-0.255109,0.258376,-0.258889,0.164735,0.031735,0.124427,-0.087854,0.023517,0.076464,0.237125,0.016417,-0.296259,0.323527,-0.291105,-0.182886,0.139389,0.386598,0.415479
0.292240,0.194290,0.229350,0.123738,0.311295,-0.344594,-0.089479,-0.100264,-0.102590,-0.191791,-0.264587,-0.169788,0.010916,-0.324456,-0.315579,-0.299234,-0.075931,-0.234966,0.198344,-0.185057
-0.323175,0.318787,-0.021244,0.277329,-0.182838,0.157176,-0.025177,-0.236951,0.298013,-0.187129,0.223204,0.074203,-0.349288,-0.134070,-0.210314,0.275255,0.167676,0.118299,-0.169740,-0.302664
0.270469,-0.212212,0.075298,-0.237179,0.205438,-0.311926,0.008658,0.153599,0.369072,0.248474,0.339836,-0.021706,-0.045218,0.202989,-0.221410,-0.027121,0.180930,0.174914,0.224889,0.368637
0.106396,0.257066,-0.382344,0.063294,0.209267,-0.226622,0.210705,0.154349,0.018059,-0.279709,0.018132,0.318449,-0.189607,0.166453,-0.010144,0.024863,0.284563,-0.362016,-0.314501,0.231107
-0.460280,0.290198,-0.189744,0.265353,0.022850,-0.330763,-0.108213,-0.050092,-0.194809,0.019799,0.403142,0.183558,0.145690,0.015679,-0.369153,0.216056,-0.113741,0.030717,0.143080,-0.005510
0.233975,-0.235187,0.233882,0.138870,-0.013580,-0.220785,-0.065301,0.341794,0.453362,0.006020,0.099742,0.315630,-0.099768,-0.361095,-0.159402,0.191686,0.164836,0.160040,0.110058,0.251800
-0.040373,0.317072,0.048179,-0.316892,0.208189,-0.310142,-0.338784,-0.154311,0.161715,0.277203,-0.254269,0.237534,0.278225,0.103282,-0.158157,0.047861,0.240428,-0.217622,0.185187,-0.195109
-0.034838,0.139601,0.411041,-0.166711,-0.129970,-0.182680,-0.177743,-0.206020,0.394226,-0.024709,0.175401,-0.133621,0.174761,0.321628,-0.112622,0.243520,0.234947,0.356978,-0.100051,0.234497
0.169221,0.044511,-0.379573,-0.324794,-0.168104,-0.316667,0.339299,0.236589,-0.123480,0.119116,0.396660,-0.087256,-0.045268,-0.081361,-0.090205,0.246595,0.029620,0.175082,0.259288,0.222298
0.342707,-0.311389,0.328034,0.133764,-0.196730,-0.364363,-0.321577,0.170678,0.244028,0.280488,0.023719,-0.203708,-0.127433,-0.071806,-0.021360,-0.057602,0.202351,0.190232,-0.008750,0.270962
0.279111,0.214456,-0.170154,-0.269040,-0.197846,-0.315284,0.188950,0.301386,-0.179503,0.285957,-0.300006,-0.204826,-0.117256,0.144271,-0.221433,-0.036897,0.037240,-0.201333,-0.242838,0.279087
-0.353087,0.173094,0.318130,-0.273977,-0.219023,-0.234599,0.139073,-0.327231,0.024955,0.175718,0.063448,0.150090,-0.319617,0.133613,0.004600,0.216909,0.347549,-0.215637,0.042438,-0.213188
-0.206955,0.179634,-0.049459,0.196488,0.258208,-0.247095,0.153422,-0.231480,0.241739,-0.283418,-0.341087,0.173664,-0.229305,-0.208479,0.243096,-0.293718,-0.212528,-0.011361,0.257175,-0.202209
-0.176614,0.194569,0.437885,0.228764,-0.173911,0.189977,-0.076980,0.154903,-0.090406,0.148847,-0.289740,-0.225668,-0.184287,0.205937,0.241807,-0.268222,0.271172,0.281054,0.240336,-0.091329
-0.258593,0.055744,0.239294,0.099123,-0.272864,0.181013,0.035613,-0.240593,-0.248818,0.012475,-0.085873,0.285718,0.268038,0.197764,-0.256872,-0.318431,0.302452,0.275500,-0.250688,-0.192166
-0.174654,-0.210905,-0.217845,0.200875,0.197069,0.190529,-0.256680,0.258614,-0.277308,-0.112095,0.160103,0.283198,0.180034,-0.217963,-0.138497,0.224098,-0.196992,0.310619,-0.263840,0.282459
-0.294111,0.011074,-0.009634,0.166628,-0.026944,-0.267681,0.321524,-0.224536,-0.224108,-0.175936,0.260504,-0.124030,0.365301,0.009322,0.163580,0.151030,-0.299906,0.337960,-0.019331,0.327547
-0.160584,-0.279624,0.060992,-0.276334,-0.174214,-0.237620,-0.320763,-0.082513,-0.278656,0.140714,0.126601,0.089616,-0.215656,-0.196237,-0.216132,-0.086785,0.318800,0.329489,0.230681,0.308628
0.175969,-0.115910,0.087073,-0.116379,-0.391828,0.399468,0.338686,-0.005220,0.002206,-0.451854,-0.210914,0.127593,0.092389,0.002119,-0.286405,0.000604,0.206858,-0.037375,0.277164,-0.173544
-0.012223,0.160772,0.556173,0.244550,0.148279,0.145733,-0.043851,-0.231446,-0.292855,-0.196323,-0.113795,0.300556,0.123403,-0.066191,0.164432,-0.170503,0.258970,0.176323,-0.257392,0.196063
0.144495,-0.349608,-0.004440,-0.085924,-0.208125,0.021410,-0.008718,0.307159,-0.238136,-0.330777,0.407355,0.319517,-0.243429,-0.025356,0.285476,0.304037,-0.181183,-0.059226,0.056750,-0.061261
-0.200697,-0.198437,0.069485,-0.335650,-0.223975,-0.371065,-0.294494,-0.224119,-0.003264,-0.100426,-0.156215,0.378967,-0.245730,-0.230355,-0.212869,-0.300824,0.143679,0.071255,-0.092867,-0.127785
0.187126,0.322745,0.224634,-0.265970,-0.194164,-0.255462,-0.306419,-0.191922,0.111373,-0.158514,-0.219075,0.301935,0.191459,-0.279255,0.203289,-0.196079,-0.191591,-0.179913,-0.194600,0.166985
0.275458,-0.226990,-0.166798,-0.230772,-0.226625,-0.376076,0.168591,0.179129,-0.228777,0.141975,-0.277264,-0.103979,0.223565,-0.248762,0.228458,-0.278973,0.181105,0.115348,0.221251,-0.202723
-0.204694,-0.224004,-0.161323,-0.226496,-0.217761,0.188388,-0.266062,-0.233097,-0.205814,-0.230370,-0.060074,0.203455,0.218334,-0.227471,-0.211177,-0.263474,0.273910,0.256385,-0.217776,0.283755
-0.108600,0.012875,0.479491,0.111625,-0.003212,0.154628,0.367365,0.014663,-0.262345,-0.383824,-0.204527,-0.256968,-0.265745,0.157707,0.020265,0.038917,-0.050321,0.080805,0.354646,0.174111
-0.067751,-0.036361,-0.151530,-0.163756,-0.061468,0.334799,0.240063,-0.344919,-0.166893,-0.053006,-0.261475,0.253962,0.115794,-0.076591,-0.301895,0.083561,0.332386,0.351440,0.369927,0.008880
-0.073273,-0.303352,0.224208,0.149964,0.311281,-0.291162,-0.255611,-0.211500,0.089724,-0.154784,-0.050579,-0.202581,0.258388,-0.277057,-0.190722,0.089816,0.248746,0.203036,-0.319647,0.263181
0.239475,-0.181779,0.071989,-0.277200,-0.154205,-0.326790,-0.219192,-0.115904,0.330257,0.253888,-0.217597,-0.214303,0.339635,-0.143582,-0.179947,0.008822,0.191429,-0.178206,-0.028259,0.362084
-0.158053,0.238150,-0.165243,-0.253101,0.221611,-0.324540,0.018022,0.203520,-0.202084,0.223323,-0.251312,0.354548,-0.187171,0.152299,-0.233166,0.130287,-0.233003,-0.234630,0.231932,0.241827
0.248291,0.072535,-0.001593,-0.244777,-0.152391,-0.317578,-0.190003,0.243632,0.339997,0.177359,-0.237973,0.361471,-0.141127,0.196844,0.070451,-0.311697,-0.035943,-0.108969,0.145845,0.352234
0.037207,-0.226435,-0.019576,0.189158,0.248136,0.194829,-0.276291,-0.256464,-0.165735,-0.254427,-0.324808,-0.241757,-0.204134,-0.215762,0.219165,-0.289647,-0.217210,-0.211688,-0.231874,-0.217899
-0.324826,0.272281,0.033250,0.153686,0.268259,-0.307874,0.168482,0.160477,-0.244140,-0.199258,-0.172402,-0.011972,0.393659,0.275855,0.016987,-0.381125,0.065398,0.032283,-0.252262,-0.000665
-0.211004,0.230824,0.439065,-0.231192,0.139958,0.153931,0.171308,-0.208704,0.148772,-0.272195,-0.000764,0.023473,-0.211551,0.225056,-0.245369,-0.302847,-0.169127,0.299772,-0.228675,-0.157870
0.292067,-0.014123,-0.177661,-0.307434,-0.281274,0.046902,0.146634,0.307166,0.354614,0.188947,-0.187571,0.349681,0.149233,0.015846,0.189233,-0.348197,0.161284,0.156161,-0.196384,0.061666
0.329136,0.004873,0.059672,0.046703,0.229474,-0.395532,-0.059229,0.313515,0.386905,-0.170499,0.093971,0.231560,0.286830,-0.267159,0.237796,0.056883,-0.137892,0.173804,-0.241048,-0.114148
-0.219575,0.126783,0.069937,0.040511,0.173882,0.401577,0.363069,-0.103743,-0.158212,-0.097459,0.046372,0.320034,0.235761,0.241849,-0.226070,-0.240595,0.243085,0.057162,-0.307310,-0.275923
-0.105790,0.246232,-0.002373,-0.264123,-0.211961,-0.216552,-0.000146,-0.207186,0.180089,-0.160355,-0.261166,0.243247,0.339171,-0.300196,-0.295712,0.144021,-0.237095,-0.272550,0.222679,-0.211460
0.284765,0.225148,-0.186041,-0.231921,0.226044,-0.295908,0.173797,-0.125897,-0.232506,-0.201795,-0.262184,0.334236,-0.162397,0.047598,0.216088,0.047758,-0.237403,-0.266616,-0.275568,-0.197169
-0.235875,-0.256605,0.174980,0.202333,0.068987,-0.313319,-0.252700,-0.186679,-0.046760,-0.172228,0.269039,-0.176444,0.356782,0.255181,-0.179196,-0.302982,-0.256905,-0.138029,-0.216758,-0.146991
0.058382,0.066018,0.037833,0.175961,-0.141537,0.271161,0.247242,-0.082008,-0.286600,-0.287678,0.382888,-0.217567,-0.362640,0.301139,-0.007878,-0.107202,0.292996,-0.243528,0.236509,0.068937
-0.178417,-0.111292,0.428916,-0.250782,0.071154,-0.155867,0.220694,-0.345327,-0.252668,0.035765,-0.086296,0.079652,-0.282203,-0.282688,-0.000633,-0.077127,0.327834,-0.209233,0.087077,0.329180
0.170736,0.228126,-0.124519,0.050129,-0.118028,0.262115,-0.109033,0.246414,0.043193,-0.194800,0.463151,-0.058545,-0.192610,-0.242058,-0.405341,0.008287,0.209630,-0.220732,-0.238041,-0.280010
0.177453,0.140440,-0.165049,-0.197111,-0.012860,-0.304438,-0.304257,0.193294,0.151689,0.248241,0.224259,0.344594,0.258937,-0.233192,-0.183083,-0.183293,-0.129623,-0.198743,0.134662,0.378500
0.278933,-0.264171,0.112575,0.194715,0.195629,0.231326,0.098805,-0.260077,0.175894,-0.184078,-0.293301,0.346766,0.326103,-0.192367,-0.216935,-0.275981,-0.234973,0.052484,0.188748,-0.037091
-0.204412,0.226309,0.426151,-0.238288,0.234564,0.051589,0.182118,0.236455,0.141458,-0.241900,-0.106062,0.154193,-0.164187,0.174359,-0.262816,-0.311663,0.281189,-0.190249,-0.200919,-0.170616
0.042339,-0.013711,0.117192,0.249407,0.235810,-0.333451,-0.180473,-0.176723,0.301485,0.180350,0.358168,-0.158941,-0.130422,0.047371,0.331424,-0.267156,-0.005023,0.281440,0.306781,-0.201748
0.199464,0.178234,-0.007973,0.204741,0.423657,0.240904,0.075377,0.230619,0.096360,0.227816,0.317234,0.241873,-0.024210,0.380334,-0.156608,-0.094518,-0.195772,-0.006925,0.216519,0.325266
-0.046738,0.048552,0.115743,0.249487,-0.166740,-0.187451,-0.232828,0.017250,0.299967,-0.288487,-0.276557,-0.268985,-0.261385,-0.197123,-0.174169,-0.279932,-0.259702,-0.292575,-0.189459,0.274798
0.279586,-0.165275,-0.355471,0.175796,-0.123781,-0.223898,-0.136057,0.062913,0.418644,-0.310489,0.077984,0.225210,0.031335,0.035930,-0.186390,-0.260843,0.148995,-0.269833,0.230707,0.259952
0.010329,0.277139,-0.141943,-0.194184,0.155480,-0.293682,-0.171175,0.138019,-0.278030,-0.275697,0.040355,0.371757,0.268100,0.288969,-0.260560,0.082670,-0.051101,0.234187,0.236212,0.264500
-0.186934,0.325265,-0.205535,0.155360,0.056582,-0.259469,0.244521,-0.216052,-0.112073,-0.300524,-0.018343,0.271195,-0.314779,0.276399,-0.254833,-0.032796,0.138577,0.062571,0.334263,-0.250551
0.289333,-0.094042,0.431900,0.272417,0.039545,-0.236732,0.209068,0.326056,0.331287,0.082858,-0.204322,0.332068,-0.000402,-0.126564,-0.072721,-0.254622,0.156336,0.039243,0.041773,0.237839
0.216978,-0.007183,0.374793,-0.254631,-0.006221,-0.133867,0.317738,0.335580,-0.046970,-0.002971,0.571337,0.238371,-0.020646,0.175181,-0.006594,-0.026978,-0.152204,0.139252,0.097529,0.215905
-0.133529,0.217228,-0.116770,-0.217923,-0.209767,-0.336771,0.170682,-0.127097,0.127145,-0.195029,-0.228219,0.333999,0.324919,-0.247097,0.205828,-0.246746,0.149290,-0.248949,0.202898,0.240837
0.308485,-0.007897,-0.235381,-0.246327,-0.210055,-0.322646,-0.207106,0.122844,-0.042874,-0.146321,-0.195453,0.376981,-0.207772,-0.120103,0.156805,-0.265748,-0.222262,-0.141175,-0.186522,0.349282
0.260255,0.186017,0.208048,-0.081263,0.100135,-0.326051,-0.101416,-0.100843,0.412529,-0.234452,0.329121,0.282581,0.121289,-0.003823,-0.232342,-0.276644,0.170018,0.118033,0.212898,0.253501
0.221582,0.120818,-0.340101,0.301123,-0.078232,-0.149792,0.315911,-0.035247,-0.108728,0.037732,0.471856,-0.173561,0.186783,-0.229283,-0.191365,-0.145097,-0.266023,-0.049851,0.226594,0.254192
0.292003,0.171924,-0.168282,-0.234395,0.197747,-0.116989,-0.228593,-0.001405,0.134825,0.305553,-0.231071,-0.191593,0.266331,-0.291931,-0.207371,-0.221795,0.146122,-0.319793,-0.281602,-0.209659
0.238756,0.209307,-0.148917,0.185371,-0.350008,0.089650,-0.271609,-0.241739,-0.212111,-0.216335,-0.288919,-0.171789,-0.144678,-0.350855,-0.254543,0.134854,0.163753,-0.213406,0.185404,-0.203415
-0.005616,0.319414,0.252654,-0.280495,-0.182933,-0.005778,-0.313744,-0.352771,0.251729,0.029236,0.485144,0.154608,0.121075,0.115905,-0.094487,-0.128180,-0.223925,-0.177309,0.056258,-0.193296
0.371460,0.089072,-0.120025,-0.283674,0.197835,-0.347478,-0.290271,0.297349,0.343162,0.229051,0.059670,-0.101000,0.090026,0.244207,-0.208816,-0.273015,-0.066980,0.009244,0.183890,-0.135636
0.205899,0.287090,0.264222,0.189988,-0.111865,-0.160281,0.321603,-0.330984,-0.213622,-0.130557,0.354300,0.223047,-0.392217,-0.051584,0.013869,-0.294326,0.148960,-0.064547,-0.023175,0.099638
-0.343252,0.319657,-0.137314,-0.131072,-0.166172,0.001498,-0.222011,-0.103498,-0.280790,-0.287095,0.318798,0.404338,0.107040,-0.051054,0.177305,-0.235780,0.090899,0.104551,-0.267182,-0.195665
-0.080139,-0.231461,-0.234735,-0.053548,0.235787,-0.354392,0.220726,0.249248,0.194461,-0.270558,-0.121712,0.411930,-0.212335,-0.213410,-0.248908,0.037461,-0.151475,0.211028,0.246465,-0.110789
-0.211426,-0.098377,-0.252452,-0.303566,-0.254132,-0.096889,-0.207580,-0.303760,-0.018701,-0.226748,-0.166262,0.459465,0.332940,-0.098696,-0.082144,-0.050029,-0.073137,-0.264317,0.248560,-0.151842
-0.187845,-0.219926,-0.047018,-0.138384,0.041628,0.084894,0.354191,-0.222386,-0.136297,0.192870,0.244529,-0.240095,-0.076969,0.368022,-0.188444,0.300739,0.292409,-0.094418,0.301936,0.291582
-0.051347,-0.256043,0.163592,0.000154,-0.339268,-0.010391,0.259310,0.333164,-0.208137,0.210503,-0.378485,0.372223,-0.222916,-0.236747,0.027892,0.009303,-0.128028,0.241173,-0.199854,-0.145110
-0.009439,-0.120861,0.258583,0.132466,-0.278881,-0.277383,-0.164351,0.212447,-0.125451,-0.154831,0.299019,0.313532,0.113487,0.255412,-0.098071,0.325367,0.280523,-0.287266,0.189966,0.236022
-0.127287,-0.171354,-0.114032,-0.344730,-0.171866,-0.313519,0.114068,0.269234,-0.134889,0.318955,-0.093905,0.270413,0.295224,0.125609,-0.207578,0.041664,-0.254534,-0.245329,-0.243343,0.274672
-0.164358,-0.212487,-0.043140,0.147540,-0.324313,-0.265768,0.151020,0.194415,-0.220540,0.123699,0.004022,0.304572,0.358119,0.159788,-0.272497,-0.267296,0.189073,-0.233267,0.216243,0.273249
0.234497,0.048892,0.126823,-0.307769,0.350664,0.058230,0.135674,-0.066973,-0.358446,0.056333,-0.102374,0.368827,-0.257089,0.122757,-0.032923,-0.220338,-0.206367,0.245637,0.109636,0.398312
0.308338,0.138550,0.243116,-0.292445,0.199138,0.035626,-0.000855,0.246793,0.257076,-0.153440,0.047747,0.005145,0.321895,-0.346684,-0.216129,-0.217117,-0.079369,-0.331490,-0.239612,0.236799
-0.014106,0.262835,-0.145975,-0.244435,-0.230422,0.261715,0.192249,-0.255196,-0.154581,-0.261201,0.138318,0.206330,0.215384,-0.208424,0.240393,0.208729,0.297941,0.268030,-0.208427,0.277354
0.260244,0.131178,-0.317106,-0.215546,-0.124543,-0.327087,0.130050,-0.216587,0.016889,-0.164491,-0.015776,0.397317,-0.212716,-0.289880,-0.105238,-0.214663,0.237936,-0.158892,0.115175,0.338698
0.294073,-0.220629,-0.192977,-0.194416,-0.207635,-0.335397,-0.117136,-0.170098,0.253637,0.297551,0.267623,0.345184,0.208711,0.018064,0.069032,-0.247691,-0.130599,-0.117748,-0.022073,0.326336
0.320676,0.240986,-0.204322,-0.179174,0.095804,0.100265,-0.053206,0.202410,0.363190,0.243392,0.208532,0.340272,0.127922,-0.312626,-0.067684,-0.149985,-0.157773,0.223044,0.087318,0.358262
-0.186750,-0.085745,-0.293911,-0.049465,0.122070,0.400891,0.357885,-0.036825,-0.378199,0.114622,-0.000238,-0.181260,0.120708,-0.091508,-0.342200,0.041054,0.261215,0.354817,0.015153,-0.196908
-0.192098,-0.220637,-0.193912,-0.280093,0.249720,-0.111182,-0.336281,0.266960,-0.150534,0.304370,-0.239673,-0.131264,-0.081575,-0.252129,-0.194813,-0.260198,-0.230226,-0.174699,-0.239407,-0.180544
0.235022,-0.026089,0.303231,-0.134389,0.083695,-0.166479,0.199116,0.015111,0.332347,-0.025907,0.083251,0.212989,-0.096932,0.403447,-0.203097,-0.235312,0.375144,0.171933,0.280319,0.280002
0.253857,-0.140360,-0.025454,-0.350671,-0.069435,-0.010582,0.088272,-0.345545,0.040492,-0.032996,0.476404,-0.094927,-0.254570,-0.203040,-0.162005,-0.167735,-0.224489,0.314786,0.244281,0.227683
-0.227086,0.201147,-0.179497,0.178317,0.238941,0.177768,-0.272790,-0.241724,-0.107189,-0.256488,-0.329084,-0.243267,-0.195735,0.212093,0.221453,-0.309937,-0.205207,-0.195890,-0.189809,-0.180993
-0.294509,-0.090378,0.098443,-0.277932,-0.163595,-0.028451,-0.261601,0.349068,-0.238957,0.418407,0.029685,-0.005846,-0.222318,-0.154799,0.345693,-0.249156,0.168215,-0.275499,-0.067197,-0.059501
-0.152834,-0.270580,0.109755,-0.270670,-0.263322,-0.265760,0.242767,0.154427,-0.221646,-0.264538,0.109161,-0.136276,0.174737,0.157851,0.239305,-0.297621,-0.263290,-0.208379,0.281329,-0.229326
0.358058,0.105817,0.155223,-0.231396,0.203106,-0.343057,-0.015282,0.098730,0.353146,0.309147,0.170336,0.075222,0.321012,-0.019564,-0.293988,-0.260792,0.030525,0.107113,0.296272,0.032036
0.278623,0.234533,0.194754,0.003390,-0.028688,-0.189531,-0.001361,0.371665,-0.058339,0.094667,0.487939,0.330125,0.210397,0.047906,0.227187,-0.279782,-0.077678,-0.029849,0.195360,0.271229
-0.193885,-0.259736,-0.143561,0.182684,-0.249763,-0.302269,0.155957,-0.210092,-0.225616,0.242785,-0.262595,0.296007,-0.168143,0.173933,-0.230400,0.093199,0.198442,-0.248112,-0.295424,-0.209334
-0.235582,-0.270359,0.238252,0.304720,0.089105,-0.171162,0.070978,0.010610,-0.120504,-0.297426,0.371217,0.176568,-0.024016,0.246678,0.311586,0.026918,0.261897,0.232664,0.312792,0.166259
0.277281,-0.205364,-0.181495,-0.220221,-0.211197,-0.349118,-0.230996,0.186600,-0.177614,-0.171245,-0.234813,0.306820,-0.141872,0.144579,0.203061,-0.275164,-0.223534,0.158702,-0.210390,0.239357
0.229008,0.210717,-0.207281,-0.248029,-0.149172,-0.291620,-0.235360,0.247708,0.304396,-0.144842,-0.290763,0.210044,0.238891,-0.257851,0.277532,0.042099,0.181907,-0.203633,-0.217968,-0.088910
0.112201,0.081283,-0.196823,-0.176272,-0.089589,0.010779,0.339177,-0.249881,-0.249125,-0.108631,0.123760,-0.034691,-0.245588,-0.285833,-0.323371,-0.278638,-0.373678,0.205582,0.060816,0.353786
-0.078710,0.241581,-0.141169,-0.251068,0.219065,0.078725,-0.269920,-0.243931,-0.213139,-0.269438,-0.266935,0.283906,0.283412,0.193278,0.240922,0.013501,-0.187432,-0.140849,0.234192,0.332161
0.413149,0.219995,-0.300972,0.007674,0.205914,-0.221883,0.205234,-0.204019,0.259097,0.194148,0.361639,0.185833,0.153727,-0.285651,-0.007272,-0.131805,0.083706,-0.022470,0.076786,0.329675
-0.233308,0.306604,0.174690,-0.282834,-0.175862,-0.111631,-0.285789,0.282662,0.312015,0.122574,0.049920,0.264766,-0.253561,0.168563,0.114129,-0.268423,0.101206,-0.296058,-0.017025,0.274136
-0.258492,-0.263961,0.102026,0.075699,0.164397,-0.044550,0.346934,-0.062917,-0.236283,-0.331885,0.339818,0.262541,-0.023073,0.265182,-0.288390,0.244553,-0.104593,0.283724,0.051564,-0.189010
0.123054,0.314203,0.444813,0.304735,-0.100716,-0.028450,0.342988,0.133016,-0.167924,0.036398,0.425019,0.144034,0.074228,0.278583,0.115962,-0.328489,-0.059214,-0.051584,0.033852,0.080196
-0.224017,0.256145,-0.230484,0.074491,0.186892,-0.281281,-0.291880,-0.226009,0.024949,-0.144412,-0.218666,0.357719,-0.060383,0.095906,-0.173578,-0.285004,0.239406,-0.092643,-0.276268,0.333969
0.190531,0.111981,0.166510,0.204176,0.059248,-0.362533,-0.041308,-0.146380,0.176559,0.139145,0.412742,0.404827,0.140130,-0.326136,-0.081994,0.367459,0.076529,0.043467,0.082724,0.237814
-0.022910,0.154889,0.290994,0.262050,0.017890,-0.270746,0.298382,0.304567,0.345096,-0.078655,0.103109,-0.082402,-0.314453,-0.322751,0.166164,-0.236966,-0.046243,0.023126,0.156869,0.331554
-0.277965,0.060551,0.375805,0.148844,-0.331931,-0.116019,0.243816,0.156096,-0.256025,-0.271722,-0.096702,-0.330806,0.306733,0.101091,-0.090323,-0.229939,0.074266,0.221788,0.038574,0.261802
0.325270,0.067333,-0.182471,-0.253201,0.209205,0.051649,-0.342318,0.035251,0.271017,0.350853,-0.337194,0.081617,-0.125401,-0.109365,0.219022,-0.265331,0.252113,0.119651,0.156458,0.249154
-0.155588,-0.198082,0.412656,-0.237991,0.215051,0.172770,0.106648,-0.229297,-0.177448,-0.236103,-0.307727,0.087173,-0.206367,0.196441,0.212607,-0.269132,-0.171807,0.275285,0.215251,-0.172089
-0.284602,0.301256,0.012236,0.301385,0.029354,0.300067,0.261851,-0.191650,0.005277,-0.296621,0.351656,0.244374,-0.226518,-0.200679,-0.009209,-0.228442,0.113855,0.321418,0.053074,-0.082044
-0.199456,-0.177952,0.421904,-0.203976,-0.205003,-0.047932,-0.233954,-0.177631,0.177913,-0.223996,-0.266567,0.249201,-0.146269,0.174903,-0.209810,-0.259068,0.215569,0.219293,-0.170668,0.276650
-0.254879,0.253252,0.010142,0.175537,0.186504,0.205899,-0.281681,-0.211388,-0.186680,-0.258279,-0.258721,0.266600,-0.193774,0.149887,0.253833,-0.299520,0.191714,-0.236428,0.299589,-0.051421
0.073951,0.109840,-0.189745,0.127524,0.073585,-0.235296,-0.028263,0.292690,0.479504,0.103368,0.375946,0.084923,-0.180180,0.091645,-0.111401,-0.230452,-0.159727,-0.294704,0.136531,0.395491
-0.222468,-0.064484,-0.335785,-0.058524,-0.146742,-0.254251,0.228810,0.061236,0.273102,0.187269,0.426391,-0.023174,-0.012801,0.180615,-0.095486,-0.295392,0.187922,-0.292129,0.224814,0.309092
0.256814,-0.016805,0.051697,0.220401,-0.066104,-0.160446,0.160266,0.166545,-0.344626,-0.053244,0.494411,0.352639,-0.099483,0.368679,-0.025157,-0.178379,0.086315,0.027152,0.312753,0.155901
0.008524,0.054056,0.440052,0.244001,0.050627,-0.132139,0.131309,-0.116360,-0.100663,-0.080037,0.441247,0.347952,-0.115593,-0.061627,-0.338706,0.129627,0.337681,0.246375,-0.044724,-0.187871
-0.321630,0.246838,-0.177469,0.300681,0.127335,0.333204,-0.346921,0.160880,-0.112910,-0.123915,-0.144684,-0.171587,0.208814,0.161628,-0.131408,-0.067796,-0.041568,0.270046,0.348386,-0.272305
-0.067882,-0.275438,0.322223,0.169379,-0.209736,0.135673,-0.248195,0.229984,0.283686,0.070058,-0.167492,0.303974,-0.170958,-0.186465,-0.224982,-0.288535,-0.273687,0.196294,-0.166073,0.255729
-0.174501,-0.284421,-0.061400,-0.311453,0.016132,0.141916,-0.050849,-0.186880,0.081891,-0.008270,-0.293542,0.352706,-0.169688,0.209841,-0.132793,-0.364312,-0.145927,0.312754,0.253036,0.326047
0.270814,0.195583,0.214849,0.058140,0.172979,-0.289160,-0.231380,0.243916,0.239265,0.328409,-0.254113,-0.001549,-0.144067,-0.222009,-0.199963,-0.294308,0.159971,-0.284788,0.146818,0.240265
-0.282185,0.076416,0.180754,0.341031,0.015767,-0.369138,-0.019855,0.080032,-0.125510,-0.048751,-0.092497,0.390037,0.178216,-0.377606,-0.273984,-0.222633,0.235710,-0.073472,0.084328,0.276379
-0.159904,0.198836,-0.158797,0.365764,0.123583,0.156772,-0.243776,0.181883,0.171194,-0.236942,-0.270219,-0.082145,-0.149299,0.352601,0.288486,0.214178,0.184363,0.007400,-0.198739,0.359257
-0.111960,-0.187760,-0.137761,-0.248889,0.307229,-0.280054,0.144571,0.293382,0.221881,-0.105941,-0.103348,-0.145095,0.376194,-0.272620,-0.306209,0.126952,0.076501,-0.239588,0.182613,0.277452
-0.149508,-0.206998,0.269902,-0.260812,-0.085582,-0.278760,0.130888,-0.179144,0.296806,0.354187,-0.269322,-0.038682,0.233680,0.007294,-0.215597,-0.300107,0.247376,-0.199614,-0.234832,-0.157190
0.254012,0.193863,0.188802,0.146880,0.026558,-0.279804,-0.229598,-0.126531,0.259724,0.328525,-0.307808,0.148049,0.234097,-0.218198,0.273480,-0.216231,0.208353,-0.201058,-0.209344,0.222005
0.325936,0.052535,0.091815,-0.397367,-0.001229,-0.211936,0.273375,0.130719,-0.301153,0.260149,-0.180879,0.115537,0.237282,0.006288,-0.369973,-0.149440,0.087119,-0.144947,-0.162745,0.335945
-0.172054,-0.187739,0.420916,0.201812,0.110573,0.273326,0.208273,-0.245134,0.232826,-0.253496,-0.200396,-0.262363,0.195174,0.125403,0.104946,-0.274686,-0.078640,0.296325,0.223912,-0.122376
0.277030,0.032194,-0.320551,-0.308357,0.043892,-0.390120,0.085416,0.188155,-0.266758,0.260832,0.273321,0.357223,-0.094035,0.163217,-0.145002,-0.261163,-0.013954,0.063859,0.212015,0.110090
-0.214984,0.247658,-0.158116,0.149176,-0.238899,0.204941,-0.301884,-0.050068,-0.063460,0.153682,-0.354889,-0.224993,0.156292,-0.186004,-0.264166,-0.318651,-0.238359,0.327167,-0.012110,-0.232205
