0.232433,0.350695,0.266980,-0.121703,0.000367,-0.185697,0.267152,0.326904,0.173778,0.245101,0.442039,-0.020221,0.275259,-0.133292,-0.317145,0.080877,0.155164,-0.039069,-0.085610,-0.067155
-0.198249,0.242231,0.215726,0.236079,-0.292511,-0.045887,-0.171427,-0.216907,-0.305661,-0.266542,0.105401,-0.211279,-0.240564,0.219753,-0.134992,-0.280371,0.178109,-0.290496,0.187146,0.247582
-0.204308,-0.163652,0.281354,0.192866,-0.241053,-0.141828,0.202428,0.169703,0.211052,-0.268884,0.350968,0.135091,0.175085,-0.218768,-0.254344,-0.217811,0.226127,0.197754,-0.148329,0.325519
0.008384,0.285908,-0.218074,-0.125708,-0.234174,-0.257284,-0.162813,-0.182078,-0.224907,-0.235437,0.259925,0.083917,-0.220069,-0.237537,-0.260035,-0.254181,-0.215492,0.236412,-0.217131,0.327054
0.143296,0.032218,-0.100954,0.176894,0.036787,-0.309424,-0.138668,0.375506,0.316109,-0.200971,-0.086875,-0.286316,-0.140505,0.296283,-0.356109,0.249490,-0.315078,-0.181832,-0.052598,0.134495
-0.367151,0.253329,0.160552,-0.164988,-0.255596,0.155475,0.359125,0.207197,0.243061,0.208671,0.056908,-0.130204,0.200099,-0.049106,-0.276414,-0.055220,0.289118,-0.047643,0.085412,0.385679
0.267763,-0.145545,-0.158747,0.212450,-0.326528,-0.241306,-0.200874,-0.180680,-0.195055,-0.299829,0.187856,0.197320,-0.305183,-0.186302,0.184907,-0.333055,-0.098719,0.204622,0.176236,-0.202814
-0.220563,0.041092,-0.043220,-0.262046,0.210572,-0.319135,0.075459,0.305049,0.166410,0.063775,0.291166,-0.359636,-0.080078,0.273870,0.277531,0.342196,-0.197185,0.120671,-0.161288,-0.182534
0.143361,0.342936,0.207360,-0.111600,0.035578,-0.161313,0.186378,0.326768,0.118916,-0.043213,0.516853,0.165589,-0.007304,-0.257662,-0.310338,-0.119665,0.288179,-0.120175,0.065378,0.219515
-0.310723,-0.071684,-0.073936,-0.298635,-0.206755,0.061646,0.169278,0.085843,0.152235,-0.292138,-0.088617,-0.350964,0.184478,0.236187,-0.268947,-0.090179,0.398147,0.273955,0.194986,-0.199171
-0.241691,0.226506,-0.150997,0.261213,-0.001477,-0.130248,0.077644,-0.113649,0.078839,0.226600,-0.386319,0.103631,0.177427,-0.167949,-0.069759,0.493426,-0.284876,0.251837,-0.283458,-0.113335
0.346928,-0.087839,0.259633,0.011495,-0.025348,0.294972,0.218298,0.116228,0.121277,0.085939,0.433474,-0.031398,0.368757,-0.032801,-0.224484,-0.406571,0.057261,0.168900,0.158152,0.187141
-0.141434,-0.241504,0.003082,-0.115864,-0.170308,-0.303116,0.215031,-0.190844,0.270411,-0.356667,-0.050453,0.279159,-0.166516,-0.274220,0.206924,-0.305392,0.244314,0.262926,-0.188061,-0.143852
-0.127393,0.175613,0.382071,-0.276671,-0.129040,-0.200443,0.132986,-0.023422,0.168699,0.276704,0.341746,0.248234,0.112173,-0.326633,-0.087433,-0.283049,-0.169416,-0.281199,-0.149835,0.186143
0.151122,0.279721,0.330852,-0.084251,-0.156516,0.362182,-0.179994,-0.258720,0.177551,0.286841,0.227914,-0.029086,0.166253,-0.336810,-0.063281,0.385511,-0.125736,-0.082271,0.194437,-0.081665
0.048794,0.028489,0.329843,0.228745,-0.237111,-0.295613,0.150759,-0.200297,-0.208439,0.013838,0.351119,0.228024,0.051356,-0.105044,-0.242389,-0.291474,-0.201282,0.341848,0.212045,0.224930
-0.150320,-0.310365,0.315117,-0.263656,0.340190,0.037574,-0.228518,0.127084,0.224474,0.129551,0.321065,0.116259,-0.227561,-0.204307,-0.237435,-0.279707,-0.231100,0.207479,-0.030145,-0.132216
-0.053369,0.225571,0.312602,-0.317224,-0.163020,0.020521,0.077727,-0.080335,-0.228210,-0.032548,-0.164048,-0.234276,0.108617,-0.258903,-0.293363,0.390853,-0.201361,0.307501,-0.235744,-0.255255
0.195706,0.211986,-0.202337,-0.255498,0.197735,-0.186674,-0.134875,0.373862,-0.264649,-0.199663,-0.276028,-0.265055,0.125399,0.239114,0.111060,0.213399,-0.052076,0.201633,-0.276056,0.268202
-0.259183,0.254253,-0.171135,-0.276454,-0.250583,0.167897,0.278418,-0.132830,-0.262366,-0.134560,0.041579,-0.263257,0.057798,0.299673,-0.260747,-0.234553,0.149219,-0.233391,-0.226161,0.272605
-0.297779,-0.195405,-0.166515,-0.189492,-0.233989,0.246452,-0.163469,-0.110819,-0.277350,0.254991,-0.047846,-0.339094,-0.190683,0.221038,0.177791,-0.234618,-0.186767,0.179034,-0.293727,-0.265927
-0.176984,-0.240355,-0.057149,-0.282474,0.289639,-0.287749,-0.261670,0.257614,-0.145836,-0.197497,-0.173897,0.176418,0.275466,-0.190392,-0.189058,0.309885,0.251123,-0.188588,-0.225984,-0.105291
-0.359788,-0.195332,-0.157349,0.074108,0.027249,-0.076721,0.339541,-0.157725,-0.168320,0.178922,0.239643,0.156946,0.290239,-0.194247,-0.083094,0.388436,0.256014,-0.176877,-0.225439,0.292470
-0.030551,0.203820,-0.185048,-0.243256,-0.178409,0.263151,0.024942,0.277282,-0.234944,-0.198121,-0.270661,0.093500,-0.262793,0.232158,0.214932,0.333897,-0.235201,0.224387,-0.272479,0.220267
0.005004,-0.198598,0.331119,0.062694,-0.352754,0.280242,0.242907,-0.054707,-0.117207,-0.332255,0.185716,-0.179412,-0.240091,-0.143427,-0.064601,0.213650,-0.347476,-0.136722,0.002191,-0.351731
0.101272,-0.279781,-0.246671,-0.375280,0.353104,0.370523,-0.086000,-0.091478,-0.203576,-0.219823,-0.353586,0.215884,-0.147645,0.052376,0.274282,0.055028,-0.205623,0.095085,-0.022269,0.126640
-0.312742,0.083539,0.104055,-0.066439,0.075617,0.063835,0.340808,0.421014,0.044305,0.103582,-0.292644,-0.169866,0.182206,-0.317695,-0.233851,0.277132,-0.241391,-0.062831,-0.236482,-0.256576
-0.070069,0.283952,-0.205512,0.232881,-0.287145,0.164345,0.240136,-0.199622,-0.208128,-0.270246,-0.129631,0.144063,-0.140718,0.274596,0.202289,-0.325396,-0.250753,0.189926,-0.253032,-0.228311
-0.232262,-0.190636,0.257328,-0.234449,-0.278752,-0.314485,-0.219707,0.208206,0.202906,0.161635,-0.227368,-0.242152,0.197628,0.172328,0.177083,-0.229691,-0.228233,-0.199671,-0.225466,0.216818
0.168159,0.124904,0.057489,0.215442,-0.306338,-0.285127,0.196069,-0.186571,-0.217192,-0.236794,-0.240038,-0.253930,0.216593,-0.244323,0.182557,-0.237697,-0.244260,0.224278,-0.237715,0.264124
-0.208908,0.203385,-0.104455,-0.271740,0.239189,-0.251168,-0.222421,-0.238281,0.150901,0.234523,-0.039428,-0.270687,-0.265564,0.236779,0.213696,-0.217540,-0.266416,-0.246012,0.203157,0.242370
0.183804,0.008197,-0.239739,-0.274921,0.125565,0.022139,0.284114,-0.281737,-0.073070,0.250358,0.252760,0.033766,-0.235323,-0.306205,-0.248756,0.359867,0.356322,-0.019375,0.034288,0.233783
0.157385,0.308990,0.344352,-0.132342,0.301362,0.258886,0.181380,-0.067816,0.111962,-0.082193,-0.029537,-0.253524,0.160171,0.308071,0.298766,0.412213,-0.076071,0.201600,0.192717,0.023935
0.292366,-0.230613,-0.061059,0.241161,0.227793,-0.309035,-0.194588,-0.127341,0.214392,-0.315101,-0.036334,-0.205515,0.203676,-0.209801,-0.250303,-0.302776,0.218328,0.219328,0.198887,-0.184440
0.283562,-0.204826,0.174757,0.000478,-0.244193,-0.339867,0.141269,-0.244156,0.198086,-0.254224,0.255022,0.201636,-0.180745,0.124096,-0.274591,-0.316310,0.193296,-0.042337,-0.242091,0.248081
-0.013031,0.277778,0.283478,0.220202,0.233753,-0.250420,0.212769,-0.152987,-0.227803,-0.269204,0.220478,0.143677,-0.231865,0.186404,-0.266262,-0.259074,-0.242531,0.260100,-0.237941,-0.067562
0.050294,0.276398,-0.040601,-0.135213,-0.006065,-0.209587,0.158707,0.331179,0.249493,-0.161763,0.477280,-0.217809,0.141701,0.233049,-0.198344,-0.245247,-0.146898,-0.294269,0.273406,0.043134
-0.206790,-0.225581,-0.166021,-0.245696,0.226198,-0.268357,-0.185967,0.278872,0.195387,-0.203928,-0.265311,-0.229309,-0.236649,0.228274,0.223458,0.152656,0.131475,0.244637,-0.255067,0.237931
-0.333523,0.155205,-0.150533,-0.237066,0.222786,-0.030817,-0.244787,-0.150710,0.250811,0.056066,0.361525,-0.196705,0.119914,-0.199803,-0.287747,-0.216981,-0.040162,-0.026828,-0.282167,0.388615
-0.093641,-0.042529,-0.241154,-0.259277,0.213149,0.216188,-0.134523,0.352791,0.266936,0.169657,0.177555,0.085210,-0.270464,-0.209684,-0.205529,0.265689,-0.256518,0.248909,-0.221231,0.289550
0.222893,0.279541,-0.202000,0.202734,-0.166888,0.107065,-0.220493,0.283768,0.054554,-0.263794,0.007435,0.179249,0.223460,-0.259541,-0.280185,-0.276399,-0.044154,-0.233732,-0.131024,0.413669
-0.080759,0.325199,-0.052599,0.097759,0.288137,0.138021,0.365895,-0.190760,-0.284697,0.057077,0.427577,0.193292,-0.222964,-0.195660,0.175302,-0.369782,-0.152578,0.134619,0.036528,-0.019031
0.007399,0.166339,-0.325992,-0.086775,0.129757,-0.291141,-0.140811,-0.296025,0.271979,0.224659,-0.157689,-0.261662,-0.286147,-0.094492,0.053148,0.402319,-0.261638,0.145031,0.165081,-0.243733
0.175181,0.232132,-0.195197,-0.225140,-0.254021,-0.222285,0.176279,0.246427,-0.265374,-0.274117,0.171715,0.009892,-0.210786,-0.231322,-0.223353,-0.248104,0.225772,0.216933,-0.271270,0.254457
0.145027,0.252389,-0.204293,-0.230410,-0.223009,0.163669,0.207327,-0.201702,0.231449,-0.305528,-0.220783,-0.254751,-0.233099,-0.238498,0.047069,-0.284713,-0.223188,0.279696,0.198563,-0.194246
-0.064196,0.312292,0.354702,0.254731,0.022756,0.198697,0.126272,0.266035,-0.098404,-0.261815,-0.161311,-0.253962,-0.275943,-0.082472,-0.235060,0.268721,-0.307052,0.010460,0.215852,-0.246562
-0.055119,0.277829,0.294908,0.027895,0.340735,0.001941,0.216566,0.293668,-0.349319,0.144214,-0.255744,-0.250128,0.148213,0.226743,-0.085109,0.434942,0.181508,0.000224,-0.085888,0.043220
-0.324303,0.164237,0.396412,0.265727,-0.124132,-0.010525,0.378729,0.149382,-0.286090,0.001507,-0.080444,-0.269139,0.149259,-0.326210,-0.181482,0.297417,0.102325,-0.107437,-0.023017,-0.159523
0.041566,-0.211573,0.145547,0.145758,-0.255825,0.265278,0.315355,0.267453,0.198098,-0.096752,0.366174,0.207806,-0.068517,-0.242591,-0.221997,0.088453,0.310685,0.295675,0.242898,-0.121704
-0.249645,0.345651,-0.043531,-0.150581,0.032151,-0.227402,0.201022,0.217092,0.174608,-0.188920,0.379988,-0.238967,0.254735,-0.184000,-0.186608,-0.199774,-0.160233,0.219218,0.031058,0.370811
0.092379,-0.245098,0.066454,0.245912,-0.183210,-0.134119,0.289273,0.301272,0.091521,0.131902,0.169320,-0.250377,0.230196,-0.245400,-0.211300,-0.246961,-0.265111,-0.308399,-0.297923,0.224443
-0.205156,-0.201774,0.047341,-0.255218,-0.226912,-0.266971,-0.214510,0.266024,0.233604,-0.190841,0.047252,-0.280540,-0.245121,-0.203573,-0.257210,-0.222334,-0.260421,-0.215529,-0.260174,-0.198169
0.006933,-0.043221,0.505675,-0.124403,0.066064,0.006933,-0.279074,-0.182652,0.303292,0.341601,0.201620,-0.272406,0.154011,-0.111181,0.183076,0.065477,-0.095270,0.333018,-0.172975,-0.252841
-0.304294,0.209880,-0.245064,0.270642,0.159280,-0.183913,-0.209991,-0.181737,-0.278444,0.295592,-0.037397,0.002470,0.201353,-0.090949,0.233791,0.281252,0.329956,-0.067352,0.171816,0.319250
-0.043596,0.273186,0.449067,-0.273383,-0.231076,0.267320,0.226150,-0.234642,-0.235971,0.290485,0.234060,0.115256,0.025733,0.126882,0.028454,-0.243824,-0.170363,0.021442,-0.280745,-0.150195
-0.005814,0.258242,0.454444,0.058406,0.025509,-0.000138,0.191466,-0.337171,-0.223921,0.158080,0.415131,-0.259207,-0.174401,-0.068299,-0.255316,0.179952,0.200512,-0.045972,0.166995,0.234190
-0.232743,-0.067183,0.411494,0.259523,-0.009098,-0.043282,0.321688,-0.196730,0.110313,-0.069245,-0.099833,-0.293786,-0.062643,-0.305007,-0.311453,-0.240785,-0.162447,-0.231136,0.199876,-0.274877
-0.323155,0.172093,-0.158830,-0.131817,0.102169,-0.325555,0.242542,0.117539,-0.191055,0.045393,-0.139574,-0.341402,-0.317422,-0.357997,0.183243,-0.104207,0.000189,0.193739,0.179796,0.341278
-0.145601,0.268377,0.564906,-0.095190,-0.229803,0.136645,0.155796,0.008815,0.189815,-0.262445,0.396491,-0.202807,-0.036863,-0.124387,-0.237719,-0.124766,-0.094067,0.188001,-0.047046,-0.210251
0.156808,0.121524,0.511919,0.008221,-0.036043,-0.105338,0.195744,0.129653,-0.212373,0.092674,0.468394,0.045663,-0.108645,-0.126569,-0.327694,0.348056,-0.053369,-0.097401,-0.121698,-0.268940
-0.233504,0.273723,-0.170078,-0.204212,-0.215786,-0.247962,-0.212318,0.207784,-0.205233,-0.256065,-0.172503,-0.285001,-0.208481,-0.246030,0.142951,-0.240428,-0.212417,-0.205634,0.216506,0.261594
0.243200,0.344664,0.249017,0.198799,-0.225100,0.146594,0.088631,0.098030,0.254197,-0.253223,0.384941,0.140656,-0.228889,-0.143209,-0.270295,-0.127300,-0.103448,0.181225,0.197603,0.299079
0.220245,0.209307,0.142769,-0.226809,-0.105746,-0.132030,0.262634,0.319261,0.097710,-0.132657,0.430708,-0.120867,-0.222400,0.256806,0.056884,0.160226,0.160344,0.260452,-0.341121,0.234195
-0.136981,0.297890,-0.429789,-0.303381,-0.081979,-0.140561,-0.075972,0.215082,-0.030672,-0.084560,0.087826,-0.068187,0.341144,0.319974,-0.206301,0.313357,0.229725,0.027552,-0.286220,-0.147667
0.288730,0.202525,-0.102423,0.137488,-0.198703,-0.251559,0.104918,-0.205599,0.287285,-0.302107,0.286065,0.204684,-0.182086,0.282918,-0.226443,-0.268484,-0.153014,0.178584,-0.210810,0.237376
-0.227750,0.255589,0.209579,-0.198250,-0.188465,-0.347337,0.152313,0.166033,-0.172790,0.139168,0.128190,-0.340629,-0.185566,-0.245772,-0.199236,-0.215919,0.168862,0.224579,-0.220240,0.319929
-0.356917,0.234837,0.295214,-0.158258,0.041407,-0.284288,0.082982,0.198971,-0.294036,0.219578,-0.100000,-0.316187,0.191562,0.111951,-0.332673,0.251945,-0.094154,0.221515,-0.195889,0.109207
0.307596,0.232731,0.252847,-0.192774,0.116311,0.157102,0.114271,0.072154,0.265963,-0.188945,0.252471,-0.340512,0.357991,0.142824,-0.005572,-0.271759,-0.060791,0.093906,-0.065521,0.410220
-0.265653,-0.225721,0.153436,-0.020337,-0.172425,0.090472,-0.127943,0.132593,0.088545,-0.056169,-0.454035,0.386619,-0.311397,0.245582,-0.051325,0.408744,-0.214959,-0.132875,0.132475,0.087414
0.282955,0.189573,0.082045,0.094637,-0.078159,-0.063025,0.409368,0.096320,-0.230468,0.266878,-0.147090,-0.289079,0.284241,-0.185438,-0.188396,-0.178154,0.331128,0.238269,0.199100,0.251712
-0.268071,-0.215261,-0.090901,0.000545,0.249355,-0.264501,-0.173042,0.292614,0.251831,-0.239700,-0.115944,-0.302951,0.193999,-0.226394,-0.282134,0.108138,-0.222701,-0.235837,-0.162293,0.296645
0.059312,-0.121033,-0.212738,-0.031889,0.078785,-0.339035,0.299111,-0.225954,0.302342,-0.296488,0.246914,-0.257512,0.110058,-0.278580,-0.261386,-0.264610,-0.001308,0.159858,-0.151330,0.301283
-0.138479,-0.305322,-0.040728,-0.295105,-0.300078,0.160951,0.017240,-0.315701,-0.068276,-0.287820,0.146766,0.272077,0.059111,-0.154689,-0.288844,0.033303,-0.227869,0.236922,0.257696,-0.336817
-0.319663,-0.221312,-0.249668,0.010550,-0.315032,0.085246,0.003798,-0.258459,0.200816,0.222830,0.006379,-0.368917,0.290366,-0.174803,-0.031775,0.135216,-0.283292,0.211901,0.107850,0.340578
-0.051554,-0.170481,-0.177556,0.066173,-0.039990,-0.230098,0.338964,0.314003,0.222896,-0.280375,0.241838,-0.189177,-0.273422,-0.121926,0.165800,0.297687,0.235502,0.279838,0.104199,-0.302338
0.329410,0.048203,-0.095731,-0.174705,-0.182619,-0.341680,0.260584,-0.197475,0.316805,0.138640,0.372243,0.088637,-0.204126,-0.267143,-0.237278,-0.323832,-0.078790,-0.198205,-0.081442,-0.012233
-0.228321,-0.184058,-0.176099,0.233081,-0.228160,-0.222229,0.201629,-0.195445,0.149735,-0.217914,0.134771,-0.229272,-0.354048,-0.243708,-0.233370,-0.242022,-0.264875,0.206850,-0.244437,-0.192997
-0.210184,0.202310,-0.016435,0.187662,0.009250,0.366080,0.471205,0.247241,0.258559,0.022113,0.176156,-0.096964,-0.196882,0.009012,0.084428,0.158808,0.194965,0.199643,-0.140157,-0.430889
0.295598,0.056439,0.219370,-0.114554,0.209075,-0.271885,-0.159278,-0.250732,-0.165809,-0.320716,-0.179157,-0.176021,0.264361,0.210092,-0.253137,-0.322794,-0.087468,0.143586,-0.243694,0.280953
0.163226,0.221101,-0.026055,-0.277633,-0.173770,-0.206941,-0.155041,0.262547,0.249242,0.272940,-0.231008,-0.263113,0.227426,-0.185102,-0.235613,0.357180,0.233938,-0.126937,-0.259648,-0.119077
-0.230753,0.117865,-0.268853,0.298261,-0.243798,-0.255187,0.398463,0.236283,0.093318,-0.191786,0.395721,0.076695,0.065612,-0.194611,-0.222642,-0.301419,-0.095290,0.016912,0.031718,-0.177533
0.291712,-0.219915,-0.008267,-0.093718,-0.253420,-0.248036,0.227494,0.265277,0.253594,-0.232965,0.441848,-0.140487,0.213474,-0.127512,-0.294910,-0.119596,0.272291,-0.065007,0.095702,0.160122
0.133322,-0.116550,-0.207786,0.126456,-0.047145,-0.338375,0.269013,-0.162771,0.190489,-0.139286,0.570819,-0.278023,0.087327,-0.071397,0.135327,-0.197771,-0.184632,-0.246512,0.010699,-0.264485
-0.279827,0.068998,0.192227,0.231109,0.212609,-0.030718,-0.159370,-0.299989,0.252324,0.192597,0.025922,-0.248705,0.075087,0.249699,-0.299833,0.507934,-0.071527,-0.264934,-0.004054,-0.102671
-0.193706,-0.196940,-0.140537,0.231107,-0.235499,-0.269704,0.234823,-0.179237,0.302177,-0.308102,0.192310,0.113646,0.188618,-0.230181,0.171850,0.040205,0.087863,-0.295703,0.203678,0.377590
0.258043,0.222234,0.401234,0.083333,0.165625,0.003268,0.248928,0.347877,0.346738,0.123493,-0.071126,-0.302569,0.191780,-0.045229,-0.166615,0.202690,0.312905,-0.062632,-0.167129,0.190130
-0.076874,0.051071,0.002176,-0.032536,0.019112,-0.334672,0.119127,0.288089,0.083960,-0.159577,-0.460475,-0.037920,0.290616,-0.087481,-0.095291,0.420260,0.244972,0.143500,0.349893,0.232456
0.108926,-0.173890,0.063804,0.200200,-0.236526,-0.276966,0.312862,-0.169568,-0.223171,0.243257,-0.268415,-0.052498,-0.255556,-0.161609,0.223431,0.196613,-0.293540,0.251544,-0.271505,-0.259836
-0.087968,0.239302,-0.201458,0.252541,-0.221237,0.047037,0.104816,0.311106,0.261576,0.120087,0.373042,-0.049302,0.203722,-0.196860,-0.245514,-0.285225,-0.162870,0.224838,0.038158,0.383206
-0.068939,0.248702,-0.052843,0.190639,0.256964,0.219551,-0.137773,0.287545,0.267522,0.282204,-0.048936,-0.260929,-0.240187,-0.238784,-0.267146,-0.244996,0.227561,0.265783,-0.286754,-0.076989
-0.278441,0.135226,-0.222213,0.229842,-0.219804,-0.253969,-0.237213,-0.030675,0.249166,0.053316,0.103538,-0.326007,-0.212836,-0.305081,-0.253895,-0.370774,0.018667,0.031909,0.255163,-0.207949
-0.141630,0.121655,0.036029,0.082960,0.049946,-0.284313,-0.232829,0.284586,0.179426,-0.149136,0.389429,-0.139816,0.358396,-0.273671,-0.306506,0.174973,0.019856,0.310792,-0.014166,0.296147
-0.208490,0.341592,-0.183364,0.234406,-0.206574,-0.234398,0.169708,0.201253,-0.245393,0.116096,-0.193013,-0.273436,-0.258528,0.113186,-0.219996,-0.224688,-0.225112,0.282453,-0.208742,0.214670
-0.181815,0.010586,0.310224,-0.005914,0.008310,-0.315897,0.413177,-0.250643,-0.124990,0.175122,-0.366739,-0.134223,0.367210,0.010747,-0.327243,0.207355,0.062873,0.104510,0.142266,0.134904
0.090234,-0.178111,0.271161,-0.227506,0.221561,-0.248393,-0.231865,-0.038350,0.232551,-0.241225,-0.196477,0.034709,-0.257787,-0.240974,-0.271000,-0.252767,-0.186747,-0.221110,-0.229174,0.344397
0.284004,0.207725,0.274118,-0.191121,-0.209926,-0.295225,0.205444,0.058092,0.172629,-0.221029,0.287146,0.186084,-0.315035,0.181108,-0.211571,-0.287864,0.010532,-0.291812,0.105923,0.189266
0.220022,0.161319,0.371937,-0.170952,-0.055597,0.142915,0.362228,0.039051,0.191632,0.311289,-0.138206,-0.142104,0.132377,-0.307236,-0.198067,-0.162625,-0.019559,0.337426,-0.139542,-0.342829
-0.256542,-0.228858,-0.218748,-0.253689,0.212091,0.217663,-0.082125,0.331797,0.238307,0.218942,0.025103,0.090345,-0.206264,-0.257578,0.167098,-0.235162,0.120636,-0.256302,-0.256089,0.330075
0.239767,0.328170,0.057838,-0.077341,0.194132,-0.192020,-0.430646,0.282913,0.119837,-0.248046,0.085022,-0.212766,0.056700,0.326264,-0.273527,0.116352,-0.160335,0.022546,0.086570,0.354008
-0.125374,0.220940,0.408486,-0.197167,-0.122951,0.187589,0.151464,0.106492,0.190334,0.307684,0.307055,-0.152404,-0.250437,-0.245441,-0.262219,0.215630,0.125191,-0.168884,-0.271939,0.200938
-0.054750,0.340468,0.207633,0.016942,0.175333,0.257436,-0.136358,0.385342,-0.072804,0.299019,-0.316600,0.208297,0.319961,-0.191580,-0.252056,0.119218,0.194993,0.062001,-0.210502,0.179587
-0.202927,0.358955,-0.147927,0.216320,0.283564,-0.332583,-0.104532,0.002068,-0.060146,0.180334,-0.162373,-0.212921,0.109139,0.154343,-0.443887,-0.308990,-0.243202,-0.033675,-0.225725,-0.109680
-0.320492,0.365837,0.077782,0.240785,0.084879,0.180459,0.268434,0.232827,0.176287,0.152949,-0.132513,-0.067849,-0.243522,0.117576,0.118977,0.275877,0.246215,-0.239583,-0.266278,0.323165
0.178106,0.094893,-0.380713,0.004675,0.167923,-0.060058,0.265536,0.076533,0.063290,0.372636,0.482149,0.359902,-0.175423,-0.131281,0.098952,0.328430,0.018112,0.054385,0.177436,0.029022
0.076564,0.194272,0.472137,-0.211437,-0.262090,-0.199631,-0.293139,-0.115994,-0.009894,-0.176200,0.322435,-0.131987,0.254061,0.268987,0.172380,0.328004,0.132891,-0.106830,-0.042285,-0.152499
-0.109595,0.139364,-0.286344,-0.268794,-0.099003,-0.253180,0.323023,-0.243070,0.231343,-0.312956,-0.242889,-0.089927,-0.210352,0.217672,-0.220730,-0.288797,0.190085,0.119505,-0.216484,-0.193439
-0.196739,-0.317676,-0.045565,0.281403,0.266062,0.103010,0.200082,-0.274545,-0.246448,0.093491,0.339672,0.211361,-0.122884,-0.184018,-0.178316,-0.358158,0.039296,-0.259953,0.237942,-0.134174
-0.220461,-0.210741,0.363589,-0.256382,0.226160,-0.237718,-0.156278,0.282369,0.217939,-0.213710,0.068865,-0.293388,0.205252,0.235564,-0.244316,-0.093804,-0.262001,-0.229179,0.045245,-0.154699
-0.234433,0.341334,0.306195,-0.178143,-0.012393,-0.096712,0.373935,0.036981,-0.171453,0.018948,-0.015893,-0.020456,0.164805,-0.244541,0.178966,0.358059,0.083998,0.105901,0.363079,-0.353016
-0.137404,0.268638,-0.091460,0.183379,0.157365,0.140302,0.307715,0.204240,0.192954,-0.120258,-0.280260,-0.289207,-0.244254,-0.286349,-0.286281,0.210900,0.218348,-0.080422,0.237634,0.305819
-0.203813,0.256777,0.416113,0.176615,-0.141343,0.175758,0.278132,-0.196559,0.063353,-0.181681,-0.257767,-0.266566,-0.221567,-0.249546,-0.199357,-0.196842,0.187982,0.228438,0.142557,-0.221586
0.211070,0.269440,0.281828,-0.162966,0.142464,-0.175794,0.249575,0.176990,-0.002188,0.017601,0.537041,-0.196892,0.063737,-0.119408,-0.287099,-0.280834,0.166376,0.046554,0.015897,0.307968
-0.133677,0.309556,0.263312,-0.044305,-0.310721,0.139708,0.262026,0.217084,0.105671,-0.375028,0.489446,-0.094984,-0.196622,-0.235354,-0.125985,0.020912,0.009631,0.115348,0.033617,0.240580
0.183103,0.194734,-0.540130,0.089099,0.231432,0.005384,0.312769,0.142255,0.186334,0.127742,0.352943,0.141374,0.153027,-0.137623,0.412140,0.017183,0.058678,0.119522,0.138570,0.110387
-0.260389,0.138417,-0.013428,0.121865,-0.174789,0.218267,0.092454,-0.194765,0.103561,0.315583,0.493954,-0.133776,0.194617,-0.149348,-0.144648,0.438126,0.317181,0.038578,0.155708,0.041656
-0.208504,0.001479,-0.241978,0.093950,0.214635,-0.197683,-0.256806,0.231829,-0.151881,0.255647,-0.263737,0.165216,-0.222516,-0.047541,0.125786,0.396435,-0.297869,-0.263797,-0.208647,-0.269112
-0.251630,0.272716,0.405138,-0.272961,-0.237381,0.067557,-0.095607,-0.067614,-0.095558,0.324534,0.319551,-0.128633,0.076854,-0.252550,-0.294430,0.165498,0.004001,-0.091651,-0.208158,-0.283571
-0.306039,-0.072767,0.044054,0.258508,-0.222343,-0.186361,-0.133694,0.022280,-0.160931,0.221706,0.278930,-0.045977,0.235933,0.295323,-0.340239,0.269560,0.205950,-0.310564,-0.267290,-0.182095
0.253665,0.366987,0.282644,0.331760,0.206519,0.140558,-0.193799,0.014169,0.003042,-0.040125,0.282786,0.194702,0.198802,-0.178138,-0.327943,-0.265271,-0.160992,0.185474,-0.210247,0.194079
0.104538,0.241740,0.387037,-0.022323,-0.058139,0.374762,-0.072829,0.114815,0.041330,0.253540,0.166517,0.459643,0.104191,-0.132239,-0.137502,0.356908,-0.206016,-0.041452,0.213288,0.220791
-0.217813,-0.244892,-0.156284,-0.299054,0.218498,0.108996,0.252885,0.342424,-0.055575,0.150803,0.372807,-0.259478,0.182949,-0.037998,-0.230755,0.316867,0.071519,0.098598,0.127230,0.293541
-0.173498,-0.137626,0.240568,0.199117,-0.185705,-0.236975,0.230553,-0.189549,-0.186692,-0.305388,0.303080,0.228265,-0.063069,-0.067536,-0.221186,-0.049159,-0.235030,0.312010,-0.207204,0.382401
-0.233441,-0.251957,0.100039,0.223165,-0.334666,-0.325250,0.206350,-0.132283,0.261759,-0.002492,0.199539,-0.232268,0.119642,-0.251761,-0.248898,-0.169579,-0.173273,-0.255093,-0.235751,0.250951
-0.153988,0.193521,0.074394,-0.231491,0.310060,-0.301082,0.017904,-0.198758,0.198941,-0.077310,0.302672,-0.241034,0.236836,0.056092,-0.221491,-0.330937,-0.032895,-0.306788,0.225460,0.306579
-0.362024,0.315443,0.145055,0.070258,-0.110716,-0.261498,-0.219903,0.226144,0.158756,0.101699,0.455650,-0.309308,0.177789,-0.179714,0.084294,0.127678,-0.245384,0.091479,0.238808,-0.107525
-0.132829,-0.128394,-0.174919,-0.130395,-0.222397,0.035898,-0.095865,0.367830,0.214303,0.294162,0.181170,0.232045,0.220273,-0.161536,0.317442,-0.112857,-0.263886,0.244902,-0.354379,0.246155
-0.027144,0.254070,-0.264408,-0.174987,0.071917,0.210232,0.242975,0.311634,0.209573,-0.160499,0.497331,-0.207331,0.054310,-0.159244,-0.274378,-0.246363,0.288085,-0.028461,0.007315,0.143212
-0.237303,0.289910,0.388784,0.213747,-0.187454,-0.225263,-0.236651,-0.230078,-0.216112,-0.094068,0.094949,-0.256966,-0.267865,-0.196544,-0.175843,0.136825,-0.237794,0.203890,0.166304,-0.227111
