0.399245,0.012360,0.445275,0.326496,-0.090420,0.129327,-0.230026,0.245448,0.169636,0.288385,0.103799,-0.253398,-0.185229,-0.032575,0.035111,-0.273332,0.050237,-0.018578,-0.051860,-0.306142
0.122583,-0.149484,0.305412,-0.064114,0.180890,0.194149,0.249785,0.238746,0.293459,0.274604,-0.142215,-0.158705,0.040889,-0.203851,-0.222644,-0.232454,0.385027,-0.145579,-0.269509,-0.282115
-0.046485,0.217160,0.334150,0.308444,0.212463,-0.116280,-0.188317,-0.174554,0.156732,0.222526,-0.189852,-0.246694,0.201764,0.239419,-0.273534,-0.228175,0.267595,0.207319,-0.161175,-0.287799
0.398890,0.029700,0.011749,-0.141564,0.187788,-0.213635,0.209161,0.198367,-0.186982,0.262542,-0.179068,-0.192452,0.288777,0.189768,-0.291695,-0.321110,-0.169068,-0.194468,0.199381,-0.262820
0.496433,0.000182,0.349009,-0.136431,-0.000481,0.185659,-0.019038,-0.238502,0.167282,0.267965,0.114111,0.022214,0.198450,0.016617,-0.281413,-0.273473,0.259980,-0.032336,0.261779,-0.278051
0.056898,0.155298,0.392416,0.397681,-0.180724,0.228730,-0.238936,0.111780,-0.127476,0.185271,-0.157493,-0.203732,0.253089,0.139388,-0.325853,0.131291,-0.240549,-0.277507,0.191860,-0.102322
-0.114150,-0.015911,0.359022,-0.174582,-0.327723,-0.267469,0.209246,-0.122191,0.342014,-0.242722,0.006231,-0.127284,-0.109096,0.243467,-0.218364,0.195590,0.269616,-0.203113,-0.232106,-0.269480
-0.237053,0.094627,0.097485,-0.129784,0.328969,-0.160989,0.183332,0.236436,0.122046,-0.289174,0.626317,-0.037986,0.167481,-0.022798,-0.056758,0.265210,-0.031718,-0.181796,-0.080471,-0.223522
0.431974,0.251660,0.082194,0.261720,-0.162401,-0.079393,-0.052328,-0.183823,0.209705,0.228846,0.034714,-0.229739,0.363285,0.058040,-0.386823,0.146476,-0.100993,-0.111174,0.218240,-0.280455
-0.424735,0.015259,0.140568,-0.259241,0.148028,0.120729,0.004310,0.137069,-0.266593,0.260261,0.046660,0.009707,0.312210,0.029823,-0.286190,0.231549,-0.301924,0.332437,0.282100,0.144542
0.076354,-0.287434,-0.303726,-0.022672,-0.026119,0.344856,0.140775,-0.216102,0.286011,0.034909,0.497198,0.031133,0.150613,-0.192298,0.198405,0.341439,0.045057,-0.075295,-0.003529,0.279546
0.167289,0.018640,0.380097,0.312034,-0.297976,0.048213,-0.263127,0.001776,0.201189,0.102660,0.296784,-0.369451,0.267700,-0.007960,-0.255601,0.238704,0.065778,-0.269266,-0.006056,-0.151587
0.059650,-0.182648,0.283217,-0.212955,-0.236120,-0.239313,-0.177920,-0.222666,-0.138133,-0.135357,-0.378990,0.168056,-0.172379,0.310113,-0.142294,-0.182735,0.293626,0.307209,-0.227072,0.149342
-0.163948,-0.075752,-0.163131,-0.148903,-0.249107,-0.115838,-0.064719,0.001093,0.145721,0.230708,0.634518,-0.242156,-0.005119,-0.124414,-0.260120,0.266035,-0.180326,-0.159627,0.168958,-0.250471
-0.263645,-0.323945,0.238121,0.342285,-0.062190,-0.073251,-0.077376,-0.344043,0.180908,0.266370,-0.175007,0.225387,0.114556,-0.378626,0.169659,-0.028935,-0.254952,0.188009,-0.210196,0.048619
0.027886,0.228431,0.358512,-0.100062,-0.229197,-0.328843,0.207630,-0.103356,0.227263,0.167169,-0.055927,0.193021,0.391352,0.214563,-0.209452,0.224847,0.178228,0.225467,-0.176491,-0.258240
-0.104450,-0.302092,-0.105749,0.319678,-0.220136,-0.233365,-0.117877,0.240240,-0.293519,-0.158938,0.123607,-0.171421,0.215972,-0.296061,-0.107413,0.169827,0.257476,0.307393,0.183521,-0.291044
-0.082635,-0.243648,-0.118750,-0.118495,0.205086,-0.228908,0.012278,0.357934,0.295870,0.074888,-0.095979,-0.289938,0.345597,0.002045,-0.059962,-0.336729,-0.199425,-0.409983,0.211490,0.086639
0.252071,0.182435,0.239916,0.196018,0.295170,-0.271897,0.232048,0.167674,-0.265742,-0.240075,-0.171152,0.203984,-0.229613,0.233556,-0.194804,-0.219956,0.227125,0.259913,0.223589,0.047866
-0.231669,0.246442,-0.203993,0.210226,-0.115147,0.180436,-0.236847,-0.230784,0.260202,-0.212404,-0.154110,0.285135,-0.250694,0.236940,-0.209084,-0.023019,0.258603,0.255651,-0.205700,-0.298265
-0.203851,0.117154,0.360353,-0.107616,0.246712,-0.294544,-0.224639,0.254218,0.094134,0.232118,-0.215455,-0.252736,-0.175280,0.280197,-0.161043,-0.140052,-0.259626,0.254576,-0.246255,0.141055
-0.205013,0.230803,0.204834,-0.101799,0.263278,0.198675,0.167426,0.240432,0.270914,0.259262,0.371649,-0.197513,-0.230714,-0.218257,-0.173742,-0.274545,0.013046,0.203081,-0.232415,0.195328
0.437215,-0.267530,0.103488,-0.120947,-0.193017,-0.258410,0.249209,0.075276,0.129901,-0.226977,-0.186542,-0.227339,0.276641,-0.293696,-0.371614,-0.268207,0.089009,0.064719,0.003797,-0.017666
-0.231814,-0.240611,-0.097478,-0.021770,-0.237014,0.265415,-0.226711,-0.283865,0.194572,-0.218341,-0.194618,-0.236557,-0.291908,-0.132620,-0.238338,-0.113082,-0.249096,0.281582,0.275459,-0.225438
-0.354395,0.221377,-0.262994,-0.337876,-0.014532,-0.093789,-0.146247,-0.002222,0.231822,-0.333568,0.403863,0.095939,-0.049655,0.201072,0.278488,-0.249906,-0.063315,0.176467,0.188092,0.144635
-0.207391,0.145324,0.005484,-0.109803,-0.139253,-0.288122,0.063675,-0.194869,0.291639,-0.124549,0.535717,0.291444,0.121947,0.148042,0.021229,-0.278802,0.276830,0.286757,0.176699,-0.042365
0.254508,0.316031,-0.099629,0.311347,0.018072,0.243190,-0.148439,0.321294,0.244006,0.319709,0.093338,-0.250998,-0.218188,0.286560,-0.158486,-0.107142,-0.124670,-0.202822,-0.252505,-0.153402
0.343668,0.193367,0.338312,0.278678,-0.214854,-0.208661,-0.172877,0.193400,0.254290,-0.181615,-0.333847,-0.130202,0.206697,-0.206220,-0.247437,0.044100,0.216365,-0.066574,-0.240082,0.109702
0.214395,0.216397,0.192511,-0.227787,-0.194226,-0.197070,0.191116,0.193589,-0.228304,-0.267544,-0.183372,-0.125835,0.323677,0.220931,-0.238676,-0.268636,-0.172735,-0.212747,0.191511,-0.316309
0.297891,-0.188941,-0.164306,-0.191612,0.201121,0.087311,-0.232206,-0.283901,0.233868,0.322943,-0.209984,0.194612,-0.150988,-0.197226,-0.252076,-0.072402,0.228669,-0.243718,-0.246544,-0.292153
0.008399,-0.222075,0.206638,-0.267147,0.291247,-0.254472,0.235207,-0.241099,0.217944,0.230370,-0.153833,0.274311,0.210501,-0.236053,-0.198681,-0.055864,-0.237480,0.232362,-0.247814,-0.244142
0.204929,0.014289,0.559909,0.393387,-0.217747,0.099728,0.092420,0.215936,0.200179,0.104403,0.017213,0.164959,-0.033746,-0.115533,-0.296626,-0.270201,0.258326,-0.151194,-0.181573,0.022325
-0.121245,-0.228605,0.237368,-0.210226,-0.069329,-0.261680,0.246541,0.286801,0.068353,-0.099845,0.419496,-0.185144,0.321401,-0.127946,0.060257,0.334590,-0.147976,0.288456,0.225673,-0.001824
-0.065880,0.336728,0.290322,-0.216519,-0.239104,-0.262040,-0.199078,-0.244292,0.236481,-0.208827,-0.329987,-0.116996,0.267192,-0.072793,-0.213904,0.029024,-0.152381,-0.174597,0.150165,-0.322965
-0.068887,0.018812,0.386847,-0.106390,-0.243015,-0.118427,0.263323,-0.205415,0.222595,0.280261,-0.229766,-0.278414,0.321947,0.091175,-0.293808,-0.045445,0.207166,-0.060678,-0.222520,-0.307324
0.194513,0.210721,0.395459,0.257702,0.182394,0.020084,-0.189721,-0.200705,-0.141503,-0.187614,-0.176672,-0.189529,0.356569,0.192465,-0.280172,-0.294892,0.223475,-0.194289,0.198356,-0.077353
0.228374,0.167339,0.155096,0.386092,-0.295482,-0.122171,0.216321,-0.165630,-0.061379,0.225179,-0.249838,-0.259421,0.394909,-0.071311,-0.070709,-0.147724,-0.009212,0.186064,-0.312538,0.256555
0.124633,0.251843,-0.202006,-0.023591,0.277122,-0.052304,-0.242926,-0.244489,0.235294,-0.240965,-0.204235,-0.199939,-0.259672,-0.235546,-0.241397,-0.275638,0.292185,0.237967,0.213379,0.203842
0.506701,-0.178227,0.138094,-0.056248,-0.273585,0.209968,0.240194,-0.186448,0.246992,-0.126695,-0.024739,0.231192,0.282379,0.024951,-0.084654,-0.203701,0.118075,0.211158,0.225238,-0.329337
-0.166130,0.257381,-0.049336,0.128655,-0.215535,-0.313157,0.253721,-0.172822,0.231538,-0.257232,-0.220737,-0.233806,-0.071603,0.231695,-0.272503,-0.308472,-0.111860,0.210283,0.224039,-0.300149
0.434341,0.226659,0.314265,0.181814,0.105618,-0.233780,0.182875,-0.036878,0.133970,0.222919,-0.305768,-0.107093,0.288168,0.119979,-0.251179,0.141758,0.202104,0.138872,-0.150717,-0.302439
-0.089403,0.224905,0.413688,-0.063007,-0.200069,-0.199579,-0.198117,0.194882,-0.244581,0.242381,-0.322964,0.091764,-0.098109,-0.215342,-0.200719,0.168435,0.232918,0.220928,-0.242857,-0.302056
-0.249112,-0.325338,-0.074880,0.384725,0.047601,-0.249873,-0.274864,0.032542,-0.071094,-0.051034,-0.092749,-0.358230,-0.412146,0.110787,-0.200776,-0.021087,-0.102287,0.047360,0.077789,0.388491
0.251108,0.204755,-0.176567,-0.210916,-0.202355,0.027108,0.273927,-0.266492,0.229370,0.199871,-0.201730,-0.181013,0.317606,0.199652,-0.244460,-0.285841,-0.166801,0.212149,0.230373,-0.239793
0.298702,-0.203694,0.288453,-0.175297,-0.254717,0.098815,0.195499,0.247480,0.199685,-0.189685,-0.187321,-0.184222,0.274468,-0.186378,-0.240607,-0.320626,-0.161783,-0.245785,0.268876,0.081970
0.539206,0.095235,0.185931,0.139584,-0.353570,0.159895,-0.099619,-0.116714,0.225671,0.043617,0.088286,0.140153,-0.265277,0.215476,-0.178228,-0.340786,0.012470,-0.253035,-0.146794,-0.203245
-0.110855,0.235283,0.242989,-0.023753,0.048738,0.316347,-0.093195,0.256670,0.225685,-0.327243,0.092377,0.295856,0.331854,0.200748,0.041796,-0.109412,0.076776,0.362150,-0.314538,0.203760
-0.018097,0.324777,0.130032,0.069795,-0.279157,0.039306,-0.146309,-0.265971,-0.046099,-0.281519,0.218945,-0.168254,0.273066,-0.268413,-0.394621,-0.344013,0.210582,-0.251700,-0.089716,0.082099
0.020725,-0.286013,0.003681,-0.118922,-0.057214,0.327498,-0.124954,0.063470,0.147570,0.419355,-0.221668,-0.377965,-0.199054,0.246289,-0.057118,0.167987,-0.124698,0.266692,0.236158,-0.331065
-0.172181,0.301624,0.429961,0.387312,-0.168914,-0.215822,-0.265551,0.138360,0.138246,0.142276,-0.030199,-0.325212,0.317296,-0.157667,-0.049669,0.223860,-0.192606,0.005841,-0.073403,0.114296
0.297713,0.212585,-0.133915,-0.128205,-0.196045,-0.240571,0.123622,0.269764,0.284443,-0.276712,-0.259068,0.317794,0.221788,-0.156514,-0.119749,-0.169146,0.263686,0.317509,0.094053,-0.161340
0.233610,-0.186121,0.308525,-0.114644,-0.226648,-0.267230,-0.209754,0.226544,0.229850,-0.207877,-0.077946,0.217565,0.256506,0.056285,-0.224918,-0.296216,-0.191784,-0.215842,0.232374,-0.300398
-0.186387,-0.041327,0.315595,-0.149951,0.009737,-0.078925,0.287377,-0.136855,-0.066036,0.308719,0.371719,0.195450,0.227126,-0.037757,-0.375619,0.323666,-0.266465,-0.004833,-0.197590,-0.221029
-0.016397,0.086038,-0.012044,0.331610,-0.254659,-0.090316,0.120093,0.259864,0.141655,-0.146748,0.367747,-0.346868,0.179340,-0.126153,-0.170314,-0.284407,-0.311812,-0.317343,0.123035,0.243022
-0.193359,0.124444,0.313822,-0.234029,0.252185,-0.074695,0.113878,-0.127516,0.259214,0.239868,0.363103,-0.187910,0.244739,-0.225003,-0.171880,0.181107,-0.177855,0.243301,-0.260368,-0.268514
0.198770,-0.102534,-0.080415,0.118475,0.318392,0.157804,0.146161,-0.159732,0.168513,0.228747,0.419637,0.037364,0.239178,-0.257090,0.210854,0.408464,0.141361,-0.208926,0.203669,0.241641
0.404937,-0.253078,0.492616,-0.033120,0.106776,-0.138129,0.047634,0.019178,-0.109068,-0.054046,0.009555,-0.279641,-0.239490,0.066298,-0.237884,-0.309382,0.105639,-0.048552,-0.232336,-0.347033
0.344334,-0.278562,-0.133284,0.058553,0.039742,-0.080609,-0.126366,0.331632,0.136088,0.365987,0.210320,-0.328259,-0.060186,0.280330,0.025309,-0.363632,0.173817,0.051093,0.275598,-0.142513
-0.189632,0.104080,0.390612,0.190895,-0.144122,-0.085276,0.036599,0.311349,-0.209182,-0.116484,0.645396,-0.195483,0.177816,0.098925,0.009883,-0.106626,0.199678,0.044550,-0.043396,-0.170829
-0.012404,0.160195,0.392219,0.167491,0.042499,-0.009025,-0.012091,-0.013607,0.049164,-0.085760,0.477342,-0.211767,-0.292593,-0.016378,0.400961,0.492075,-0.003959,-0.003352,-0.106960,-0.085733
-0.009103,0.313470,-0.083451,-0.194866,-0.229112,-0.081572,0.258000,-0.217625,-0.212220,-0.175031,-0.194287,-0.208562,0.290788,-0.223058,-0.271206,-0.333522,-0.190704,0.224088,-0.215360,-0.273243
-0.116108,0.003644,0.369616,0.364488,-0.227200,0.105196,-0.138847,0.219884,-0.114429,0.299191,0.026570,-0.309685,0.192324,-0.212968,-0.258343,-0.304113,0.029422,0.218290,-0.133889,-0.281944
0.357901,0.130187,0.487061,0.233848,0.070454,0.021989,0.263425,-0.244433,-0.083477,0.062571,0.107404,-0.217527,0.315907,-0.225899,-0.055766,0.331429,-0.065107,-0.010750,-0.004456,-0.300936
0.159793,0.101193,0.169823,-0.170186,-0.094695,-0.249897,0.069982,-0.200672,-0.087982,-0.266487,0.516282,-0.261120,0.133839,-0.069167,0.141629,-0.238060,-0.302309,-0.310309,0.270022,-0.127791
-0.065200,0.205303,0.222334,0.211262,-0.316716,-0.227489,-0.199244,0.278341,-0.277564,0.303635,-0.252721,0.220891,0.219040,0.277738,-0.176170,0.125654,0.170938,-0.142520,-0.193058,-0.222848
-0.056843,-0.318887,-0.188807,0.174184,-0.254840,0.108147,0.200730,0.246334,0.233336,0.200395,-0.167043,0.290450,0.229962,-0.324010,-0.237147,-0.010757,0.223129,-0.190585,0.193897,-0.326629
0.079471,0.209505,0.223642,-0.246128,0.221348,-0.312991,-0.340757,0.287924,-0.202247,0.013612,-0.123718,-0.085960,-0.141156,-0.143420,-0.355773,0.110219,0.397962,-0.145817,0.258856,0.059825
0.285630,-0.211457,0.423795,0.106343,0.199164,-0.213573,0.147203,0.171262,0.150764,0.257800,-0.241802,-0.299587,0.262483,0.204669,-0.131120,-0.243001,-0.044983,-0.052703,-0.195242,-0.281336
0.197288,0.031111,-0.063404,0.078828,0.332416,0.275139,0.095160,-0.228549,0.013123,0.235313,0.381067,-0.339558,-0.185990,-0.080419,-0.314229,0.113875,-0.260782,0.274281,0.244678,-0.174519
0.080511,-0.183392,0.491429,-0.013516,0.153159,-0.272916,0.099055,-0.155232,-0.259087,-0.013810,-0.371125,-0.102034,0.305114,0.352910,0.141752,0.129293,-0.234641,0.011074,0.005906,-0.247436
0.358269,-0.157090,0.347153,0.254836,0.157174,-0.214398,0.198598,0.191738,-0.182650,-0.148280,-0.154442,-0.188803,-0.117235,-0.178597,-0.258803,-0.328268,0.231733,0.172509,0.169570,-0.259219
0.450652,0.117281,0.446316,0.308604,-0.183670,0.015357,0.082402,0.195660,-0.229319,0.211306,-0.115713,0.125584,-0.091152,0.060192,-0.267312,-0.299077,-0.213646,-0.207019,0.143706,0.035982
-0.226211,0.064188,-0.263379,-0.217544,-0.321931,0.383406,-0.214098,-0.340087,-0.287649,-0.216284,-0.045269,0.242223,-0.328826,-0.031391,-0.107367,0.117955,0.231477,-0.099250,0.116087,0.119056
0.094995,-0.075126,-0.149444,0.288845,0.281231,-0.200712,0.367820,0.017423,-0.201327,-0.016741,-0.132707,0.445151,0.310177,0.188600,-0.232295,-0.079752,0.185573,-0.131057,-0.352524,0.005023
0.301984,-0.100575,0.297886,-0.221480,0.216782,0.281410,0.331001,0.298339,-0.202671,0.257991,0.435711,-0.169510,-0.237943,-0.072770,0.140199,-0.006778,-0.058857,-0.080173,0.097507,-0.094452
-0.120468,-0.238039,-0.188453,0.198203,0.094967,-0.056474,0.334068,-0.282316,0.303652,0.251157,-0.316996,-0.248227,0.304589,0.262229,-0.103224,0.220781,-0.229127,0.204843,-0.014277,0.132383
-0.080082,-0.187044,0.341743,0.129869,-0.191825,-0.251723,-0.272264,-0.188889,-0.188234,0.190725,-0.160688,-0.177818,-0.142018,-0.242725,-0.250136,-0.324109,0.254563,-0.183601,-0.191572,-0.322212
-0.334419,0.193138,0.361201,-0.200464,-0.110900,-0.013970,-0.098756,0.113115,0.122035,-0.151488,0.396149,0.036274,0.167331,0.041160,-0.324480,-0.158872,-0.272285,0.074456,-0.304383,0.341357
0.191776,0.176520,0.220011,-0.214396,-0.216537,-0.252139,0.308544,0.309287,0.314453,0.223672,-0.301487,0.067428,-0.182917,0.221493,-0.095249,-0.064086,0.257219,0.209611,0.178194,-0.233393
-0.245869,0.284355,0.221624,0.113907,-0.174467,0.216309,0.103588,-0.292031,-0.256263,0.219424,0.014857,-0.234024,0.054972,-0.274690,-0.114152,-0.207052,0.329013,0.273940,-0.255596,-0.267492
0.240925,-0.051826,0.387290,0.300956,0.051075,0.138402,0.218343,0.132422,0.026350,0.264662,-0.328447,0.091111,-0.054110,0.032787,-0.391932,-0.280816,0.086309,-0.266304,-0.168662,-0.285524
-0.075855,-0.223351,0.332188,0.211087,-0.282770,0.126527,0.020809,0.289726,-0.192373,0.267595,-0.295261,-0.315162,0.379186,0.201310,-0.125009,0.145847,0.120544,-0.160779,-0.216250,-0.075094
0.385059,-0.236848,0.448901,0.138162,0.122222,-0.003949,-0.256868,0.264671,0.059922,0.251277,-0.246584,-0.058973,0.340860,0.100706,-0.021824,0.231697,-0.026164,-0.008524,-0.003467,-0.334331
-0.356243,0.172974,-0.199318,-0.199542,0.365565,-0.193088,-0.022534,0.365683,-0.012678,-0.222595,-0.239188,-0.050373,0.046407,0.408337,0.080465,-0.178025,-0.184549,-0.071477,0.209456,0.242728
0.070804,-0.161431,0.363375,-0.105435,-0.327880,-0.083784,0.328115,0.209318,0.265660,-0.241388,-0.318103,-0.174559,-0.170396,0.223514,-0.145053,-0.158298,-0.179137,-0.280086,0.229395,0.104952
-0.152489,0.203218,0.550855,0.284551,-0.264614,-0.094313,0.072321,0.155318,0.094347,0.149431,-0.000474,-0.187138,0.309072,-0.035357,0.224025,0.408764,-0.034847,0.137616,0.125348,0.163103
-0.183695,0.148081,-0.136757,-0.272615,0.205673,0.152894,0.056561,0.057325,-0.004165,0.360264,-0.196814,-0.317169,0.250845,-0.299591,-0.048822,0.430896,-0.364749,-0.154352,-0.035696,0.105499
-0.204948,0.241787,0.293386,-0.236958,-0.173820,0.088496,-0.255647,-0.233130,-0.203331,-0.248413,-0.192562,-0.191604,0.251310,0.249896,-0.210932,-0.275140,-0.220108,0.252031,-0.246960,0.062942
0.320259,0.175679,0.398943,0.126133,0.261405,0.010469,0.032359,-0.143873,0.271529,0.235304,-0.326875,0.086439,0.339007,-0.017082,-0.231415,0.153926,-0.254399,0.162032,-0.219520,-0.162100
-0.164613,0.201816,-0.271111,-0.285533,-0.133785,0.155171,-0.233243,-0.185216,0.273734,-0.262882,-0.122434,0.303768,0.214804,-0.218386,-0.130369,-0.254121,0.275257,0.208025,0.230933,0.217667
0.521514,-0.015689,0.373943,0.351843,-0.193634,-0.117252,0.164126,-0.109289,-0.072945,0.233660,-0.278483,-0.266780,-0.009961,-0.051232,-0.136748,-0.317168,-0.089921,0.023137,-0.184110,0.029111
0.310969,0.074288,0.301501,0.300008,0.115929,0.133316,-0.093491,-0.182586,0.117531,0.348866,0.186272,-0.180163,0.211957,0.145680,-0.387700,0.307827,-0.087235,-0.128823,-0.205365,-0.251609
-0.059698,0.213399,0.245606,0.223297,0.198376,-0.137500,0.234151,-0.227711,0.228298,0.211089,-0.223119,-0.157106,0.265686,0.217719,-0.259521,-0.371435,-0.171784,-0.205579,-0.229832,-0.238182
-0.054670,-0.110327,0.008040,-0.012940,0.389639,0.455782,-0.241758,-0.134529,0.076843,-0.139189,-0.101071,-0.400573,0.057726,0.347477,-0.093895,-0.173011,-0.354665,-0.116611,-0.030919,0.222241
0.268055,0.241674,-0.119758,0.251797,0.199079,0.113238,-0.220181,0.227230,0.230127,-0.209471,-0.226454,-0.208126,-0.107414,-0.226756,-0.288127,-0.394894,-0.187208,0.225935,0.228256,0.088798
0.205960,0.304917,0.246005,0.185609,0.079667,-0.231703,-0.173548,0.212425,0.183205,-0.218324,-0.253928,-0.160648,0.375393,0.290836,-0.212340,0.014361,-0.104465,-0.189781,-0.206014,-0.320427
-0.189761,0.158364,-0.071852,0.039469,0.133544,-0.299095,-0.221786,-0.025086,-0.065983,-0.221676,0.482474,0.188180,0.359032,0.271439,-0.119218,0.379460,-0.167453,-0.131655,-0.007430,-0.217208
0.334295,-0.252127,-0.123660,0.023794,-0.257023,-0.289082,0.198302,-0.264689,0.249448,0.205424,0.029451,0.271763,-0.152816,-0.221904,-0.197194,-0.316371,0.291655,-0.222672,-0.123614,0.095740
0.458358,0.163828,0.239989,0.333886,0.153381,-0.043718,0.041887,0.258151,-0.026953,0.192918,0.053347,-0.212610,0.275923,0.166680,-0.338972,0.308991,0.122892,0.013766,0.126628,-0.261817
-0.196611,-0.124047,0.371382,0.177589,-0.129193,0.083113,-0.150513,0.154873,-0.171921,-0.252861,0.458014,0.139997,0.297130,-0.263942,-0.094610,0.207530,-0.230748,0.186726,-0.086551,-0.278946
-0.430134,-0.239369,0.429668,-0.188405,-0.061823,0.248373,0.155597,-0.097594,0.054565,-0.139961,-0.027954,-0.201987,0.185588,-0.284477,-0.082900,-0.007717,-0.042785,0.274595,0.395497,-0.135017
0.334719,-0.181913,0.050594,0.370689,-0.024478,0.220134,0.216170,-0.269356,-0.043818,0.099520,0.002077,0.283105,0.258430,-0.291495,-0.124035,0.065702,-0.251830,0.294789,-0.029005,-0.363272
0.280532,-0.200001,0.330719,0.316411,-0.026514,0.274773,0.214806,0.042124,-0.036484,-0.218626,0.368326,-0.348087,-0.095427,-0.101669,-0.147028,0.280480,-0.109544,0.048526,-0.005565,0.328054
-0.160169,0.014060,0.589292,0.326474,0.043768,0.137378,-0.030448,0.035447,0.217608,0.165436,0.242667,-0.081899,0.210922,0.029390,-0.443457,-0.257329,0.104697,-0.125348,0.096587,-0.113057
-0.263194,0.185115,0.109672,0.047093,-0.453625,-0.035251,0.282728,-0.241577,0.350676,-0.072150,-0.061179,0.362712,0.243439,0.120829,-0.096952,-0.182189,-0.136564,-0.026571,-0.365767,-0.061846
-0.230344,-0.040328,0.179471,-0.274140,0.223861,0.213248,-0.183770,0.026991,-0.208272,0.114877,0.472838,0.244191,0.001300,0.025577,-0.309303,0.317392,0.255733,0.236231,0.081632,-0.207739
0.237620,-0.141947,0.201159,0.140142,-0.297994,-0.304396,-0.291494,-0.304509,-0.194364,-0.202453,-0.331031,0.223081,-0.041285,-0.166283,0.101581,-0.170801,-0.107802,0.287960,-0.171688,-0.270473
0.203908,0.246779,-0.164228,0.156196,0.277345,-0.105538,-0.224046,0.233119,-0.180682,0.227547,0.194927,0.299562,0.219596,-0.228461,-0.185070,0.156677,0.260289,0.254787,0.233098,-0.308511
-0.206401,0.085753,0.327553,-0.297942,-0.225480,0.460661,-0.024090,-0.041498,0.082269,-0.226951,-0.219530,-0.026483,0.091548,-0.006021,0.379352,-0.227763,0.135505,0.121536,0.332948,-0.182414
-0.154070,0.250282,-0.080286,-0.093696,0.247767,0.118385,0.240726,0.233516,0.250191,0.237185,-0.013173,-0.202475,0.258121,-0.245152,-0.253228,-0.306462,0.267024,0.251202,-0.213030,-0.293149
-0.258400,-0.254816,-0.116056,0.076736,0.257398,-0.308494,-0.284480,0.217592,0.062531,0.280358,0.284455,0.236470,0.221476,-0.135592,-0.114975,-0.123558,-0.100121,0.269450,-0.254838,-0.310495
-0.061112,0.183355,0.500520,0.329215,0.058605,0.100340,-0.119870,0.021929,0.074548,0.155642,-0.108938,-0.308572,0.363578,-0.109658,-0.287767,0.237627,-0.134441,0.065012,0.184834,-0.313959
0.466700,0.036027,0.123348,0.485346,-0.087346,0.109240,0.206084,-0.018303,-0.200381,0.188622,0.380473,-0.230968,0.343579,0.072812,0.057381,0.175751,0.071327,0.007864,-0.053245,-0.168522
-0.458385,0.067385,0.348035,0.307548,0.237667,0.137151,-0.150784,-0.013814,0.047627,-0.081947,0.224015,-0.150515,-0.017397,-0.150855,-0.256573,0.489471,-0.038371,-0.195232,0.056214,-0.135514
0.221313,0.072935,0.009048,0.128886,0.029053,0.032765,-0.221623,0.141103,0.010960,0.200368,0.827642,0.187118,0.060332,-0.096676,-0.167860,0.201413,0.081796,-0.044144,0.056780,-0.064798
-0.242849,-0.214657,0.132597,-0.246819,0.218890,0.175293,-0.124074,-0.256465,-0.273487,0.005844,-0.075362,-0.319425,-0.219165,0.361844,0.227498,-0.088532,0.065126,-0.358241,0.318031,0.042622
-0.142464,-0.122122,0.357637,0.006563,0.262756,-0.269035,0.149785,0.216814,0.209310,-0.242488,0.387739,0.265353,-0.058112,-0.121260,-0.341216,0.178619,0.126164,0.026869,0.250636,-0.238205
0.267140,-0.032186,0.428986,-0.041663,0.256866,-0.323294,0.270702,0.242715,0.084383,0.192909,0.234258,0.180529,-0.182456,0.146306,-0.146662,-0.348107,-0.170038,-0.174692,-0.206037,0.089883
-0.119471,-0.209808,0.332313,0.026117,-0.337536,-0.154729,0.304117,-0.184833,0.201535,-0.211969,-0.310294,0.197203,0.253361,-0.205354,-0.189385,0.168932,-0.089834,-0.138766,0.218400,-0.315534
0.370527,0.170472,0.389705,0.266481,-0.103293,0.159463,0.001326,0.166179,0.112278,-0.034568,0.302034,-0.130812,0.162680,-0.105862,0.251696,0.393166,0.128900,-0.004168,-0.237242,-0.310477
0.291426,-0.066420,0.367986,-0.089569,0.212527,0.323195,-0.008886,0.094555,0.134725,-0.212812,0.330530,-0.305108,0.352228,0.244617,-0.043424,-0.126487,-0.166536,-0.129056,0.278973,0.137103
0.109191,0.242709,-0.220524,-0.234871,0.094390,-0.105654,-0.304280,0.292252,0.339089,0.280525,0.051735,-0.301302,-0.099829,-0.306828,-0.256936,-0.213583,-0.070735,0.275975,-0.205369,-0.032940
0.124417,0.008808,0.290046,-0.255517,0.199770,-0.178765,0.217065,0.254043,0.360834,-0.264241,-0.299235,-0.068788,-0.124262,0.258657,-0.018587,-0.147045,-0.236791,-0.152684,-0.179939,-0.375682
-0.139423,0.160416,0.279670,-0.266513,-0.025575,-0.270748,-0.228467,-0.135448,-0.216033,-0.217682,-0.229526,0.287547,-0.216936,0.185613,-0.239506,0.224796,-0.051956,0.252895,-0.257023,-0.330959
0.504488,0.228455,0.250446,0.265575,-0.231146,0.218982,0.032962,0.200981,0.101120,0.373303,0.230987,-0.208785,-0.179562,0.064861,0.088188,-0.244713,0.097896,0.082588,-0.044282,-0.219508
0.107066,0.230256,0.179448,0.203322,-0.017814,0.187167,-0.253152,0.251538,0.256109,-0.242907,0.449108,-0.244029,-0.226965,-0.147127,-0.160913,0.218552,0.136024,0.166105,-0.249410,0.241478
0.443589,0.161418,0.129918,0.389949,-0.075982,-0.080891,0.059894,0.153272,0.128688,0.238718,-0.112468,-0.288318,0.361071,0.078412,-0.346395,0.235120,0.023073,-0.247752,0.128345,0.096634
0.110817,-0.240807,0.181415,-0.144845,0.278531,-0.315002,0.254283,-0.238489,0.278977,0.209589,-0.134947,-0.236549,0.194604,-0.281895,-0.231942,-0.241775,-0.200018,0.282649,0.173792,-0.043430
