0.576431,0.038913,0.192936,0.261278,0.083131,-0.064213,0.016551,0.401902,0.096458,0.059974,-0.306306,0.109094,-0.005462,0.034431,0.441645,0.080938,0.077961,-0.084446,0.133576,-0.188136
-0.159326,-0.249728,0.269464,0.282050,0.175810,-0.263539,-0.264555,-0.148380,0.161847,-0.207090,-0.256635,0.215134,-0.272259,-0.095668,0.124324,-0.335916,-0.216497,0.243401,0.180788,-0.190063
0.339477,0.230610,-0.212650,-0.037321,-0.290556,-0.320212,-0.002376,-0.099257,-0.150715,-0.279520,0.248999,-0.217089,-0.244011,0.043291,-0.217875,-0.351395,-0.116503,-0.014433,0.265179,0.248409
-0.269792,-0.253699,-0.197472,-0.230568,-0.220631,-0.087872,0.121925,-0.188230,-0.241445,-0.268063,0.096571,0.224504,0.261174,0.271444,-0.234643,-0.288847,0.231505,-0.239832,-0.128551,-0.257084
-0.351457,-0.011820,0.013538,0.336928,-0.092181,0.180891,-0.279010,-0.299207,-0.043287,-0.241457,-0.138979,-0.027222,-0.309807,0.312384,-0.270858,0.278128,0.192292,-0.046147,-0.297717,0.042281
-0.249068,0.210760,0.197844,0.027633,-0.215957,0.057747,-0.229355,0.273528,0.164609,0.011897,-0.226542,0.211116,0.399101,-0.164303,0.237953,0.088524,0.261615,-0.299184,-0.366436,0.100765
0.271060,0.228301,-0.230367,-0.209273,0.222370,-0.275562,0.163209,0.210396,0.241533,0.173750,-0.202140,-0.185204,-0.112632,0.250895,0.373880,-0.281145,0.135869,0.240131,-0.084352,-0.199659
-0.075676,-0.085023,0.165881,-0.011156,-0.366265,0.121839,-0.273725,-0.156189,0.385533,-0.281875,0.059077,0.348479,-0.063504,0.175104,0.247720,0.301562,-0.023467,0.001352,-0.149290,-0.385009
0.223122,0.179955,0.042032,0.148230,-0.102898,-0.187257,0.278051,0.284480,0.040139,-0.427346,0.404518,0.420155,-0.182973,-0.040270,-0.212300,0.063398,0.187266,0.082121,0.153885,-0.126939
-0.305484,0.129338,0.268349,-0.370982,0.306265,0.353200,0.264506,-0.143423,0.125135,0.045247,-0.068169,-0.182449,-0.202057,-0.116404,-0.085052,0.332178,0.152308,0.313835,0.135474,-0.059937
-0.069772,0.256434,0.040646,0.089689,-0.343615,0.345442,-0.360308,0.010796,-0.339424,-0.066944,0.071044,-0.022550,0.027440,-0.326864,-0.275802,0.489126,0.061771,-0.005717,-0.014157,-0.011755
0.260897,-0.018564,-0.272687,0.178848,-0.044390,0.214639,0.392776,-0.353901,-0.067242,-0.027258,-0.260450,0.191338,0.102505,0.100245,-0.118082,0.309859,-0.329703,0.036682,-0.383263,-0.022884
0.278463,0.211378,0.379386,0.007008,0.159112,-0.070277,0.071784,-0.154251,-0.199437,0.071621,0.214365,-0.204801,-0.181899,-0.183144,-0.253575,-0.362904,-0.223121,-0.318708,0.269332,-0.235090
-0.175578,0.118959,0.257004,-0.045882,-0.177875,0.047558,0.254906,-0.179784,0.221052,0.110666,0.416596,-0.161505,0.288660,-0.298430,0.283305,0.267345,-0.047103,-0.097898,-0.258759,-0.303377
-0.200339,-0.282711,-0.328606,0.078686,-0.208124,-0.029258,-0.147969,-0.149912,0.180192,0.342538,0.334993,0.068523,-0.003950,-0.269198,-0.060695,0.365847,-0.198946,0.172182,-0.188013,-0.309714
0.266300,0.265158,-0.124513,0.247858,-0.260298,-0.225137,-0.210954,-0.230115,0.163060,-0.278780,0.188874,0.133168,-0.176489,0.237506,0.131342,-0.353773,-0.189342,-0.217836,-0.199067,-0.235233
-0.110575,0.003424,0.337076,0.355515,-0.334287,-0.250120,-0.237122,-0.142165,0.232096,-0.242581,-0.165019,-0.199266,0.085996,-0.219116,0.231652,0.088704,-0.253060,-0.235129,-0.255182,-0.126383
-0.155206,-0.312458,-0.168358,-0.190830,0.118693,0.018252,0.281939,-0.195500,-0.317040,0.169966,0.279034,0.126047,0.274182,-0.327084,0.091477,0.424021,-0.177853,0.182512,0.148411,-0.030802
0.037272,0.269890,0.211304,-0.281144,-0.102497,-0.265816,0.351013,-0.181853,-0.218111,0.300064,0.208624,-0.200249,0.229453,0.227134,-0.223290,-0.111042,0.098788,0.224152,-0.261718,-0.220167
-0.248450,-0.137696,0.293128,0.089077,-0.220216,-0.281308,0.329393,-0.196596,0.197183,-0.227971,-0.206483,-0.172698,0.236066,-0.213418,-0.239080,-0.169292,0.178286,-0.217852,-0.262568,-0.228216
0.140014,0.250734,-0.090749,-0.303827,-0.246008,0.109313,0.312268,0.258370,-0.197233,-0.234926,0.258178,-0.276324,0.214740,0.267593,0.187049,0.278059,-0.102434,-0.257462,-0.181513,-0.058269
-0.249430,0.239437,-0.217417,0.105298,0.234419,-0.310509,-0.027425,0.202958,0.278513,0.196128,-0.221772,0.218567,-0.251278,-0.200051,0.166283,-0.209110,0.223455,0.231889,-0.235712,-0.286344
-0.138355,0.279188,-0.267156,0.141160,0.265028,-0.132609,0.206442,-0.275442,0.342468,-0.037830,-0.276212,-0.282159,-0.024760,0.100955,-0.260894,-0.177672,0.296361,-0.113923,-0.302045,0.167933
0.052038,0.297104,-0.296452,0.269249,0.261881,0.203082,-0.132366,0.335053,-0.211107,-0.071305,0.006225,-0.201187,0.199576,-0.125966,0.235380,-0.013319,-0.310298,-0.230953,0.296381,0.264814
0.083882,0.010741,-0.222482,-0.162364,0.006889,0.354302,-0.188013,-0.098109,0.271584,-0.228971,0.311278,0.150145,0.018639,-0.353458,0.070661,0.453567,0.245760,0.310403,0.089598,-0.006461
-0.222380,-0.072475,0.443067,0.016803,-0.177502,-0.257694,0.073375,-0.178511,-0.177814,-0.331633,0.470510,-0.180204,0.017362,-0.210209,0.090087,0.241360,-0.106851,-0.120621,0.224590,0.175564
-0.158904,-0.345563,0.049808,0.009782,-0.061067,0.230458,0.101331,0.194771,0.255720,-0.102252,0.364168,0.059644,0.239389,-0.339549,0.308873,0.123931,0.323556,0.054470,0.204022,0.321011
0.282082,0.269483,0.243798,0.003723,0.261680,-0.241082,-0.247129,-0.052794,0.201365,-0.220462,0.214565,-0.038260,0.245712,-0.198926,-0.265977,-0.331698,-0.281218,0.304982,0.029808,-0.086881
0.131189,-0.196871,0.160624,-0.202364,0.270942,-0.204178,-0.250301,0.322365,-0.198309,-0.225338,-0.288917,-0.210805,0.199718,0.306603,0.222429,-0.161177,-0.235567,-0.193128,-0.186499,-0.201691
0.089345,-0.211375,0.263740,-0.201295,-0.264672,-0.233226,0.086740,-0.177072,0.199837,0.155443,-0.300308,0.167004,0.234183,0.228695,0.192401,-0.304371,-0.269188,-0.254099,0.214419,0.268247
-0.241244,0.251089,-0.198560,-0.288990,0.228769,0.195684,-0.111263,-0.246026,0.236107,0.262236,-0.153593,-0.222636,-0.217793,0.243419,-0.204479,-0.231101,-0.213909,-0.197604,-0.262677,-0.197227
-0.165016,-0.062957,0.341861,-0.170463,0.066451,-0.153111,0.403967,-0.199282,-0.296218,0.175886,-0.227508,-0.328441,0.366637,0.147491,0.060626,-0.186444,-0.102087,0.252886,-0.207328,0.042815
-0.241185,-0.221935,-0.046435,-0.128291,0.207013,-0.350143,0.350352,0.049833,0.151494,-0.160038,-0.339113,-0.386753,0.167827,-0.243133,-0.286253,-0.185319,-0.004578,-0.150632,0.083689,-0.191988
0.142382,-0.201779,0.263567,0.274664,-0.190438,-0.257017,-0.239194,-0.128683,0.210658,0.194711,-0.233504,-0.133971,-0.206433,0.216171,-0.230552,-0.337718,-0.273662,0.208418,-0.200232,-0.219709
0.236483,-0.257629,0.272196,0.308338,0.152085,-0.292928,0.097144,0.267880,0.234962,-0.076039,-0.228858,0.232990,-0.190502,-0.219573,-0.226068,-0.325348,0.158303,0.211229,0.189672,-0.060357
-0.273408,0.223065,-0.145284,-0.225927,-0.259613,-0.262891,-0.096332,-0.172780,0.225445,0.191893,-0.241946,-0.243071,0.262037,-0.225548,0.227221,-0.269312,-0.233314,0.249699,-0.027762,-0.247338
0.315355,-0.085988,-0.257157,0.330517,-0.066592,-0.271422,-0.231292,0.284205,0.103820,-0.202730,0.347373,0.243995,0.099755,-0.304704,-0.065010,-0.249429,0.085495,0.180862,-0.253002,-0.008093
-0.272079,0.270569,0.292445,0.051402,-0.240049,-0.293203,-0.213477,0.199342,0.185739,-0.231112,0.070309,0.225048,0.251312,-0.190699,-0.253266,-0.223128,-0.267197,0.215832,-0.242674,0.043283
-0.335073,-0.330569,-0.037329,-0.245093,0.217316,-0.281627,-0.194826,0.102625,0.178614,0.148565,-0.060247,-0.319349,-0.010759,0.196440,0.255299,-0.325082,0.133881,-0.005375,0.285865,-0.270439
0.199058,0.265336,-0.058583,0.098703,0.245410,0.146320,0.361680,-0.179202,0.271672,0.258090,-0.169599,0.194718,0.270699,0.267393,0.252958,-0.206941,0.219379,-0.166426,0.207514,-0.233809
0.341401,-0.226948,-0.048392,-0.053155,-0.280007,-0.249511,0.177524,0.011905,-0.183312,-0.264077,0.274635,0.223820,0.271382,0.255312,-0.212803,-0.310521,0.130156,0.236877,0.218020,0.156437
0.250193,0.226469,0.198494,0.330254,0.053380,0.224346,-0.226106,-0.147550,-0.244910,0.195485,-0.278112,0.272019,-0.171531,0.068270,0.107807,-0.347785,-0.125148,0.227922,-0.255334,0.250140
-0.261174,0.068514,-0.114944,0.159945,0.290550,0.072640,0.397220,0.070963,-0.043047,0.185435,0.335807,-0.264219,-0.017145,-0.368867,-0.227174,-0.239602,0.196745,-0.056133,0.314562,-0.175454
0.160363,0.210975,-0.187627,-0.201890,0.222333,-0.218388,0.124575,0.304331,-0.216888,-0.220970,-0.170487,-0.266966,0.212525,-0.197226,0.228810,-0.263221,-0.294966,0.274536,-0.190313,0.219192
-0.092363,-0.262123,-0.167538,0.114396,0.271458,-0.270351,0.126463,-0.204215,0.209870,0.144921,-0.240680,-0.243519,-0.236612,-0.212071,-0.275423,-0.251786,-0.218573,0.309991,0.256709,0.211830
0.062079,-0.098356,0.312477,-0.209276,0.199594,-0.400767,0.346316,-0.059234,-0.246329,0.170067,-0.204982,0.274358,-0.149782,-0.256074,-0.132115,-0.205816,0.304606,-0.191699,-0.179928,0.067206
-0.335035,-0.153591,0.226331,0.247644,-0.008832,0.081332,-0.234994,-0.297375,0.188277,0.394929,-0.040976,0.203855,-0.265875,0.066997,0.293163,-0.191972,0.277877,-0.219341,-0.064895,0.197723
0.237843,-0.297706,-0.210512,-0.013126,-0.039598,-0.312346,0.323227,-0.236725,0.146305,-0.196175,-0.274192,-0.134811,-0.311359,0.145787,-0.303095,0.098247,-0.279230,-0.065352,-0.243278,-0.190485
-0.040224,0.269203,-0.319394,0.097493,0.103022,0.117185,0.363841,-0.141658,0.118154,-0.115126,0.275749,-0.034640,0.279925,-0.344302,-0.074392,-0.173195,0.391976,0.003132,0.223309,0.311762
0.364806,-0.246393,0.236052,0.295556,0.050048,0.186010,-0.098935,-0.093286,0.002635,-0.206847,0.340329,0.084946,-0.095962,-0.060207,-0.205955,-0.296290,0.320839,0.194371,0.274810,0.287103
-0.312213,0.262083,0.130937,0.154336,0.285328,0.023706,-0.305348,-0.286953,0.307475,-0.058688,-0.060307,-0.265356,-0.292280,-0.255349,-0.141348,-0.167156,-0.267493,-0.012367,0.195395,0.234195
-0.234491,-0.130593,-0.190798,-0.251175,-0.210662,-0.282511,0.275217,-0.232003,0.208261,-0.203261,-0.211910,-0.226331,0.237613,0.254589,-0.224131,0.211808,-0.256406,-0.166472,-0.226018,0.181583
-0.207149,0.171772,-0.185555,-0.341548,0.088832,0.206351,0.280145,-0.016322,0.241044,-0.312556,-0.198119,-0.054147,0.247117,0.223371,0.275601,0.335834,-0.325808,-0.032060,0.025732,-0.204353
0.236955,0.278422,-0.379096,-0.159079,-0.322790,0.040435,-0.304092,0.057208,-0.044633,0.074661,0.379260,-0.020713,0.000031,0.224408,0.122861,0.227290,0.163127,0.340198,0.289481,0.025463
-0.221679,-0.295525,0.347580,0.102354,-0.224075,0.165486,-0.220851,-0.268391,0.273073,-0.131499,0.188866,0.221177,-0.240363,-0.214614,0.242261,-0.182063,0.105615,-0.287058,-0.049248,-0.256373
0.320783,0.125808,0.346196,0.099642,0.214941,-0.241173,0.269683,-0.139509,0.397265,0.115961,0.337573,0.040780,0.334103,-0.162276,-0.101979,0.312733,0.102521,-0.008955,0.092620,-0.052162
0.142469,0.239312,0.341916,-0.295066,-0.205290,-0.186244,0.100102,0.315722,-0.288669,-0.229040,-0.021094,0.146879,0.119007,0.257560,0.270791,0.240216,0.194649,-0.256863,-0.090692,-0.224720
-0.275133,-0.145323,-0.086989,-0.215038,-0.264625,-0.218100,0.343258,-0.142250,0.087474,0.143440,0.311268,-0.302889,-0.036032,0.063278,-0.272785,-0.119484,0.316647,0.296983,-0.307209,0.005604
-0.282788,-0.139865,0.464427,0.352189,0.071889,0.120006,0.233210,0.338726,0.318805,-0.063689,-0.071213,-0.006507,0.192163,0.039581,-0.115660,0.261055,0.192103,0.106074,0.302267,0.041234
-0.294133,0.061242,-0.290897,0.058292,0.084964,-0.122579,0.334068,0.082710,0.156633,-0.084191,0.479727,0.198714,0.050229,0.205248,-0.090299,-0.526802,-0.136411,0.041684,-0.145730,-0.088746
0.099259,-0.230056,0.182885,-0.233001,-0.231607,0.025121,-0.264693,-0.212936,0.230720,-0.267012,-0.231872,0.164414,0.239215,0.259428,0.220642,-0.288401,-0.217246,0.274605,-0.182506,0.249377
0.357839,-0.259934,-0.246010,0.125152,0.202543,-0.269147,0.006802,0.027788,-0.045366,-0.134231,0.360039,-0.186747,-0.226027,-0.245831,-0.289515,-0.313035,-0.096508,0.028953,0.278806,0.219373
0.186459,0.149294,0.290028,0.175827,-0.083482,-0.101425,0.018024,0.324729,0.107006,-0.390499,-0.022891,0.181410,0.026560,0.065512,-0.148323,0.221602,0.399222,-0.377462,0.179860,-0.311768
-0.228656,-0.155965,0.049558,0.036095,-0.320176,0.112393,0.295251,0.221039,0.242025,0.300427,-0.022620,-0.176681,-0.255885,0.273743,-0.195552,0.378731,0.086799,0.261777,0.174080,-0.243804
0.248427,-0.306281,0.308263,0.237382,-0.203433,-0.265372,-0.235075,-0.097988,0.233655,-0.208786,-0.229987,0.230373,-0.191726,-0.179233,0.164428,-0.257666,-0.253734,0.180286,-0.093362,0.210633
-0.242803,0.205308,-0.138005,-0.258198,-0.301969,-0.227354,0.108993,-0.198522,-0.255150,-0.216678,-0.303648,-0.245288,0.206598,-0.207507,0.199378,0.003915,-0.213738,0.212868,0.297777,-0.222310
-0.348202,0.029117,0.404286,-0.073459,0.022248,-0.437265,0.092335,-0.367562,0.279294,0.188077,-0.345909,0.106850,-0.049120,-0.029354,-0.036881,0.182398,-0.295385,-0.039891,0.017700,0.047257
0.358440,-0.012621,0.302463,-0.078406,-0.004914,-0.372639,-0.017715,0.281075,0.137182,-0.194315,0.260997,0.384677,-0.159195,-0.218017,0.266044,-0.231490,-0.078806,0.182388,-0.144524,0.158906
-0.179149,-0.185804,-0.003365,-0.051854,-0.137447,0.212962,0.256145,0.084895,0.267642,0.049672,0.340493,0.338190,-0.130031,0.245600,-0.425966,-0.142369,-0.072492,0.215016,0.381689,0.114441
-0.188600,0.358872,0.048435,-0.292992,0.025827,-0.217758,-0.270512,0.013206,0.089557,-0.327005,-0.298295,-0.304541,0.174128,0.068696,-0.299279,0.400587,0.038547,0.009841,-0.201738,0.044466
-0.257391,0.166041,0.333791,-0.185882,0.247125,-0.255380,-0.221655,-0.196056,-0.232568,0.143168,-0.226985,-0.231366,-0.183779,0.277866,0.217949,0.013554,0.227167,0.264434,-0.192192,-0.222663
-0.255130,-0.067285,0.346317,-0.169648,-0.285274,-0.234774,0.220560,-0.200113,0.202894,-0.169736,-0.238271,0.148658,0.300583,-0.070682,-0.239744,-0.118118,-0.211865,-0.279770,0.342780,0.013895
0.137525,-0.213793,0.324867,-0.163922,-0.023664,-0.147426,0.348521,-0.153918,-0.155518,0.238208,-0.280555,-0.283282,-0.151767,0.206665,-0.305089,0.372858,-0.128825,0.208000,0.158645,-0.112940
-0.390139,-0.034413,0.468806,0.331411,0.053329,-0.015739,-0.090253,0.043926,-0.159303,-0.179222,-0.302429,0.010122,0.220747,0.241105,0.142079,-0.166132,0.196883,0.339075,-0.193704,0.094134
0.171973,-0.028051,0.022740,-0.161958,-0.137213,0.126216,0.430331,0.300677,0.196603,0.114402,0.418107,0.033412,0.017245,-0.203550,0.186704,0.402850,0.163937,-0.074914,0.153708,0.331485
0.287233,0.222014,0.239097,0.267750,-0.284259,-0.247311,-0.092472,-0.174442,0.172559,-0.262741,-0.163233,-0.135061,-0.114019,-0.226006,0.178499,-0.340208,-0.088599,0.258686,0.274960,0.229462
-0.247449,0.208932,0.209549,-0.184433,0.227648,-0.219848,0.090599,0.289447,-0.332515,0.136839,-0.205232,-0.302529,0.182469,0.222459,-0.192035,-0.302919,-0.206404,0.196575,-0.172137,-0.199535
-0.039180,-0.083268,0.073592,0.372117,0.142260,0.247698,0.311177,0.142562,0.199997,-0.377754,-0.058414,0.131370,0.312126,0.043844,0.227416,0.206651,0.168286,-0.212264,-0.238751,0.348403
-0.181217,0.203405,-0.214696,-0.168954,0.309235,-0.269929,-0.247686,-0.226094,0.233689,-0.108218,-0.231244,0.318567,-0.213095,-0.105385,0.230272,-0.280456,0.204309,0.214991,-0.160281,-0.216939
-0.262858,0.062282,0.316806,-0.282016,0.216317,0.189161,0.137143,0.254893,-0.190044,-0.174551,-0.189130,-0.226737,-0.234432,0.239377,0.241350,-0.227794,-0.219441,0.244716,-0.247982,0.187282
0.268106,0.197676,0.200177,0.326326,0.028716,-0.228541,0.153780,0.270241,0.301289,-0.244674,-0.100693,-0.043479,0.248068,-0.092637,-0.293142,-0.276124,0.056590,0.216926,0.257978,0.284555
0.345343,-0.141372,-0.273432,0.371489,-0.139326,0.153454,-0.269700,0.017449,-0.291147,-0.187401,-0.172850,-0.356393,0.088179,0.053583,-0.128584,-0.279562,-0.027343,0.195617,0.217610,0.251989
0.346715,0.137455,-0.073971,0.341219,0.229959,0.235235,0.197192,0.344055,0.180924,-0.113636,0.417371,0.132193,0.144315,0.158225,-0.150969,-0.204777,-0.150854,0.285832,-0.080081,0.121411
-0.258778,-0.278872,-0.129243,0.123980,-0.281883,-0.004141,-0.142485,-0.059383,-0.313455,0.016450,0.293559,0.303068,0.006140,0.274217,-0.186069,0.376542,-0.329040,0.283158,0.049691,-0.027951
0.258690,-0.298774,-0.018041,0.338990,0.183186,-0.225872,-0.219336,-0.154294,-0.184888,0.167238,0.169645,0.176566,-0.272609,0.199305,-0.192826,-0.341667,-0.256757,-0.190306,0.194409,0.205147
-0.077212,-0.167594,-0.192089,0.127198,0.292407,-0.147266,0.330749,0.369140,0.194186,0.193082,0.379330,-0.027187,-0.198810,-0.047859,0.211284,0.290534,0.052598,-0.082361,-0.370824,-0.149929
-0.139501,-0.071459,-0.271006,-0.193785,0.075852,0.087738,0.411561,-0.253651,-0.260150,-0.038537,0.298985,-0.033233,-0.068674,-0.374139,0.181874,0.270608,0.272320,-0.300292,0.176439,-0.105529
-0.268082,-0.053430,-0.185441,-0.271247,0.215518,0.194277,0.297783,0.169322,-0.246838,0.302214,0.174561,-0.218983,-0.211769,-0.228772,-0.246767,0.272415,-0.255189,0.232608,-0.048184,0.176786
0.280388,-0.184861,0.216108,0.294578,0.246024,0.135609,-0.271806,0.166800,0.187911,-0.253137,0.273768,-0.144732,0.180451,-0.245746,-0.148430,-0.308267,0.233993,-0.191575,-0.190306,0.200355
-0.247386,0.267899,0.292714,-0.272776,-0.191773,0.148925,0.281922,0.175920,0.216866,-0.195970,-0.216537,-0.180201,0.251611,-0.174393,-0.202062,0.283642,0.127297,-0.188671,-0.253514,0.204178
0.346938,-0.156359,-0.314136,0.159404,-0.015087,-0.228822,0.045352,-0.262475,0.171423,-0.221900,0.343295,-0.124033,0.326522,-0.094594,0.306791,-0.279434,-0.274997,-0.099443,0.141903,0.047752
-0.173279,-0.241579,-0.164529,0.176580,0.009022,-0.094142,0.308668,-0.191400,0.294295,-0.139766,0.343077,0.064983,0.025428,-0.112166,-0.193727,0.220629,0.530752,0.004390,0.294220,-0.129321
0.143025,0.207552,-0.181817,-0.221915,0.275873,-0.269460,-0.264425,0.303420,0.206821,0.146452,0.042345,-0.232933,-0.230980,-0.206734,-0.272293,-0.270339,-0.228409,-0.216898,-0.184432,0.215965
-0.050376,-0.050711,-0.030633,-0.180250,0.031908,0.437860,0.358679,-0.023035,-0.331529,0.169412,0.277728,0.090285,0.072389,0.374527,-0.346096,-0.003752,-0.203871,0.315099,0.056008,0.079689
-0.251670,0.212883,-0.159996,-0.214234,0.227342,-0.243758,-0.253653,-0.122345,0.223565,0.147371,-0.223248,0.162626,0.268210,-0.206531,0.218215,-0.306420,-0.234946,0.295469,-0.205978,0.201048
0.264396,-0.212290,0.233026,0.252077,-0.220819,-0.234509,-0.093580,-0.199765,0.189372,-0.191939,-0.215975,0.225078,0.303950,-0.194401,0.209201,-0.295526,-0.282780,-0.171850,-0.214690,-0.167007
-0.097022,0.251296,-0.084309,-0.212623,0.036929,0.144340,0.325652,-0.062458,0.350214,0.155393,-0.064680,0.437556,-0.320272,-0.348537,-0.129153,0.227708,0.231494,-0.013882,-0.196078,-0.125398
0.179706,0.262141,-0.212594,-0.257885,-0.156492,0.118285,0.324380,0.256314,0.222954,-0.025329,0.212685,-0.156694,0.256756,-0.257482,0.222973,-0.221530,-0.189994,0.270367,-0.234279,-0.250306
0.389098,0.106925,0.190788,0.206994,-0.010973,-0.115206,0.297893,-0.033997,0.067582,-0.348703,0.361289,0.046892,-0.019312,0.159844,0.112436,0.150211,-0.397606,0.073117,0.410953,-0.047940
-0.179463,0.293395,0.373998,0.179228,0.186527,-0.369305,-0.107593,-0.058533,0.224610,-0.155130,-0.026708,-0.303614,-0.370030,-0.233303,-0.178247,0.192489,-0.123730,0.195699,-0.031384,-0.203364
-0.035078,-0.023136,-0.245495,-0.348366,-0.167637,0.016315,0.371242,0.204959,-0.130343,-0.327667,-0.125749,-0.282730,0.127853,-0.101668,0.294687,0.412559,-0.020875,-0.145423,-0.266023,0.110569
0.179810,-0.061591,0.414980,0.330345,-0.001266,-0.254356,0.216810,0.188542,0.344007,-0.127941,0.018079,-0.019996,-0.329933,-0.209747,-0.190611,-0.169812,0.273648,0.097992,0.003309,-0.311985
0.222469,0.201984,-0.066355,0.334093,0.214522,0.023034,0.317742,-0.030612,0.191068,-0.289534,0.055461,0.049784,0.314949,-0.016728,-0.193650,0.141780,0.383925,-0.269675,0.137097,0.351222
0.002530,0.041342,0.167733,0.487987,-0.020287,-0.209816,0.254849,0.326012,0.080536,-0.056086,0.528673,-0.326886,-0.055843,0.247275,-0.121937,0.040547,0.108477,0.122351,-0.083777,-0.076415
0.002780,-0.069292,-0.259995,0.206906,0.067526,0.145885,-0.232395,-0.000956,0.327254,-0.099061,0.148793,0.212247,0.113530,-0.144574,0.311091,-0.301829,-0.359509,-0.293187,0.233835,-0.359559
-0.038219,-0.199507,-0.014653,-0.146785,-0.380066,-0.219023,0.279607,-0.289700,0.247925,0.294724,-0.160472,0.263994,0.064831,-0.208575,0.204021,0.306492,0.101023,0.128900,0.248981,-0.258058
0.035069,-0.253703,0.301627,0.163942,0.234633,-0.315060,0.105443,0.256159,-0.228479,-0.225535,-0.110588,0.275130,0.202962,0.282632,0.214432,0.068380,-0.310204,-0.204152,-0.195002,-0.216427
-0.257627,0.304779,0.283532,-0.271469,-0.159990,0.129414,-0.147214,-0.209701,0.203324,0.316140,0.083292,-0.241646,-0.215212,-0.238064,-0.227605,-0.006227,-0.247468,0.230315,0.181584,-0.264488
-0.176224,-0.357402,0.176159,0.007748,-0.244116,-0.223957,0.462246,0.139888,0.208162,-0.316912,0.357074,0.252242,0.080621,-0.068044,-0.122959,0.299060,-0.035099,-0.070059,0.086716,-0.053761
-0.249188,-0.206047,0.336867,0.133765,-0.172676,-0.296732,0.264509,0.152154,-0.185843,-0.228545,0.189814,-0.229925,0.245876,-0.226547,-0.217310,0.257430,0.212614,-0.187610,0.194152,0.184552
-0.300642,-0.269502,0.376206,-0.252936,0.210052,-0.257667,-0.181008,0.230465,-0.142522,0.244851,-0.148794,0.167666,0.192611,-0.146479,-0.220008,-0.205099,0.234025,-0.145884,0.105764,0.261353
0.378075,-0.044760,0.157786,0.155007,0.063086,-0.211902,0.192523,0.293969,0.169568,-0.141399,0.444035,-0.298155,0.077839,0.145545,-0.131334,-0.278898,0.156533,0.148811,-0.356374,-0.055065
0.060327,0.169690,0.129483,0.381904,-0.045949,-0.116196,0.182027,0.347058,0.238281,0.060826,-0.038479,0.091304,0.115239,-0.177360,-0.353297,-0.516228,0.193281,-0.221569,-0.045161,-0.202289
0.395506,-0.033993,0.251791,0.296485,-0.065150,-0.466919,-0.078017,0.031008,0.205175,-0.008136,0.414306,-0.200334,-0.033681,0.010997,-0.150541,0.318908,-0.191246,0.098762,0.180644,-0.057311
0.375741,-0.100676,0.433654,-0.053259,0.225523,-0.001770,-0.143003,-0.093524,0.225942,0.268878,0.312102,0.134512,-0.023324,-0.235936,-0.207057,-0.295108,0.065054,0.305956,0.216681,-0.089003
0.099986,0.269876,0.001187,-0.254786,0.264580,0.290093,0.169977,0.196247,-0.233087,-0.124445,0.222330,-0.253251,0.313970,0.168615,-0.304652,0.242302,0.133191,-0.227288,-0.223802,-0.222014
-0.207437,-0.148799,0.328584,0.297007,0.133552,0.204158,0.232645,-0.010718,0.256289,0.264544,-0.086144,-0.375576,-0.032727,0.231173,0.303457,0.188478,-0.203736,-0.195143,0.148570,-0.238668
-0.295711,-0.221283,-0.047416,0.183832,-0.236234,-0.290958,0.192287,0.281563,-0.130028,0.289676,0.273212,0.075623,-0.250391,0.241676,0.119520,0.251757,0.155560,-0.256554,-0.267364,0.171396
0.289132,0.205635,0.290607,-0.186832,0.331499,0.103252,0.166633,-0.165929,-0.209111,0.149325,0.237003,0.213995,0.240110,0.376055,0.153796,0.077614,-0.244335,-0.228871,-0.106010,0.242591
0.405048,-0.206628,-0.118417,-0.144536,-0.235808,-0.377021,0.084340,0.201389,0.106055,0.031380,0.243833,0.322509,0.087969,0.102627,-0.224936,0.315471,0.233355,0.090248,0.310317,-0.099608
0.017848,-0.216773,-0.200321,0.248166,-0.245739,-0.151605,0.304327,-0.262289,0.153707,-0.312614,-0.110479,-0.136036,-0.127402,-0.280493,0.236123,-0.161808,0.338082,0.259989,0.108361,0.289223
0.301220,-0.022805,0.259412,0.143427,-0.330882,-0.303875,-0.171950,-0.166973,0.281947,0.038275,0.249383,-0.216674,0.196729,0.212874,-0.215277,-0.272020,-0.262822,-0.131027,-0.161815,0.233938
-0.088648,0.215217,0.306364,0.362692,-0.207900,-0.222613,0.130297,-0.156863,-0.209930,-0.189765,0.221853,0.221899,0.311646,-0.198720,-0.295491,-0.286578,-0.236059,0.020428,0.153978,-0.147008
0.068392,0.234944,0.242408,0.370642,0.320851,0.152264,0.177004,0.219950,0.272360,0.293219,-0.179658,-0.220783,-0.238985,-0.026768,0.185026,0.143678,-0.096660,-0.241774,-0.239871,-0.242745
-0.234409,0.081949,0.347513,0.177319,-0.214608,0.071774,-0.171382,0.276684,0.254750,-0.228602,0.503953,0.060745,0.218106,-0.003924,0.018296,0.162371,0.354539,0.207299,-0.074354,-0.075478
0.084782,-0.248225,0.100291,-0.314634,-0.004569,0.192395,0.401918,0.235990,-0.140306,0.330305,0.118905,-0.243778,0.231514,0.257049,0.148324,-0.195235,0.213877,-0.282044,-0.127341,-0.210299
0.448055,0.205888,-0.306166,0.351558,0.134947,-0.110794,-0.279805,-0.301331,0.202512,-0.134447,0.354566,-0.006786,0.018062,-0.039891,-0.006043,0.043904,0.129800,0.118221,0.345432,0.032698
-0.261616,-0.148358,0.327967,-0.273141,-0.241616,0.129537,-0.161486,-0.249568,-0.210049,-0.156781,-0.187939,0.088709,0.209757,0.243691,0.221457,0.281942,0.248858,-0.271820,0.134343,-0.257265
