-0.167352,0.228665,0.180536,-0.030160,0.099705,-0.217966,-0.202042,-0.084591,-0.104343,0.337702,0.303433,0.292092,0.337835,-0.260562,-0.041457,-0.036372,-0.291118,0.338904,0.303692,0.039436
-0.094677,-0.182749,-0.198959,-0.290819,0.046890,-0.378900,-0.243522,-0.244458,0.288578,0.328174,0.137961,0.307907,-0.224447,-0.305915,-0.177280,-0.191248,0.055111,-0.093553,-0.066735,-0.188755
0.098596,-0.178843,-0.033255,0.037330,0.199401,-0.281851,0.228790,0.208456,0.177829,0.332993,-0.129946,0.291309,0.356200,-0.284591,-0.108833,-0.205743,-0.289185,0.296841,-0.165748,0.187829
0.287065,0.254280,-0.180357,-0.235871,0.247985,-0.298767,-0.159425,0.077699,-0.223512,-0.240918,-0.000761,0.322984,-0.166437,-0.291206,0.231541,-0.130478,0.085016,-0.246472,0.271616,-0.212962
0.060293,0.111961,-0.392101,-0.089154,-0.141860,0.216804,0.147673,0.302140,0.393415,-0.234006,0.178639,0.012234,-0.143317,-0.335678,-0.032517,0.088158,-0.177956,0.034044,0.397931,0.259024
-0.023081,-0.284905,0.091721,-0.149571,0.241612,0.294110,-0.180565,-0.078768,-0.273646,0.125412,0.400903,-0.245272,0.284776,0.203850,-0.281714,0.053624,-0.220909,-0.148066,0.329143,0.091571
-0.107160,0.333366,-0.199989,-0.300618,-0.220857,0.140813,0.242541,0.206841,-0.178839,-0.182557,-0.330148,0.309735,-0.023634,-0.245012,0.082482,-0.241789,-0.202770,0.243367,-0.200814,0.200082
-0.244878,0.223754,-0.006440,0.288118,-0.207886,-0.168622,-0.046780,-0.261253,0.249155,0.081108,0.026736,0.334636,-0.153308,-0.099944,0.041256,0.459630,0.033953,0.327165,-0.223595,0.280773
0.118715,0.246713,0.247777,-0.381859,0.205489,-0.153962,0.250546,0.259684,0.346452,0.193566,0.071556,0.030311,-0.117994,-0.218346,0.145299,-0.161555,-0.331609,0.333037,0.166002,-0.030189
-0.252459,0.006356,-0.263301,0.296109,0.083238,-0.279856,-0.070269,-0.175155,-0.256257,0.106460,0.394583,-0.267638,-0.051441,0.217813,0.282132,0.143517,-0.021455,-0.342565,0.293118,-0.003313
-0.128102,0.158218,-0.138045,0.317645,0.205605,0.251985,-0.053073,0.131188,-0.292062,-0.205634,0.394355,-0.202734,0.000905,0.349043,-0.004845,0.193597,0.213057,-0.281913,-0.279313,0.162434
0.328284,0.163400,0.348685,-0.041305,0.151225,-0.196466,0.225920,0.141048,0.333808,-0.277948,0.327295,0.220843,0.313914,-0.145104,-0.049316,0.293074,-0.165882,0.114509,-0.087109,0.095530
0.215463,0.250130,-0.245201,0.134495,0.077282,0.043486,0.202612,0.207932,0.316301,-0.061525,-0.295245,-0.176096,0.108766,-0.372225,-0.348440,-0.234277,0.090324,-0.150745,-0.266793,0.264382
-0.245149,-0.334232,0.501785,-0.055559,0.228316,-0.243766,-0.200875,0.135467,0.168991,-0.136753,-0.153404,-0.246862,0.213236,-0.125782,-0.109389,0.350183,-0.185155,0.065442,-0.005357,0.191971
0.072063,0.142974,0.342969,0.234967,0.103230,-0.310388,0.337980,-0.171283,-0.115940,-0.367798,0.233778,0.224934,-0.159792,0.058997,0.195169,0.228308,0.297041,-0.234701,-0.165937,0.083160
0.060950,-0.001406,-0.195805,-0.263316,-0.220610,-0.369388,-0.195671,-0.315327,-0.167206,0.315862,-0.067028,0.158966,0.195893,-0.283352,0.307292,0.095538,0.134335,0.295956,-0.225543,0.171931
-0.128643,0.201417,-0.265899,-0.247737,-0.213605,-0.199018,-0.204565,-0.109377,-0.080183,0.326408,-0.297521,-0.136691,0.376848,0.115837,0.191730,-0.204829,0.155829,0.268148,-0.283602,0.202046
-0.071818,0.197617,-0.205469,0.218693,0.230236,0.266180,0.108989,0.315759,0.080741,-0.223993,-0.318023,0.228660,0.236928,-0.174900,-0.003785,0.199476,0.345368,-0.191149,0.300132,-0.218542
-0.261548,-0.195251,-0.190152,-0.267827,0.286755,0.050409,-0.236908,0.185814,0.283441,-0.260078,-0.309105,-0.222613,-0.208837,0.312375,0.202717,0.152759,0.159739,-0.034679,0.175881,0.231954
-0.220885,-0.223627,-0.177898,0.208257,0.272481,-0.246412,0.225552,-0.261855,-0.235776,-0.271069,-0.255146,0.201767,0.233981,-0.187039,0.203538,0.123123,-0.154703,-0.147631,0.301572,-0.232177
0.084315,-0.258139,-0.192822,-0.198134,-0.093051,-0.229132,0.280123,-0.324483,0.257753,0.155277,0.185149,0.281899,0.324100,-0.167494,-0.196979,-0.283040,0.217086,-0.073822,0.227865,-0.209995
-0.310750,0.280884,-0.174883,0.255729,0.256949,-0.284110,-0.210469,0.212313,-0.231004,-0.238512,0.217797,-0.181787,-0.112404,0.192943,0.257063,0.132603,-0.158666,-0.248243,-0.226733,-0.173134
0.009838,0.313066,0.413859,0.201546,-0.068653,-0.329540,-0.031842,-0.162095,0.265911,-0.199768,-0.273435,0.062371,-0.172741,-0.035991,-0.159298,0.215026,-0.145184,-0.136411,0.391702,0.253492
-0.095406,-0.271672,-0.257413,0.235421,0.255751,0.222550,-0.208851,-0.294667,-0.181449,-0.267364,-0.207856,-0.000086,0.138152,0.046640,-0.280753,-0.178350,0.306952,-0.046845,0.321371,-0.266133
0.009925,-0.201918,0.121060,0.269704,-0.173252,0.128243,-0.169145,0.032162,-0.027876,-0.359754,-0.155222,-0.341796,0.020640,0.331775,-0.226907,-0.149775,-0.363172,-0.337365,0.291430,0.097204
-0.250983,0.193677,0.215983,0.286389,0.144004,0.276784,-0.091827,-0.152209,0.122715,-0.183438,0.316601,0.216449,-0.268849,-0.256251,-0.069490,0.325800,-0.099850,0.245124,0.263097,0.240612
0.124562,0.241598,0.077982,0.045840,0.272880,-0.266088,0.354837,0.167830,-0.014459,-0.050603,0.255168,-0.351333,0.293073,-0.315647,0.133104,-0.019697,-0.264466,-0.075296,0.090477,0.373961
0.290790,0.193304,-0.075064,-0.277683,-0.085731,-0.260225,0.213906,0.197004,0.232361,-0.043909,-0.252820,-0.140875,0.423939,-0.280092,-0.237018,0.173482,-0.269435,0.090610,0.195006,0.180923
-0.182926,-0.263884,-0.227200,-0.260596,0.222293,-0.251608,-0.242434,-0.320614,-0.202506,-0.214076,-0.233988,0.259757,-0.186088,0.083837,0.214126,-0.189306,0.088769,-0.210164,0.206926,0.275340
-0.194720,-0.249508,0.179041,-0.244123,0.214841,-0.366361,0.256982,0.150112,-0.225996,0.190787,-0.244369,0.238125,-0.152931,0.024922,0.255216,0.134113,0.014445,-0.271525,-0.203220,0.336111
-0.264620,-0.219337,0.344718,0.011307,0.260836,0.202305,0.236152,0.146053,-0.237898,-0.255428,-0.246335,0.244635,-0.016484,0.229942,0.222036,-0.241281,-0.254083,-0.140123,-0.136775,0.266305
-0.036375,0.018874,0.159806,0.293505,0.203577,-0.448237,-0.187730,-0.188173,-0.298569,0.050509,-0.025894,0.413114,0.132577,0.206069,-0.146887,0.308459,-0.203710,0.214123,0.022319,-0.214453
-0.093727,-0.098204,-0.108058,0.179606,0.139278,0.049413,0.185441,-0.166545,0.262847,-0.247830,0.160273,0.365998,-0.261281,-0.243271,0.135377,-0.159753,-0.328214,0.227587,0.434874,0.208778
0.260579,0.339077,-0.191673,-0.327723,-0.317436,0.017589,-0.231931,-0.229576,0.272537,-0.204024,0.159339,0.301199,-0.041095,0.070144,-0.194562,-0.200045,-0.262162,0.049444,-0.221350,-0.169556
0.017722,0.175001,-0.156439,0.153001,0.075672,-0.321119,-0.162679,0.202703,0.273075,-0.044810,-0.215077,0.204852,0.445813,-0.296384,-0.191274,-0.212334,-0.283730,-0.217563,-0.205609,-0.203974
0.273483,-0.223891,-0.196168,-0.276647,0.258918,0.062172,-0.207281,-0.269012,0.244802,-0.242202,-0.251181,-0.206872,-0.189192,-0.290335,-0.242891,-0.213630,-0.044996,-0.201745,-0.069536,0.277612
-0.163855,0.154742,-0.059950,-0.215544,0.139143,-0.298760,0.290838,0.271893,0.174876,0.350531,0.159581,0.294567,0.294820,-0.240865,0.083737,0.183229,-0.282189,-0.203165,-0.233816,-0.072371
-0.199152,-0.218491,-0.180754,-0.247063,0.254023,0.158842,-0.236091,-0.280145,-0.175153,-0.256763,-0.294761,-0.230183,0.115947,0.213195,-0.208473,0.174701,-0.227070,-0.207639,0.282021,-0.226599
0.166008,-0.045692,0.267903,-0.029662,0.372159,0.049863,0.360419,0.141762,0.141612,-0.331143,0.336087,0.310353,0.302496,-0.061829,-0.036065,-0.025454,-0.125123,-0.223135,0.014816,0.323715
-0.227893,-0.222423,0.381760,0.206073,-0.199386,-0.280928,-0.180086,0.153394,-0.243839,-0.029759,-0.124630,-0.150879,0.283862,0.209155,-0.202614,-0.228706,-0.194500,-0.009465,0.347994,-0.245778
-0.087539,-0.001034,-0.151096,-0.256635,-0.131201,-0.160959,0.235043,0.275344,-0.218791,0.272866,-0.187979,0.294148,0.422423,-0.263759,0.201033,0.144617,-0.323970,-0.159471,-0.134389,-0.165808
-0.142686,0.274250,-0.137508,-0.238826,0.198437,-0.315429,0.072747,0.196317,0.231040,0.127096,-0.238975,0.251116,0.402310,-0.242303,0.156085,-0.175549,-0.203546,0.263390,-0.178351,0.194208
-0.264199,0.350537,-0.299223,-0.275201,0.067570,-0.325690,0.311139,0.171162,0.128136,0.156231,-0.245741,-0.190299,0.173120,0.327929,0.107305,-0.037362,-0.105796,-0.017969,0.277974,-0.169343
-0.163646,-0.205943,0.137832,-0.297649,0.209127,-0.256441,0.160060,0.169231,0.253953,-0.147985,-0.322583,-0.198076,0.266844,-0.262099,0.210817,-0.191474,-0.292805,-0.221787,0.183070,-0.200822
0.229864,-0.208814,-0.249961,-0.218543,-0.211013,-0.273664,0.232212,-0.232011,-0.212778,0.185109,-0.219505,-0.175189,0.294605,-0.241350,0.197276,0.042838,-0.324434,-0.240868,-0.154949,-0.186161
-0.239520,0.028786,-0.186131,0.155047,0.365360,-0.018110,-0.092543,0.168349,0.241838,-0.125260,-0.358104,0.160332,0.423147,-0.152951,0.161042,-0.326814,0.075563,-0.238894,-0.266142,0.124399
-0.308761,0.322855,-0.120503,-0.222348,0.038308,0.396788,0.184133,0.302294,0.033419,-0.365064,-0.267301,0.105562,-0.054244,0.063263,-0.133031,0.226104,0.009213,0.043954,0.371057,0.140817
0.252001,-0.033198,-0.062602,0.311322,0.257944,-0.209376,0.383954,-0.138868,-0.036490,-0.224879,0.256576,0.141525,0.281373,0.190749,-0.129210,0.180361,-0.319026,-0.031810,-0.214787,0.325588
-0.201751,-0.036533,-0.167809,-0.123529,0.190081,-0.191374,0.381625,0.174887,-0.261543,-0.098018,0.314114,0.256698,-0.023081,0.263992,0.205625,0.223062,-0.323719,-0.287062,0.245200,-0.115789
0.269608,-0.191442,-0.115008,-0.127708,0.035569,-0.268846,0.361670,0.169816,-0.233851,0.311186,-0.223704,0.268446,0.351523,-0.248167,-0.029761,-0.118759,-0.286986,-0.150687,0.126652,-0.181814
0.038335,-0.110784,-0.222666,0.236352,0.279624,-0.042804,-0.184119,-0.291684,0.272737,-0.253763,0.207821,0.001763,0.013026,-0.303706,-0.124583,-0.297961,-0.312852,-0.226893,0.262369,-0.291442
0.096771,0.285547,0.038880,-0.298341,0.302898,-0.299491,0.227807,0.054605,0.234096,-0.257231,-0.221113,-0.170409,0.102732,-0.238159,-0.267062,0.206710,-0.229462,-0.231086,0.161829,0.264185
-0.247337,0.241188,0.459496,-0.209173,0.134410,-0.179901,-0.108883,0.042100,0.163574,-0.168658,-0.187221,0.263130,-0.225348,-0.180758,0.081878,0.366700,0.018710,0.334013,0.145236,-0.211133
-0.245680,-0.091763,0.200050,0.071645,-0.286464,0.242245,0.331162,0.263491,-0.055212,-0.101384,-0.182356,0.019060,0.367538,0.022407,-0.311903,0.076158,-0.319484,-0.249655,-0.243571,0.238514
0.060676,-0.188898,0.386330,-0.000582,0.184073,0.158381,-0.199790,-0.276438,0.197999,-0.195924,0.235041,0.256016,-0.240748,-0.233975,-0.256277,-0.039662,-0.250992,-0.235669,0.254291,0.273039
0.071514,-0.015232,0.260202,0.056869,0.173488,0.025520,0.186110,-0.247613,-0.082716,-0.034353,0.331778,0.257298,0.315243,-0.220879,-0.154749,-0.052167,-0.205381,0.540228,-0.264681,0.183837
0.250111,-0.324057,-0.186238,0.168623,0.285156,-0.237955,0.355752,0.297661,0.064182,0.061714,0.321608,0.376710,0.007103,-0.175618,-0.042418,0.106264,0.243395,-0.133000,0.199059,-0.049063
-0.042606,0.033800,-0.332246,0.414867,0.313154,0.359685,-0.154170,-0.087056,0.017460,-0.017805,0.231559,0.137296,0.357746,-0.042446,0.182447,-0.151924,-0.379711,-0.044912,0.204300,0.092600
-0.120119,-0.143502,0.429768,0.348757,0.232607,-0.166529,0.168158,-0.140453,0.181098,0.020588,0.354833,0.231090,0.220162,-0.230974,0.028708,0.007837,-0.209364,0.310631,-0.195172,-0.187487
-0.290646,0.021281,0.483335,-0.344844,0.190964,-0.318032,0.155009,0.036313,0.004482,0.333438,-0.218436,0.052126,0.169888,-0.093089,-0.057147,-0.364369,-0.055463,0.162327,0.152318,0.108470
-0.182855,0.236631,-0.223944,-0.202866,0.220752,0.099584,-0.111899,-0.183013,0.197945,0.100586,-0.241647,-0.175719,0.450003,-0.315593,0.217484,-0.102722,-0.289886,-0.254844,-0.191813,-0.174084
0.331930,0.149763,-0.270263,0.187813,0.034415,-0.294594,-0.090728,0.167288,0.204244,0.227625,-0.102356,-0.177500,0.406506,-0.294067,0.147433,-0.266556,-0.342615,0.127225,-0.136601,0.051354
0.261813,0.297834,0.294556,0.267114,0.095043,-0.092255,-0.229484,0.143878,-0.157799,0.183782,0.232882,0.224280,0.214438,-0.201663,0.071939,-0.418476,-0.186154,0.324794,0.140491,0.060698
-0.377800,-0.105041,0.281431,-0.284255,0.195448,0.244606,0.349634,0.058873,-0.021538,0.098568,0.331070,0.112487,0.194537,0.045566,0.202508,0.285656,-0.099322,-0.378281,0.120145,-0.011031
-0.042760,-0.257580,-0.088118,-0.305138,-0.312362,0.066864,-0.183796,-0.067867,-0.206933,0.329246,-0.299792,0.057531,0.392281,-0.332146,-0.206456,-0.114089,0.145035,0.185950,-0.212289,0.159963
0.199599,-0.194091,0.178508,-0.232885,-0.330389,0.124440,0.179101,0.149912,0.238083,0.170542,-0.302230,0.256142,0.227578,0.115949,0.293894,-0.073497,-0.257049,0.121478,-0.184467,0.377630
-0.251048,0.113643,0.403037,0.249525,-0.171499,0.180666,0.182232,0.131540,-0.072422,-0.330738,-0.162807,-0.260506,0.282516,-0.019714,-0.028811,0.303595,-0.097249,-0.174239,0.393395,0.100067
0.308686,0.181060,-0.075377,-0.223765,0.188500,-0.253777,0.241780,0.249342,0.117423,0.140939,0.055876,0.263400,0.344828,-0.219049,0.143838,-0.168222,-0.303275,-0.253068,0.146063,-0.310209
-0.366234,0.209333,0.024893,0.207740,0.336725,-0.245492,0.198586,-0.025995,0.231518,-0.321094,0.357083,0.205541,0.078110,-0.068721,-0.154013,0.266591,-0.116552,0.109303,0.232593,0.229807
0.029351,-0.041672,-0.138127,-0.178335,-0.311477,0.022041,0.159403,0.256283,-0.123525,-0.387406,0.227637,-0.183805,-0.436939,0.133947,-0.019614,-0.196445,0.275453,-0.040028,0.354978,0.235928
0.304078,-0.248518,-0.245426,-0.221271,0.289975,-0.131667,-0.097606,0.140409,0.225696,-0.218108,0.113097,0.318697,-0.179625,-0.031129,0.270977,-0.140608,-0.311493,0.114807,-0.246977,0.308883
-0.247750,-0.191794,-0.209419,-0.212307,0.147192,-0.284786,0.301477,0.207099,0.176652,-0.219657,-0.234491,-0.153470,0.357009,-0.275954,0.155032,-0.240917,-0.296445,0.050047,-0.030744,-0.203349
-0.127710,-0.024635,0.047141,0.256560,-0.244039,-0.227217,-0.021370,-0.330256,-0.229383,-0.305167,0.302720,-0.060768,0.166618,0.016020,0.170865,0.321088,0.360037,-0.331183,0.168528,0.158849
0.060173,0.268472,-0.197019,-0.232341,0.304122,-0.259489,0.295362,-0.220687,-0.145606,-0.313479,0.245959,-0.185759,0.237193,-0.231330,0.222317,-0.089925,-0.053775,-0.023177,0.237485,0.306840
0.213247,0.326914,-0.250293,-0.270437,0.147325,-0.162047,0.387745,-0.057033,0.006275,0.119714,-0.196420,0.348555,-0.271940,-0.317379,-0.096067,-0.108957,0.209184,-0.065762,-0.205403,-0.223184
0.250528,-0.138556,-0.132601,-0.246748,0.154430,-0.045170,-0.160383,0.182890,0.189540,0.306729,-0.236419,0.308653,0.397706,-0.256818,-0.152415,-0.207257,-0.208165,0.266119,-0.195618,-0.174964
0.079226,0.234742,-0.254964,-0.224022,0.235009,-0.257018,0.206993,-0.241644,0.225960,-0.240211,-0.273189,-0.211624,0.296480,0.111241,0.300157,-0.177528,-0.278918,0.117315,-0.143205,-0.196909
0.193173,0.365508,0.249391,0.324436,0.043053,-0.119379,0.155873,0.198396,-0.106520,0.062179,0.267828,0.307701,0.265468,-0.153299,-0.237728,-0.133461,-0.192252,-0.393125,0.154931,0.128198
0.236658,0.296487,-0.155941,-0.282504,-0.309500,-0.242445,-0.198187,0.135429,-0.180078,0.319120,0.117880,0.257370,0.238463,-0.299062,-0.302765,-0.179868,-0.101924,-0.126470,0.135732,-0.101218
-0.254378,-0.226197,0.360590,0.208605,-0.221656,-0.243774,0.191394,-0.272380,0.227083,-0.089133,-0.264431,-0.251965,-0.221950,-0.036578,0.131740,-0.210923,0.266176,-0.221234,-0.181058,-0.182386
0.228178,0.254026,-0.067655,0.242115,0.092534,-0.327999,0.063626,0.362960,0.167787,0.384100,0.160585,-0.172762,-0.196652,-0.333111,-0.131360,-0.080342,-0.371709,-0.133963,0.081781,0.028418
0.154929,0.194828,-0.140426,-0.205653,0.025653,-0.279874,0.275141,0.235653,0.122575,0.279884,0.077796,0.283940,0.409377,-0.253258,-0.102982,-0.157577,-0.291861,0.268714,-0.144415,-0.200898
0.234855,0.254615,0.140365,-0.154816,0.111496,0.130741,0.332565,0.175743,0.300926,-0.229905,-0.202530,-0.255573,0.392319,-0.156496,0.138344,-0.147681,-0.336987,0.231578,-0.005723,0.170325
-0.229805,0.002440,-0.366562,-0.114788,-0.286765,0.089262,0.150654,-0.011687,0.348721,-0.271594,-0.081695,-0.314082,-0.027897,0.167836,-0.370506,-0.100316,-0.269704,-0.156762,0.217277,-0.255155
0.254544,-0.207453,-0.130245,-0.299772,-0.210828,0.132081,0.239733,0.184149,-0.187906,-0.042732,-0.284516,0.248249,0.384413,-0.248991,0.279612,-0.226045,-0.007434,0.168051,0.153787,0.247710
-0.016742,0.113341,0.327679,-0.145174,0.318015,-0.203712,-0.145069,-0.294395,0.172835,0.060002,0.142511,0.234100,0.125165,-0.157205,0.031843,-0.092939,-0.270548,0.499992,0.354991,0.016024
0.132971,0.084281,0.305282,-0.020885,-0.218611,-0.315469,-0.288166,-0.232397,-0.235703,-0.354035,0.294929,0.136720,-0.187967,-0.113385,-0.111713,0.082208,0.086258,-0.274272,0.218976,0.335572
0.106979,-0.216293,-0.100862,0.151686,-0.075357,-0.301015,0.230551,0.157986,-0.172688,-0.286646,-0.320579,-0.210393,-0.231695,-0.186304,-0.258012,-0.267242,-0.206552,-0.045526,0.339581,0.297882
0.265087,0.286822,-0.174473,-0.226014,-0.164301,0.059119,0.323521,0.059172,0.271201,-0.028626,-0.209538,0.012183,0.418282,-0.250713,0.212299,-0.163786,-0.304922,-0.124867,0.110847,-0.279798
-0.170216,0.215908,0.415494,-0.218369,0.258299,0.193431,0.207440,-0.028231,0.225959,-0.245448,-0.255994,-0.201601,-0.192786,-0.235185,-0.189664,-0.161107,-0.225052,-0.217409,0.261131,-0.134678
0.390627,-0.028013,0.140309,-0.186478,0.097225,0.172016,0.324153,0.211690,-0.122259,0.299594,0.205689,0.331454,0.156256,-0.120895,0.036715,-0.071576,-0.366028,-0.325625,-0.108499,0.221536
0.142249,0.008364,0.261240,0.318161,0.131426,-0.133618,0.287116,0.413899,-0.244899,0.292412,0.235169,0.111005,0.297677,-0.271691,-0.050188,0.032152,-0.251968,0.280459,0.003509,0.010169
-0.169510,0.350935,-0.222568,-0.266040,0.245742,-0.269079,0.227933,-0.245250,-0.215853,-0.194527,-0.245528,-0.171689,-0.044256,0.083790,0.290357,-0.201433,-0.125681,-0.248891,-0.174280,0.258326
-0.140564,-0.034183,-0.303926,0.239329,-0.217203,-0.004145,0.133241,-0.338254,-0.070186,-0.349496,0.380868,-0.375148,0.167171,0.277063,0.040171,0.088811,0.052905,0.181709,0.219704,0.197212
-0.028477,-0.202765,-0.216694,-0.239876,0.231149,-0.288223,-0.157237,0.152262,0.202190,0.203384,-0.141557,-0.194095,0.299871,-0.317341,0.227787,-0.206340,-0.318838,0.113123,0.258024,0.251178
-0.188847,-0.185877,-0.164206,0.097517,-0.201455,-0.258254,0.197329,-0.196402,0.299180,0.310434,-0.312543,0.276108,0.239574,-0.251561,0.192810,-0.244685,-0.206348,-0.133837,-0.200838,0.173702
-0.189797,0.149003,0.462165,0.237379,0.065229,0.273647,0.238052,-0.137405,-0.122269,-0.113653,0.175814,0.241868,0.157158,0.030836,0.245982,0.140453,-0.211406,0.379442,0.300113,0.123472
-0.197647,-0.236590,-0.247614,-0.306704,0.239106,0.219890,0.268405,0.061450,-0.164906,0.169325,0.195525,-0.118231,-0.134744,0.114835,-0.260192,-0.282727,-0.284410,-0.258258,0.360735,0.058941
0.155837,0.063506,-0.100220,0.166990,0.205871,-0.128141,0.280219,0.129858,0.012740,-0.171642,-0.330233,-0.043496,0.351953,-0.228828,0.343257,0.010260,-0.270828,-0.437916,-0.200951,0.198320
-0.241737,0.145459,-0.134323,0.279513,0.277785,-0.030279,-0.102921,-0.210637,0.233505,0.171729,-0.219529,0.228668,-0.141535,-0.207168,-0.287118,-0.289503,-0.304217,-0.299329,0.302592,0.061546
0.068757,0.282146,0.155506,0.194072,-0.067502,-0.171781,-0.228238,0.248431,0.015833,-0.185370,-0.193070,-0.415012,-0.354029,0.013062,0.155145,0.341618,0.175213,-0.233193,0.117614,0.310853
-0.136488,-0.141735,-0.308793,-0.039610,0.413551,-0.325277,-0.014742,0.032986,-0.019492,-0.255527,0.269617,0.395918,0.325923,-0.304365,0.101536,-0.007067,0.187058,-0.133619,-0.159365,0.060347
-0.192807,0.278842,-0.168549,0.285121,0.159846,-0.175254,0.317229,0.096034,-0.086847,-0.264404,0.295314,-0.129808,0.052962,-0.082144,0.137099,0.179300,-0.318762,-0.304250,0.260465,0.324376
0.085527,-0.125394,0.216202,0.132142,-0.322550,-0.168223,0.224332,0.014043,0.000872,0.232607,0.159568,0.640732,0.270826,-0.183273,-0.066618,-0.121531,-0.128618,0.151047,0.176509,0.207689
-0.297031,0.159231,0.455246,0.256099,0.038825,0.031588,0.087218,-0.172860,-0.153754,-0.260949,0.003664,0.350860,0.130240,-0.206211,-0.040509,-0.202663,-0.197085,0.304897,0.312335,0.164870
-0.234943,-0.008575,0.389798,0.280706,0.267095,-0.047843,0.126201,-0.171308,0.194213,-0.151123,0.296346,0.288506,-0.148397,-0.084238,-0.024614,-0.271340,-0.199031,0.322259,0.311602,0.139879
-0.161989,-0.191781,-0.120007,-0.261006,-0.218833,-0.245877,-0.224499,-0.212030,0.223612,0.290517,-0.295388,0.116912,0.353244,-0.289012,0.130801,0.166645,-0.215070,0.266993,0.086543,0.192899
-0.213371,-0.209845,-0.145797,-0.239531,0.251087,0.188406,0.100590,-0.288188,0.255360,0.115917,-0.287594,0.224634,0.233572,0.248681,0.221928,-0.239682,-0.225412,0.036201,0.305326,0.244613
-0.310788,0.232838,-0.140150,0.318619,-0.280145,0.113802,-0.243159,-0.227698,0.221791,-0.019095,0.429080,0.212863,-0.101615,-0.118351,-0.261872,-0.175353,-0.160339,0.127331,0.232319,-0.164635
0.143077,-0.246592,-0.149111,-0.218493,0.281690,-0.281751,-0.214600,0.178249,-0.236722,-0.066355,0.160327,-0.183689,0.285882,0.098954,0.257064,-0.244849,-0.261672,-0.173498,0.317879,0.274096
0.225842,0.223977,0.167195,0.191560,0.324920,-0.310936,0.305623,-0.281532,-0.114944,-0.311740,-0.090632,0.220708,-0.052527,0.152943,-0.231620,-0.256393,-0.181466,-0.052897,0.302817,-0.137762
0.167482,0.096383,-0.351552,-0.095014,0.163438,-0.222551,0.287815,0.157754,0.165139,0.013930,-0.189436,0.125857,0.019637,-0.211696,-0.061119,-0.129444,-0.361286,0.595464,0.109042,0.064819
0.118251,0.194698,0.193034,0.150651,0.184964,-0.120812,0.301516,0.432718,0.305561,0.234643,0.190235,0.252834,-0.208672,-0.185085,0.068087,0.020548,-0.196482,0.408556,0.025943,0.153600
0.049188,0.440920,0.216613,0.242180,0.114691,-0.576453,0.192556,0.157952,-0.215648,-0.068271,0.282503,-0.067576,0.227596,-0.199868,0.062106,-0.039544,-0.007394,0.016271,0.107587,0.213348
-0.226994,-0.003790,-0.199144,0.239005,0.215662,-0.087025,0.039712,-0.113028,-0.126189,0.006241,0.351193,0.385808,0.259519,-0.220327,-0.065046,0.504814,-0.140742,-0.182526,-0.169192,-0.195916
-0.287414,0.174900,-0.154685,0.250638,-0.127366,0.296932,-0.226235,-0.150388,0.006226,-0.180879,0.303073,-0.215276,-0.194120,0.320024,0.287953,-0.178052,-0.251873,0.149203,0.316735,-0.100865
-0.241166,0.135534,0.406104,-0.132860,0.203922,0.008954,0.056803,-0.288178,0.256003,-0.221295,0.184018,-0.260173,0.303161,0.060442,-0.154481,-0.127625,-0.337459,-0.206343,0.310225,-0.092141
-0.185528,0.275532,0.100371,-0.250694,-0.139919,-0.323590,0.179175,0.173525,-0.145164,-0.286158,0.161219,0.250257,-0.207302,0.191649,-0.215029,-0.247259,-0.290317,-0.062308,0.358360,-0.187060
0.283375,0.301160,-0.205644,-0.254622,0.202590,-0.264928,0.184047,-0.218816,0.262777,0.299556,-0.321896,-0.044722,-0.183560,-0.153161,-0.199626,-0.213873,-0.233301,-0.151350,0.095439,0.187893
0.080123,0.225012,0.176692,0.287473,0.058801,-0.117456,0.245792,0.025591,-0.130551,0.466254,0.288724,0.188376,0.226809,-0.481203,0.076846,-0.003049,-0.077433,0.090004,0.223399,0.211109
-0.299571,0.184210,-0.088903,0.288855,0.178310,0.097118,0.041930,0.218593,-0.308534,0.097101,0.291292,0.164025,0.307169,-0.054053,0.299633,0.233048,-0.190735,0.012041,0.324655,0.307485
0.254184,0.221515,-0.211208,-0.316383,0.245574,-0.345550,0.207842,-0.193854,-0.184690,0.046753,-0.106409,0.330148,-0.065401,-0.304857,-0.149578,-0.208383,0.013852,0.285111,-0.217638,-0.180694
0.027930,-0.166018,-0.199785,-0.269659,0.084945,-0.263513,0.189545,-0.328951,0.325022,0.348638,-0.279712,0.319853,0.244067,0.127925,-0.178327,-0.081813,-0.231703,0.192010,0.123324,-0.101560
0.277283,-0.234617,-0.125075,-0.333479,0.260168,-0.251522,-0.343189,-0.217470,0.299421,0.033911,0.087115,-0.146122,0.249170,0.194094,0.190952,0.162356,0.222498,-0.125745,-0.249031,0.188513
0.171665,0.073304,-0.171780,-0.129586,0.232840,0.221508,0.333896,-0.134902,-0.119868,0.356606,0.414970,0.126911,0.395473,-0.257449,-0.067641,0.109829,-0.273529,-0.019800,0.142263,0.145890
-0.364931,0.277903,-0.060654,-0.257771,-0.266850,-0.252855,0.247063,0.251077,0.309840,-0.263437,0.112140,0.282967,0.000855,0.327284,0.274734,0.093455,-0.032622,-0.002975,-0.093172,-0.033442
0.264403,0.198075,0.148761,-0.039256,0.247156,-0.254429,0.322728,0.317145,0.131788,0.287195,-0.055694,0.255817,0.383219,0.045056,-0.008127,-0.101583,-0.336190,0.107217,0.052749,-0.285772
-0.259672,0.237414,-0.212376,-0.241608,-0.209603,0.154313,-0.181121,-0.267054,-0.209067,-0.270324,-0.269907,0.077942,0.235796,0.239493,-0.207326,0.228016,-0.247821,-0.069040,0.311429,-0.184519
