-0.071072,0.359961,-0.177376,-0.009820,0.143520,-0.232068,0.099661,0.129137,0.247688,0.207717,0.354802,0.357292,-0.141823,-0.177119,-0.365579,-0.215413,0.122558,0.040116,0.157676,0.318891
0.311613,-0.210665,0.260142,-0.180620,0.316279,-0.343360,-0.232289,-0.107294,0.311047,-0.213259,0.038815,-0.231119,0.226079,0.211419,0.206247,-0.015866,-0.204569,-0.209872,-0.143727,-0.180327
-0.161992,-0.055286,-0.136086,-0.232193,-0.246273,-0.325160,-0.265458,-0.211184,0.311428,-0.179628,-0.215729,-0.138840,-0.209607,0.098584,0.248666,-0.373525,0.337673,-0.188752,-0.003278,-0.130703
0.094772,0.300583,-0.203680,-0.193749,-0.227609,0.055668,0.217322,0.211741,0.246074,-0.132366,-0.239713,-0.291566,-0.220428,-0.195018,-0.271232,0.119334,-0.190918,-0.242487,-0.257093,0.344028
0.207220,-0.215908,0.083591,0.168670,0.053619,-0.007143,0.075368,0.274461,0.081206,0.327013,0.071173,-0.300409,0.292561,0.007243,0.347698,-0.144000,0.423157,-0.252135,0.236853,-0.237107
-0.058257,-0.305466,-0.324447,0.280976,-0.172685,-0.110664,0.230237,0.400999,0.185968,0.163662,-0.163089,-0.169465,0.217691,-0.104121,-0.032778,-0.227091,-0.249975,-0.024718,-0.242475,0.337272
-0.194725,-0.020804,-0.178815,0.176393,-0.207501,-0.361851,0.214988,0.170644,-0.173941,-0.235669,0.303081,-0.343292,-0.229291,0.219921,-0.232985,0.014789,0.251497,0.181835,0.006792,0.319256
-0.122546,-0.232189,0.365678,0.206319,0.266846,-0.335324,0.217396,-0.178277,0.108010,0.307091,0.136747,-0.300333,-0.209123,0.080736,0.044702,-0.110924,-0.228499,0.148158,-0.347936,-0.132078
0.054702,-0.149200,0.182251,-0.093304,0.175670,-0.055453,0.027838,0.234093,0.312161,0.124507,0.491755,-0.133425,-0.122961,-0.137201,-0.257057,-0.280304,0.349237,0.018796,-0.163243,0.378398
-0.071302,0.081902,0.218652,0.265060,0.046458,-0.029519,0.106696,0.070764,-0.176615,0.111447,-0.374379,0.387366,0.327490,-0.332059,-0.236804,-0.164486,0.060326,-0.414264,0.153893,-0.131588
-0.273962,-0.122902,0.091472,0.103627,0.012917,0.059930,0.133505,-0.066331,0.290228,0.173346,-0.422007,0.086629,0.342652,-0.131456,-0.059663,0.282604,-0.318741,0.386006,-0.001049,-0.310102
0.089105,0.336753,0.113282,0.201540,-0.098272,-0.156658,-0.357075,0.028288,-0.016924,-0.330676,0.336770,0.171900,0.090682,-0.246376,-0.114536,0.133827,0.160824,-0.362748,0.065511,0.385244
-0.153503,-0.031850,0.235491,-0.223913,0.186291,-0.287887,-0.349405,-0.179844,0.228994,-0.228064,0.248700,-0.200390,-0.200829,0.226245,-0.210433,-0.326777,0.240076,-0.194888,-0.204717,-0.106059
-0.054735,0.194389,0.545775,-0.177548,-0.348851,0.038622,-0.230700,-0.016396,-0.075805,0.124712,-0.051229,-0.244326,0.053804,0.121286,-0.252468,0.173710,-0.177275,-0.342897,-0.269745,-0.190360
0.193635,-0.313330,-0.151376,0.376899,0.021441,0.190125,0.129743,-0.039697,0.337927,0.380478,-0.367117,-0.022729,0.116730,0.033600,-0.104001,0.286402,-0.106394,0.207345,0.104421,0.277999
0.255268,0.198875,0.280838,0.241947,-0.221044,0.008576,-0.215203,0.153943,0.005443,-0.211571,0.347329,-0.321774,-0.049242,0.191648,-0.249637,-0.318727,-0.128668,-0.229948,-0.259347,-0.173822
0.280564,0.338651,0.233198,-0.148673,-0.303237,-0.245064,-0.182502,-0.133052,-0.174515,-0.200765,0.239531,-0.199408,-0.198431,0.175870,-0.189962,-0.240215,0.221663,-0.194384,-0.214877,0.249015
0.245218,0.299396,-0.270957,-0.223876,0.227429,-0.195067,0.056957,-0.213847,0.106295,0.327547,0.104338,0.274960,0.194810,-0.289881,0.075803,0.407490,0.127241,-0.199067,0.169330,0.067834
0.075709,-0.238119,0.169112,-0.272189,-0.233167,-0.237998,0.256712,-0.226299,0.215629,0.196700,-0.287182,0.095899,0.188071,-0.243846,-0.245688,0.195856,-0.260125,0.269927,-0.287337,-0.115154
-0.116215,-0.209440,0.368534,0.199178,-0.222064,-0.216559,-0.189654,-0.222468,-0.205547,-0.228066,-0.290492,-0.249337,-0.233304,-0.172924,-0.061989,0.143140,-0.238947,0.236343,-0.253149,0.242791
0.064565,-0.291660,0.283181,-0.234129,-0.172478,0.115335,0.265437,0.129278,-0.254822,-0.232050,-0.263888,0.196172,0.179276,0.301375,0.256848,-0.258448,-0.231314,-0.179718,0.260378,0.096443
-0.227150,-0.242465,-0.161538,0.223821,-0.247927,-0.107459,-0.215288,0.206349,0.204832,-0.218292,-0.265436,-0.276639,-0.220719,-0.228835,-0.189528,0.204201,-0.268299,0.238271,-0.288957,-0.154699
-0.118029,-0.110078,0.434418,0.147809,0.029437,0.073381,-0.302561,0.099165,-0.189021,0.166635,0.347967,-0.040059,-0.298491,-0.042576,-0.342806,0.179194,0.221443,0.144017,-0.385879,-0.101777
-0.233115,0.185745,-0.086879,-0.242081,0.254650,0.299343,0.211610,-0.131905,-0.261073,0.204744,-0.287813,-0.246208,0.221063,-0.237967,0.237249,0.252014,0.154030,0.240604,-0.254779,-0.054922
-0.136301,-0.051317,-0.254024,0.225686,-0.252891,0.217134,-0.323410,-0.017823,0.260242,-0.310727,0.047225,-0.210595,0.165180,-0.289395,0.222483,0.345636,0.281130,0.043537,0.111459,-0.251210
-0.020143,0.194247,0.545431,-0.118200,-0.235611,0.253611,0.033868,-0.213014,0.250629,0.351022,-0.121528,-0.219509,-0.261776,0.237092,-0.077319,0.181336,-0.165962,0.178670,0.000940,-0.109505
0.076149,-0.150242,0.060678,0.393222,-0.005535,-0.090882,0.006890,0.218115,0.302084,0.260027,-0.376281,-0.129267,-0.213476,0.272921,-0.261872,-0.335752,0.250499,-0.062939,0.100516,0.249132
-0.204746,-0.108726,0.161322,0.181457,0.186980,-0.335510,0.182788,-0.081964,0.260968,-0.175227,0.311826,0.077168,0.181845,0.187431,-0.233433,-0.342391,0.374614,-0.156814,-0.114047,0.282481
0.172586,0.393540,-0.165213,-0.229202,-0.257861,-0.230188,-0.209530,0.065502,-0.192502,-0.191818,0.131699,-0.289370,-0.215030,-0.252287,-0.270995,-0.223585,-0.186704,-0.290066,0.022985,0.200171
0.196581,-0.198191,-0.190357,-0.216839,0.224378,-0.267830,0.209228,-0.177520,0.209415,-0.260105,-0.233342,-0.303830,-0.206805,-0.243311,0.192453,-0.028836,0.271903,0.198900,-0.256637,0.252963
-0.197853,-0.230770,-0.146295,0.196480,-0.209344,-0.274043,-0.213266,-0.199435,-0.242696,-0.237030,-0.291350,0.201814,0.207735,-0.232410,-0.254575,0.223619,-0.219449,-0.221083,0.177419,-0.249436
-0.188805,0.018464,0.324919,0.345141,-0.313067,-0.376485,0.231803,0.011451,0.232385,-0.144161,0.192794,0.224373,0.300168,0.168199,0.025495,0.155891,0.018607,-0.279327,0.124273,0.215051
0.344882,0.005779,-0.054768,0.161033,0.326974,-0.037417,0.177667,-0.138991,-0.330280,0.082931,-0.119658,-0.351809,-0.321584,-0.288324,-0.002028,-0.238678,-0.232934,-0.326827,0.126016,0.135555
-0.121270,0.367607,-0.232002,-0.122217,0.229706,-0.209044,-0.228563,0.265950,0.311298,-0.193632,-0.206697,-0.226317,0.044605,0.261495,-0.237588,0.135674,0.278757,0.177353,-0.245100,-0.138423
0.172129,-0.209385,0.000675,0.175830,-0.210379,-0.361865,-0.241469,0.239328,0.275328,-0.221321,0.350565,-0.038146,-0.224213,0.168525,-0.286503,-0.178670,0.306802,0.052453,-0.147383,0.210720
-0.108495,-0.191255,-0.212938,0.276052,0.277447,-0.116860,0.264913,-0.268572,0.295929,-0.256162,-0.282121,-0.098959,-0.264397,0.219291,0.170472,0.092552,-0.083416,-0.274985,-0.256491,-0.224942
0.190345,0.280856,-0.035559,-0.064749,-0.141708,-0.176980,0.182562,0.291146,0.197275,0.212426,0.406303,-0.190004,-0.120252,0.188607,-0.041103,0.043860,0.371425,-0.261710,-0.148784,0.377461
0.017773,0.254097,-0.044603,-0.253800,-0.240106,-0.234691,-0.255544,0.241571,0.123520,-0.233830,-0.285971,-0.308402,0.079847,-0.166701,0.218721,-0.252932,-0.250545,-0.221497,0.203418,0.293783
-0.241933,0.055661,0.213496,0.347067,0.275711,-0.110231,0.293426,0.068482,0.316540,0.142947,-0.053656,-0.260439,-0.193108,-0.280741,-0.290253,0.114993,-0.103553,-0.284279,-0.229849,0.209988
-0.037090,-0.224489,-0.179094,0.182230,-0.206902,0.195485,0.251306,-0.147258,-0.193975,-0.261451,-0.238294,-0.292421,-0.024894,0.228987,-0.272918,-0.235755,-0.176029,0.241928,-0.267853,0.352742
-0.117243,0.304382,-0.001079,-0.165206,0.109439,-0.063348,-0.041793,0.131377,0.307942,-0.196112,0.381672,-0.246310,-0.222418,-0.246341,0.217782,-0.321935,-0.066555,0.204912,0.232869,0.360298
-0.160129,0.287835,0.019978,0.218966,0.248353,-0.335540,0.223033,-0.057592,0.285436,-0.221296,0.068577,-0.243540,-0.266748,0.224993,0.153165,-0.329549,0.306134,0.185031,0.153230,-0.126907
-0.327859,-0.137185,-0.111516,-0.193483,-0.025189,-0.105070,-0.235761,0.405691,-0.290061,0.117873,-0.258593,-0.259658,-0.085228,0.254826,-0.115799,0.075665,0.243595,0.326617,0.233606,-0.218470
-0.229467,-0.213928,-0.091957,-0.279426,0.223583,0.147636,-0.236733,-0.077219,0.266211,-0.216223,-0.244268,-0.259167,0.208983,-0.273868,0.217075,-0.327619,-0.200401,0.215129,0.159070,0.227863
0.126469,0.272419,-0.193108,-0.209941,0.218781,0.078008,0.196834,-0.210652,-0.224397,-0.234117,-0.211592,-0.265238,-0.217943,0.160590,-0.281467,-0.325131,0.301345,0.199711,0.163056,0.235728
0.216606,-0.041920,-0.282031,0.256981,-0.320434,-0.232147,0.319116,0.221084,0.045040,-0.112379,-0.294219,-0.163358,0.038644,0.208088,-0.301373,-0.279638,-0.076020,-0.288474,0.092827,-0.243150
0.193159,-0.149418,-0.232497,-0.021390,-0.352202,-0.092255,0.089947,-0.241487,-0.058781,0.164807,-0.028435,-0.243033,0.139845,0.283208,-0.322645,0.304035,0.288939,-0.269382,-0.350981,0.144420
0.302534,0.347771,0.184901,0.287799,-0.175282,0.147353,0.177321,0.132057,0.286920,-0.049700,0.227794,0.038258,0.163301,0.141563,-0.309436,-0.033990,-0.198453,0.288341,0.260883,0.311205
-0.331755,0.252899,-0.101868,-0.183612,-0.247305,0.212278,-0.185415,0.235529,-0.248910,0.231064,0.321297,0.129093,-0.026789,-0.268482,-0.195977,0.012336,-0.144504,0.010083,0.106085,0.454946
0.137259,0.327340,-0.088963,0.219960,-0.233728,-0.277111,-0.260869,0.163834,-0.162845,0.162396,0.345713,0.072791,-0.048851,-0.204307,-0.237173,-0.236405,0.324440,-0.011768,-0.112961,0.373183
0.116792,0.209597,0.370344,0.294565,-0.052197,0.102640,0.276516,-0.218890,0.207801,0.148431,-0.281132,-0.266499,-0.153246,-0.028462,-0.267713,-0.092258,-0.234817,0.275862,0.223457,0.282764
-0.109896,0.260124,-0.168264,-0.222274,-0.218306,-0.272670,-0.191598,0.094949,0.255930,-0.229625,0.133521,-0.293140,0.156476,0.150519,-0.249644,-0.257000,0.213383,-0.236912,-0.271572,0.319216
0.242407,-0.309414,0.450994,0.112573,-0.040252,-0.149198,0.200411,0.028526,-0.281545,0.276531,-0.356612,-0.001213,-0.314347,-0.069428,-0.185922,0.100702,0.296138,0.046719,-0.193007,-0.078679
0.172394,0.405956,-0.167523,0.245981,0.326770,-0.104705,0.229791,0.161265,-0.191766,0.342758,-0.228306,-0.266071,0.190460,-0.094946,0.159178,-0.174358,0.216715,0.101010,0.113458,-0.268538
0.208263,-0.236246,0.460311,0.161002,0.226934,0.155121,-0.206297,-0.193997,-0.236983,0.268080,-0.200101,-0.254636,-0.068432,-0.014028,-0.196373,0.174795,-0.192037,0.261948,-0.285123,-0.116439
0.274848,0.130809,-0.259051,0.071452,-0.257793,-0.137483,0.269157,-0.173833,0.286896,-0.160345,0.456574,0.281876,0.201668,0.110388,-0.218454,0.168698,0.205269,0.160214,0.121794,0.198758
0.042918,0.430970,-0.205452,-0.231911,-0.221804,-0.329761,0.230814,0.078792,-0.034110,0.094230,-0.326773,0.121372,-0.233688,0.275717,-0.294346,0.243283,-0.178833,0.215482,0.065741,0.090888
-0.208172,-0.261233,-0.255862,0.018868,-0.240451,-0.219990,-0.351352,0.126853,-0.146556,0.047101,-0.130102,-0.389780,0.231175,0.229858,-0.377007,0.011936,0.315760,-0.171036,-0.076938,-0.029422
0.286034,0.171825,0.154324,0.120102,0.317985,0.264718,0.103933,0.092733,0.248014,0.309011,0.395387,-0.168473,0.243078,0.010745,0.014537,-0.177808,-0.136602,-0.078315,0.384287,0.233702
0.315180,-0.155175,0.505307,0.130182,-0.005574,-0.244419,0.134577,0.244948,-0.263509,0.083924,0.182471,-0.024338,-0.082082,0.301162,-0.136339,0.050009,-0.201855,-0.375583,0.002429,0.236030
0.171205,-0.216879,-0.143855,0.290806,-0.249537,-0.320599,-0.256344,-0.129971,-0.238323,-0.229341,0.209728,-0.301846,-0.027519,0.110402,0.158634,-0.296899,-0.215698,0.227698,-0.272701,-0.165057
0.235126,-0.100719,-0.046759,-0.109419,0.225247,-0.301277,0.167318,0.248889,0.276342,-0.170921,0.044478,-0.312069,-0.130947,-0.184103,0.212040,-0.284190,0.299664,0.214516,-0.168623,0.378163
-0.145553,-0.071319,0.232348,0.077846,-0.129425,-0.261392,-0.070083,0.145017,0.266292,-0.211890,0.587326,-0.154729,0.069082,-0.037225,-0.052238,-0.322321,0.244244,0.176072,0.069098,0.331289
0.128689,0.128407,0.056397,-0.295451,0.041479,0.350542,0.292352,0.338364,0.010128,-0.040538,-0.288313,-0.026579,0.135527,-0.274100,-0.158037,0.246829,-0.192346,-0.296502,0.069965,0.396407
0.272598,0.024506,0.240950,0.164665,0.194896,-0.366511,0.180949,0.227095,0.296253,0.214280,0.299866,-0.040199,-0.145400,0.089927,-0.221207,-0.277937,0.268238,-0.225020,0.228109,-0.167463
-0.208971,-0.228746,-0.180043,-0.208140,-0.234997,0.136908,0.202056,-0.210418,-0.230815,-0.273395,-0.265470,0.148389,-0.264077,-0.226246,-0.260816,0.108157,-0.217227,-0.323610,-0.234260,-0.203100
0.184958,0.267267,-0.031115,0.007972,0.061760,0.240421,0.204440,0.029590,0.214876,0.233915,-0.194353,0.328048,-0.030069,-0.224818,-0.302153,0.241808,-0.119329,0.286833,0.338989,0.360723
-0.055134,-0.053747,-0.163745,-0.209559,0.056270,-0.323981,0.023069,-0.143245,0.285719,-0.196247,0.447078,-0.233944,-0.248227,-0.256555,-0.242961,-0.288040,-0.143738,0.074680,0.204538,0.286180
0.157041,-0.119090,0.030419,-0.238293,0.069989,-0.218741,-0.077366,0.326274,-0.264097,0.154291,0.091940,0.061949,0.272920,-0.207823,-0.345586,0.421555,0.007158,0.008294,-0.338150,0.321152
0.164862,0.102393,-0.108123,0.273401,0.220627,-0.094582,0.037790,0.344274,0.248369,-0.176968,0.124717,0.351504,-0.030644,0.332124,0.259034,0.189328,-0.354951,0.288458,0.075360,0.192723
-0.155790,-0.143389,-0.195219,0.258621,-0.233342,-0.316399,0.238376,0.207516,0.246243,-0.217368,-0.234068,0.084718,0.150023,0.141115,-0.263881,-0.284452,-0.202388,0.233553,0.126749,0.348341
-0.000880,-0.180423,0.450568,-0.145206,-0.327782,-0.054597,-0.137894,-0.183141,-0.222699,-0.030167,0.023568,0.103284,0.108529,0.261812,0.151610,-0.197142,-0.216486,-0.243053,-0.339035,0.394443
-0.253461,-0.164680,-0.006849,-0.287160,0.181552,0.282539,-0.074876,0.188021,-0.268038,0.139468,-0.149429,0.018333,0.257749,-0.199253,0.221022,0.377341,0.272770,-0.292790,0.304836,-0.089415
0.402893,0.210517,-0.046456,-0.006000,-0.256919,-0.324542,-0.070645,-0.262978,0.001258,-0.116756,-0.100841,-0.329652,0.164611,0.237727,-0.236208,0.291931,-0.282908,0.205510,0.256779,-0.019326
0.188000,0.108696,0.276552,0.315596,-0.271166,0.102338,0.230186,0.312313,-0.322657,0.055698,-0.000837,-0.171247,0.118485,-0.176683,-0.339501,0.293341,0.141179,0.231335,0.093919,0.277237
-0.085694,0.233018,0.171487,0.265197,-0.208768,-0.104412,-0.095000,0.206514,0.304705,-0.181184,0.365316,-0.235844,-0.233443,0.008580,0.210178,-0.357375,0.291527,0.234832,0.200914,-0.103685
-0.198415,0.352052,0.220529,-0.164665,0.166905,-0.198968,0.190802,0.142592,0.211948,-0.244729,-0.193528,-0.286878,0.167643,-0.078821,0.155435,-0.200353,0.370126,-0.233071,-0.237245,0.256853
-0.210434,-0.021182,-0.109956,-0.325552,-0.198234,0.155059,-0.161168,-0.365914,-0.427315,0.266338,0.070764,-0.269414,0.041167,-0.289037,-0.205051,-0.081440,0.169610,0.178562,-0.247081,0.165059
0.313588,0.224137,0.275746,-0.196538,-0.303624,-0.370365,-0.212707,-0.085396,0.231645,-0.228989,-0.196208,0.242341,-0.154544,-0.169400,-0.197979,-0.260082,-0.076205,0.189499,0.111626,0.194805
-0.096451,0.174054,-0.240818,0.173554,0.215104,0.290456,-0.213359,-0.256030,-0.262715,-0.150500,-0.268274,0.222318,-0.237251,-0.214521,-0.223710,0.273807,-0.293723,-0.247389,0.107746,-0.176372
0.260315,0.321141,0.169604,-0.001229,-0.301405,-0.260778,0.042543,0.195246,0.294903,-0.199326,-0.122284,-0.222247,-0.142150,-0.179678,-0.196162,-0.267750,0.352806,-0.145646,-0.296526,-0.119323
0.013149,0.028653,0.093985,-0.096965,-0.053471,-0.362468,0.330069,-0.060629,0.379213,0.106389,0.423451,0.054010,-0.248255,-0.089212,0.297107,-0.297294,-0.250483,-0.211345,0.199230,0.056668
-0.005069,-0.142321,-0.019390,-0.188672,0.162740,-0.235799,0.209400,0.225866,0.248626,0.179782,0.431204,-0.206467,-0.107325,-0.245108,-0.207091,-0.249529,0.378639,-0.221368,-0.084342,0.260505
0.057160,0.209526,0.156943,0.121161,0.271724,-0.019084,0.442795,-0.276452,0.182300,-0.131771,-0.035254,-0.214721,0.161481,0.354967,-0.292100,-0.356601,0.233824,-0.040214,0.217351,0.028079
0.247048,0.199568,-0.164555,-0.172822,-0.147411,-0.318140,0.172334,-0.161668,-0.137192,-0.196877,0.250095,-0.217727,-0.193130,0.211445,-0.197519,-0.251130,0.293005,0.169212,-0.295654,0.331504
-0.218405,-0.099174,0.398542,0.068126,0.324300,-0.061832,-0.175108,-0.074048,0.388344,0.075552,0.297894,-0.253055,-0.225717,0.038178,-0.217716,-0.100833,-0.182296,-0.160255,-0.225929,0.323450
-0.320587,0.224911,0.257079,0.268279,-0.212550,0.249320,0.141932,0.110353,-0.203668,0.051065,0.049386,-0.010451,-0.159974,-0.189341,-0.296672,0.426717,-0.226848,0.154989,0.178330,-0.288880
0.362117,0.234052,0.247696,-0.223114,0.190291,-0.197922,0.226898,0.200760,0.184084,-0.250856,-0.246511,-0.021878,-0.225993,0.231428,0.195927,0.079999,-0.218034,0.231721,0.146012,0.325197
-0.185245,0.322267,-0.160264,0.136815,0.188807,-0.315281,0.130342,0.275061,0.275195,-0.215159,-0.015251,-0.118245,0.190161,-0.242179,-0.234218,-0.302923,-0.159876,0.169171,-0.136572,0.373128
-0.205130,-0.239031,-0.157345,-0.228006,-0.079988,-0.245716,0.241981,0.177980,-0.250543,-0.263082,-0.297314,0.114010,0.212113,-0.245761,-0.257599,0.277700,0.179289,-0.247013,-0.277097,-0.121858
-0.153148,-0.222271,-0.247642,0.194354,-0.180134,-0.317384,0.050674,0.242943,0.246357,-0.139022,-0.132872,-0.235690,-0.116232,-0.249375,-0.178608,-0.261629,0.317297,-0.136969,-0.085316,0.421048
-0.281393,0.257717,-0.361834,0.219014,-0.097780,-0.172225,-0.251093,0.117381,-0.164072,0.146718,0.046753,-0.107822,-0.221492,0.292980,-0.257262,0.120266,0.335762,0.188510,0.036019,0.363443
-0.232048,-0.203559,-0.199978,-0.241808,-0.267857,0.085705,-0.258366,-0.219806,0.242948,-0.217145,0.178465,0.122335,-0.255430,0.164032,0.213173,-0.064994,0.386802,-0.238244,-0.269401,-0.195789
-0.032196,0.128934,0.366751,-0.324010,0.025415,-0.325762,-0.218559,0.284245,-0.020803,0.307983,-0.425447,0.066728,0.061368,0.126728,-0.140790,0.035669,0.306452,0.218019,0.064696,0.200564
-0.227400,-0.182687,-0.154549,-0.221492,-0.235959,-0.285273,0.183405,-0.101226,-0.223316,0.220542,0.100085,-0.310084,-0.227995,-0.262131,0.169916,-0.324942,-0.180490,-0.238858,-0.267104,-0.200558
0.269540,-0.205195,0.308059,0.123192,-0.230853,-0.309957,0.150574,-0.080309,-0.151246,-0.249686,0.277742,0.092032,0.204692,0.202085,0.151022,-0.350595,0.223890,0.100369,-0.337343,-0.152925
0.072159,0.214941,0.689394,-0.108634,-0.261339,0.124417,0.096161,0.031570,0.199303,0.219556,-0.018701,-0.219578,-0.346142,-0.028946,0.066464,-0.008034,0.045108,0.319117,0.039907,0.020467
-0.166086,0.255071,-0.110395,0.264981,-0.243850,0.215334,0.205876,-0.147475,0.265502,-0.280645,0.110502,0.122863,0.186667,0.170871,0.155010,-0.292987,-0.248927,0.230476,0.235186,0.366224
0.208645,0.240097,-0.228079,0.161654,-0.302543,-0.204821,0.077318,-0.214667,0.192034,0.092540,0.305992,-0.125086,0.316178,-0.139447,-0.085053,-0.367782,0.144070,0.257527,0.035173,0.360805
0.351101,0.259546,-0.184613,0.222577,-0.022027,0.290934,0.302724,-0.081707,0.210968,0.308528,-0.157246,-0.247947,-0.254332,0.107099,-0.223661,0.245279,-0.202141,0.103881,0.056808,0.274179
0.132892,0.176259,0.260969,0.462716,0.092668,-0.027529,0.132082,-0.217009,-0.081667,0.199308,0.247601,-0.316091,0.042736,0.207974,-0.244215,0.177822,0.229656,0.134690,-0.243711,0.347773
0.052885,0.012891,0.320007,0.282789,0.352149,-0.305870,0.086666,-0.322597,0.183332,0.291907,-0.296577,-0.122746,0.356905,0.181908,0.058153,-0.182851,0.039832,-0.034134,0.054450,0.246309
-0.272352,0.314127,-0.294770,0.260223,0.103185,0.287641,-0.061157,0.055658,-0.186365,0.097708,-0.130360,-0.077151,0.130445,-0.226491,0.165450,0.168065,0.392044,0.257014,0.239310,0.322705
0.088684,-0.071658,0.198466,0.252048,0.099413,-0.180629,0.108456,-0.242040,0.319163,0.111114,0.581176,-0.211129,0.024033,-0.118637,-0.191388,0.082345,-0.209214,0.147789,-0.021776,0.387978
0.133078,-0.281936,0.490705,0.230773,-0.154195,0.035174,0.077920,-0.318278,0.180788,-0.167728,-0.123793,0.266107,-0.302438,0.117219,0.085671,0.170596,0.275697,-0.202704,-0.260863,-0.051144
0.351877,0.239452,0.590550,-0.087932,0.240466,0.243652,-0.208524,0.229281,-0.136233,0.058206,0.194094,0.065339,0.224833,-0.029598,0.030640,-0.233979,-0.230213,-0.094951,-0.065606,0.108649
0.105378,0.227731,0.195152,-0.104553,0.348062,-0.293344,0.195397,-0.249197,-0.194665,-0.222144,0.244284,-0.199708,0.251835,-0.245667,-0.245960,0.056916,0.268971,-0.255013,0.157786,0.209663
-0.185875,0.220227,0.394783,-0.239051,0.203169,0.208557,-0.194563,0.216352,0.207340,-0.222927,0.025473,-0.291855,0.205625,-0.195383,0.203623,-0.244530,0.018114,0.273189,-0.263171,-0.173399
0.155236,0.342913,0.357179,0.015485,-0.144477,0.420051,-0.326583,-0.007180,-0.145732,-0.071787,0.034031,-0.303308,-0.118406,0.276625,0.354521,0.182265,-0.203845,-0.047757,-0.099739,0.060817
-0.195708,-0.171042,0.449794,-0.223112,-0.249763,0.151440,0.252166,0.160162,-0.246265,-0.117290,-0.249324,-0.284737,0.211925,0.102493,-0.258627,-0.234925,-0.231864,-0.160251,0.061267,-0.165723
-0.081328,0.262211,0.465382,-0.091694,-0.238150,0.153633,-0.240447,-0.259514,0.197246,-0.158768,-0.234200,-0.233144,-0.224006,-0.185309,-0.227756,-0.179713,0.182027,-0.240468,-0.245070,-0.033746
-0.373711,-0.217494,-0.267586,0.176438,-0.114401,-0.237810,0.095997,-0.193422,0.255840,0.062876,0.350966,-0.126109,-0.112762,-0.062337,-0.259148,-0.175365,0.315793,0.022294,0.104313,0.399915
0.030314,0.180138,0.208788,0.145141,-0.031065,-0.445493,-0.224621,0.286872,0.201576,-0.028813,0.335879,-0.324382,-0.099484,-0.255489,-0.065226,-0.026439,0.271828,0.250407,0.023397,0.305000
0.132022,-0.227566,-0.300908,-0.230559,-0.010640,-0.129648,0.169678,-0.049729,0.291170,0.134494,0.531626,0.179882,0.227974,-0.244894,-0.184353,-0.079992,0.104405,0.015646,0.271344,0.289726
0.230386,0.121702,-0.134533,-0.261940,-0.390391,-0.176738,-0.295688,-0.123981,-0.249374,0.467642,0.050383,-0.112670,0.309304,-0.017944,-0.084319,0.222002,-0.076136,-0.071927,0.183805,0.256330
-0.275551,0.287769,0.419564,-0.155042,0.175247,0.329620,-0.140012,0.063221,-0.121434,0.106010,-0.087761,0.265579,-0.256322,-0.223785,-0.108696,0.319200,-0.034051,-0.132531,0.214533,-0.282450
-0.248374,0.281511,0.456204,-0.227592,0.126341,-0.274583,0.059775,0.172945,0.237057,0.266934,-0.060577,-0.240463,-0.170885,0.143096,-0.208846,-0.259878,-0.220123,0.235831,0.137755,-0.038485
-0.192881,-0.218420,-0.157149,0.167256,-0.274785,-0.249474,-0.199233,-0.155494,-0.236102,-0.277960,-0.184203,-0.122983,-0.293734,0.241304,-0.143319,0.123086,-0.190201,0.282355,-0.235595,0.356565
0.155664,-0.193096,0.321201,0.188920,0.222980,-0.378715,-0.242690,-0.047671,0.266678,-0.184719,0.150199,0.076897,0.203376,0.215161,-0.256662,-0.295396,0.294742,0.142631,0.190758,-0.164921
0.020741,0.219996,0.214950,0.107458,-0.042059,-0.123886,-0.040090,-0.054841,0.120747,0.137770,0.485712,-0.194644,0.218042,0.002026,-0.193857,0.151417,0.210663,-0.576088,0.035735,0.280604
-0.201909,0.319054,-0.155072,-0.222251,-0.307959,-0.203557,0.247061,0.271018,0.206570,0.193613,0.374736,-0.231393,-0.202809,0.039473,0.222678,-0.163261,-0.118719,-0.303313,0.078688,0.088818
0.248959,-0.196914,0.205726,0.206944,-0.203692,-0.263681,-0.182219,-0.162678,0.263431,-0.088053,-0.083274,-0.189935,-0.151315,0.160707,-0.308884,-0.333525,0.369947,0.198801,-0.293967,-0.071281
0.268824,-0.251712,-0.212542,-0.050843,0.280817,-0.275258,0.236408,-0.165903,0.244837,-0.226699,-0.081418,0.054097,-0.212541,-0.203353,-0.321038,-0.267495,-0.107334,0.189535,-0.323591,0.210676
0.326325,0.216154,0.055760,0.215778,0.164593,-0.287995,0.125150,0.127247,0.239678,-0.195173,-0.201475,-0.303798,-0.272220,0.242754,-0.237315,0.130489,0.351165,0.226644,0.031751,-0.211517
0.159581,0.170321,0.268834,0.250249,-0.051450,-0.168733,0.027935,-0.270769,0.116767,-0.038601,0.282991,0.009053,0.060172,-0.225119,-0.248175,-0.371539,0.416176,0.223531,0.101579,0.350293
0.343499,-0.210477,-0.087206,-0.286944,0.129197,0.015280,0.233935,0.299560,0.166274,0.219544,-0.258089,-0.311537,0.123592,0.122940,-0.122014,0.270807,-0.304128,-0.260641,0.108793,-0.236622
-0.125706,0.233366,-0.108381,-0.185194,-0.220111,0.034204,-0.253097,0.283166,0.250628,-0.073141,0.409179,0.052076,-0.178359,-0.152116,-0.212224,-0.248422,0.330060,-0.020052,-0.180263,0.384697
-0.208541,-0.194698,0.096623,-0.205791,-0.222044,0.104946,0.230547,0.244735,0.244563,-0.269402,-0.275521,-0.254280,-0.217850,-0.239202,0.174196,0.176620,-0.261476,-0.175223,-0.246898,0.307160
