0.068323,0.262477,0.342179,0.197694,-0.023465,0.149158,-0.234972,0.328586,-0.212361,0.305077,-0.264769,-0.261230,0.293795,-0.112878,0.340033,-0.122185,-0.163919,-0.106581,-0.061502,-0.190147
0.197564,0.330375,0.240734,0.057287,-0.238986,-0.218305,0.203843,0.201567,-0.163320,0.232296,-0.167577,-0.119373,0.295543,-0.282976,-0.269848,0.023338,0.300293,0.207767,0.190010,-0.265399
0.034695,0.269102,-0.209270,0.193718,-0.294450,-0.250843,0.251724,0.234045,0.141590,0.298534,-0.233193,-0.268137,0.395085,0.157572,-0.181644,0.000995,0.179839,0.012156,-0.198646,-0.236604
0.157186,-0.173205,0.166431,-0.228364,-0.225963,-0.234337,0.281288,0.215549,-0.225761,-0.196513,-0.006697,-0.204409,0.333890,-0.248402,-0.069323,-0.376398,-0.124742,-0.182319,0.247626,-0.269604
-0.193198,0.075684,0.088387,0.228134,-0.343723,0.027912,0.079409,-0.173797,0.295480,-0.114909,-0.419767,-0.273773,0.245428,-0.315022,0.172960,0.061558,0.123225,-0.138254,0.373313,0.152139
0.072907,0.263444,-0.160261,0.114931,-0.122795,0.238071,-0.262182,-0.118496,-0.279791,0.182078,-0.125157,-0.357799,0.035024,0.161175,0.443543,0.036481,-0.271352,-0.142916,-0.265478,0.294841
-0.099324,-0.209816,0.367546,-0.257484,-0.003174,-0.294151,-0.237351,-0.235603,0.245514,0.234396,0.007659,0.182275,0.296606,0.179478,-0.156270,-0.261352,0.154393,0.297050,-0.231422,0.138918
-0.298461,0.183639,-0.089295,0.188247,0.134554,-0.164540,-0.177427,-0.289139,-0.190354,-0.189971,0.213769,0.031289,0.181860,0.161720,0.480245,-0.318987,-0.179194,0.259167,0.198306,-0.155913
0.188935,0.240104,-0.176074,-0.116369,-0.118950,0.175445,0.259490,0.345777,-0.078978,0.275004,-0.292701,-0.204400,0.085581,-0.322251,0.369665,0.201355,-0.173609,0.121644,0.294848,0.026964
-0.403751,0.073384,0.144039,0.204866,0.105021,-0.032143,0.393851,-0.033271,-0.291838,0.061480,-0.081962,-0.135528,-0.013634,-0.089449,0.068885,0.272863,-0.341663,0.121265,0.289009,0.429195
-0.175815,-0.257016,-0.380924,0.103107,-0.191875,0.270871,-0.293475,-0.003253,-0.240646,-0.254383,-0.252673,-0.117914,-0.084599,-0.051453,-0.016583,0.289150,-0.185870,-0.060203,0.164565,0.437793
-0.013827,0.173783,0.206467,0.172476,-0.064616,0.128215,0.112861,0.149194,-0.006433,0.465681,-0.148994,0.385397,0.300319,-0.120281,0.522060,-0.174349,-0.086708,-0.135046,-0.133442,-0.053149
-0.122332,-0.137153,0.302516,-0.296885,0.111001,-0.235891,0.211539,0.324913,-0.150879,0.183898,-0.192189,0.183159,-0.123530,-0.338490,-0.253341,-0.035730,0.291117,0.242341,-0.183140,-0.262500
-0.374013,0.145277,0.156643,0.172299,-0.104754,0.212527,-0.051072,-0.191140,0.018448,-0.157490,0.276137,-0.121047,0.038445,0.019691,0.480770,0.375794,-0.226940,-0.307354,0.160999,-0.165342
-0.155247,0.283507,-0.293436,0.101420,0.198506,0.328128,0.299895,0.324794,0.212821,0.106805,0.152538,0.217413,0.267081,0.239088,0.144344,0.034971,-0.247176,0.034196,0.011625,-0.341233
0.172373,0.198863,0.315079,-0.188126,-0.253329,-0.370650,-0.168425,0.288520,-0.088192,0.123444,0.220536,0.029826,0.238845,0.086376,-0.267992,-0.139287,0.274804,0.277534,-0.185780,-0.259963
-0.027396,0.269572,-0.178868,-0.254763,-0.352908,0.001891,0.189699,0.226191,-0.227485,0.294520,0.198629,-0.168547,0.292568,0.238587,-0.044145,0.174434,0.344048,-0.245353,-0.195861,0.140746
-0.082193,0.117917,-0.014920,0.062250,0.307796,0.122531,0.035226,-0.250524,0.165136,0.306378,0.306160,-0.321088,0.194498,0.119387,-0.271649,0.391333,0.193964,0.280314,-0.297151,-0.002100
-0.083800,-0.191709,0.263108,0.202368,0.338909,-0.271775,-0.194417,0.181620,0.208224,-0.260066,0.285346,0.164280,-0.197277,-0.168383,-0.232574,-0.265151,-0.210448,-0.134057,0.309493,0.132015
-0.237191,-0.239398,-0.255778,0.208888,0.335826,0.149892,-0.163070,-0.246447,0.197728,-0.237733,-0.162700,0.231697,-0.222350,0.206811,-0.231366,-0.238569,-0.073951,-0.216311,0.246376,-0.251821
-0.198832,-0.250604,-0.255245,0.283769,-0.242034,0.105556,-0.256142,0.259282,-0.247711,0.244008,0.059657,-0.238460,-0.168194,-0.232674,0.280749,-0.341614,0.083213,-0.220078,-0.122131,0.141019
-0.225518,0.232563,-0.234239,-0.175757,0.285090,0.243692,-0.211512,0.035618,-0.270601,-0.225667,-0.127865,-0.146196,0.064594,0.240320,0.249912,-0.295972,-0.185993,0.255241,0.238645,-0.303451
-0.287801,-0.099789,0.010352,0.275155,-0.075134,-0.144952,-0.267798,-0.284820,0.167312,-0.190444,-0.079959,0.098458,0.293354,-0.338453,0.394002,-0.306402,-0.103945,-0.083464,-0.285522,-0.150102
0.047117,0.293019,-0.191425,-0.272508,-0.248071,0.046159,-0.228328,0.274708,-0.184086,-0.218348,0.248468,0.092092,-0.272977,0.265929,-0.276229,-0.304557,0.250315,-0.173827,-0.004344,-0.225349
0.144554,-0.247011,-0.180478,0.072636,0.108190,0.332445,0.287064,-0.115672,0.018874,-0.021096,-0.242474,0.344221,0.275777,-0.041770,0.415545,-0.122353,-0.404237,0.131423,0.142615,0.132981
-0.238299,-0.309527,-0.223864,0.209232,0.016884,-0.222853,0.231278,-0.079436,0.162574,-0.276460,0.112732,-0.049136,0.019879,0.171256,0.457147,-0.294238,-0.199946,-0.245650,-0.126351,0.290193
0.132683,0.229981,0.110700,0.178085,0.160457,-0.126193,0.348915,0.289624,0.057011,-0.248924,-0.286763,-0.284750,0.289340,-0.219160,0.146127,-0.152025,-0.367789,-0.075489,0.112537,-0.282606
-0.001664,-0.078781,0.328350,0.201193,-0.270873,0.193978,0.250573,-0.033425,-0.231020,0.302952,-0.240929,-0.230651,0.013202,-0.240233,-0.175481,-0.251399,0.269661,0.242403,-0.146292,-0.330816
-0.178385,-0.199137,-0.134142,-0.246608,0.146464,-0.246925,-0.197472,0.006143,-0.255563,0.183282,0.093004,-0.139141,0.312302,0.199769,-0.288743,-0.382973,0.257753,-0.202939,0.231181,-0.269806
0.213882,0.349053,-0.200118,-0.213382,0.026949,0.181860,0.255281,0.197807,0.248536,-0.206724,-0.129058,0.042631,0.307181,0.219382,-0.209466,-0.349332,-0.154391,0.187124,0.224232,-0.261217
-0.223924,-0.184355,0.222573,0.255139,-0.137596,0.181796,0.254855,0.225351,0.251472,0.177507,0.315028,0.023089,-0.271109,0.252796,0.205285,-0.179213,-0.225285,0.251253,0.273867,-0.196082
-0.247006,-0.157918,-0.358296,-0.029346,-0.338737,0.271175,0.298302,0.220904,0.254130,-0.231708,-0.133739,-0.091913,-0.101344,0.005051,0.079275,-0.486832,0.156495,-0.140640,-0.028289,-0.124456
-0.027322,0.023154,-0.128218,0.082094,0.196418,0.324263,0.155261,-0.211120,0.161118,-0.224531,-0.211601,-0.184177,0.307539,0.252764,-0.349699,0.334058,-0.343149,0.278361,0.116338,-0.083308
-0.140722,0.200766,-0.022789,-0.275423,-0.288533,-0.290453,0.313091,0.186570,-0.156334,0.198240,-0.170320,-0.137929,0.304125,-0.190748,-0.229240,-0.217955,0.331141,0.160539,0.183321,-0.230925
0.101906,-0.140400,0.324430,-0.251837,-0.276719,-0.092949,0.290820,0.329341,0.091076,0.299928,0.014948,-0.091113,0.362855,-0.280799,-0.159723,-0.023864,-0.003953,0.259781,-0.111396,-0.315738
-0.184753,-0.159538,-0.097466,-0.222574,0.129855,-0.232831,0.257365,0.193263,0.199471,-0.190532,-0.271210,-0.197521,0.380378,-0.215914,-0.162225,-0.332422,0.248755,0.177462,0.213774,-0.225512
-0.127925,-0.040146,0.320877,0.172264,-0.209356,0.015487,-0.119817,0.204072,0.000091,0.328736,-0.263525,-0.219240,0.427398,-0.178962,0.300255,0.205798,-0.227845,0.158125,0.143975,-0.280870
-0.067334,0.233999,-0.186485,-0.229070,-0.098215,0.034318,0.273685,0.203496,0.272268,-0.268550,-0.217959,0.277854,-0.237461,-0.216321,-0.252632,-0.300000,-0.155183,-0.115390,0.291671,-0.275484
0.352888,0.310127,-0.111719,-0.001320,-0.212309,0.253517,-0.112943,0.063405,0.216343,0.291559,-0.303579,-0.094348,0.008145,0.164050,0.347164,-0.311379,0.303679,0.012261,0.236400,-0.122878
-0.113337,-0.169249,0.283616,-0.159059,0.319497,-0.271404,0.228488,0.203797,-0.196022,0.194283,-0.097834,-0.262528,0.276794,0.243416,-0.149300,-0.311286,-0.147822,-0.226341,-0.129883,-0.289177
0.248418,0.351453,0.225714,-0.230260,-0.241747,-0.191660,0.083616,0.023618,-0.028784,0.310079,-0.271764,-0.275143,0.352135,-0.223088,0.010591,-0.031185,-0.204250,0.062245,-0.221175,-0.303608
-0.098960,-0.037228,-0.074339,0.266234,-0.313737,0.147956,0.017714,0.312565,-0.129496,0.317537,0.095334,-0.287116,0.443744,-0.306700,-0.066521,0.077292,0.274148,0.263603,-0.194761,-0.031771
-0.002141,0.357478,-0.083834,0.122585,-0.146220,0.280434,0.211460,0.168808,0.180235,-0.305418,-0.020421,-0.246717,0.225842,-0.152114,0.381706,0.246583,-0.174195,0.168932,0.202689,0.330534
0.059602,-0.189778,0.154416,0.191225,-0.222375,-0.227714,0.315961,-0.279012,0.305860,0.042613,-0.239499,0.029680,0.288986,-0.209013,-0.229939,-0.257986,0.262594,-0.208475,-0.207682,-0.255448
0.249932,-0.169936,-0.212132,0.302905,-0.243830,0.173679,0.279813,0.229704,0.244805,-0.209837,-0.209129,0.024442,-0.132163,-0.260544,-0.235930,-0.319999,-0.134188,-0.261229,0.256824,0.085537
0.413195,0.278199,-0.263264,0.135770,-0.233999,-0.152593,-0.037994,0.132318,0.181132,0.021561,0.057692,-0.264715,0.429824,-0.289870,-0.057719,-0.385519,-0.079576,0.010624,0.176629,-0.045747
-0.234717,-0.195561,-0.284117,0.282468,0.192326,0.234510,0.286258,0.209854,-0.306040,-0.248112,-0.140831,-0.119751,-0.221517,0.242008,0.154756,-0.193743,0.036311,-0.334189,0.020669,0.237151
0.228219,0.187321,0.267648,-0.061606,0.005071,0.003183,-0.112726,0.160365,-0.270984,0.279251,-0.296496,-0.269333,0.302853,0.226854,0.380337,-0.215460,-0.159918,0.209497,-0.143266,-0.250645
-0.279325,0.324328,0.036162,0.212718,0.223133,0.305656,0.318780,0.204683,0.250783,0.336568,-0.174018,-0.222230,0.255362,-0.261049,0.008586,0.208803,0.064076,-0.030406,0.211901,0.026488
0.169214,-0.120921,-0.195039,0.072328,-0.245424,0.197046,0.316493,0.276944,-0.228880,0.279898,-0.319673,-0.226012,-0.152337,-0.195977,0.339382,0.068431,-0.151576,0.215608,0.052250,-0.316034
0.229962,0.115966,0.325258,-0.308972,0.019948,-0.162018,0.185590,0.104621,-0.305945,0.278333,-0.084037,-0.010472,0.316242,-0.247137,0.181237,-0.280610,0.296425,-0.261364,-0.087101,0.213759
0.026837,-0.189174,-0.187273,-0.239467,0.288942,0.160192,0.266419,0.172463,-0.259290,-0.259977,-0.219558,-0.229801,-0.194867,-0.258484,-0.092206,-0.338601,-0.229277,-0.226116,0.277093,0.130213
0.006956,-0.045634,-0.147987,0.197155,0.105493,-0.161533,-0.329408,-0.153838,0.167273,-0.182906,0.439786,0.502359,0.232233,-0.122606,0.192974,0.010988,-0.192979,-0.328692,0.030754,0.089113
-0.413521,-0.234820,-0.122315,-0.007483,0.032188,0.322144,0.284643,0.389559,-0.181561,-0.137471,0.204312,-0.224205,0.104502,0.193798,-0.072483,0.184213,-0.306145,-0.028291,-0.084980,-0.296587
-0.124545,-0.175040,0.309084,0.137228,0.273110,0.252367,0.209424,-0.308358,-0.147971,0.013381,0.247287,0.312269,0.328168,-0.240388,0.009236,-0.209678,-0.289980,0.236446,-0.178449,-0.012518
-0.273159,-0.086936,0.296977,0.176176,0.113171,0.145239,0.142523,0.109506,0.303575,0.239476,-0.230790,-0.329316,0.141369,-0.131477,0.459941,-0.072793,-0.385393,-0.066748,-0.008058,-0.118332
-0.007085,0.307763,-0.265114,-0.183227,-0.310474,-0.154339,-0.253641,0.183076,-0.216052,-0.038504,-0.033176,-0.100684,0.082233,-0.247149,-0.114319,-0.349126,-0.272446,-0.295478,0.326962,-0.229499
-0.216935,0.349880,0.230642,-0.142149,0.055426,0.271248,0.222498,0.297092,-0.159358,0.351733,-0.207232,-0.257079,-0.182234,-0.297806,0.318238,-0.135700,-0.170588,-0.020232,0.010841,-0.115518
-0.358317,0.187073,-0.072529,-0.137406,0.123504,-0.002646,-0.123112,0.148164,0.128398,0.162942,0.171744,0.425528,0.258056,-0.239993,0.492206,-0.194148,-0.160951,0.115088,0.200914,-0.151094
-0.061004,-0.288530,0.340320,0.189128,0.213091,-0.229053,0.145213,0.068728,0.297153,0.127507,-0.511426,-0.441059,0.143828,-0.079238,-0.168397,0.094029,-0.097652,0.047245,0.032878,0.009900
0.208623,0.269862,-0.182616,-0.201040,-0.217622,-0.186538,0.370400,-0.201629,0.196048,0.243087,-0.122227,-0.134876,0.274350,-0.224407,-0.133738,-0.362223,0.134868,0.167661,0.212333,-0.230477
0.310423,0.362990,0.351872,-0.060916,-0.286912,-0.183864,0.373153,0.229582,-0.003503,-0.045335,-0.210590,0.025243,0.390518,-0.000122,0.163617,0.023029,0.086891,-0.225729,0.221210,-0.044496
-0.053491,0.141710,0.363687,-0.459589,-0.015409,0.146398,0.218542,0.285462,-0.064715,0.223449,-0.127455,-0.106759,0.327070,-0.172118,-0.304385,-0.043590,-0.129630,-0.101484,0.309547,-0.216371
-0.404264,0.222843,-0.174698,-0.271251,-0.091661,0.355690,0.316696,0.064345,0.108100,-0.025800,0.164452,-0.049457,0.215409,-0.369901,-0.178327,-0.162229,0.121583,-0.347107,-0.123401,-0.098888
0.073162,0.242307,-0.083444,0.220933,-0.285126,0.198066,0.336915,-0.203550,0.235460,0.289346,0.198511,0.157718,0.255965,-0.222900,-0.251669,-0.264707,0.333809,-0.064852,-0.190519,0.026527
-0.042151,-0.198777,-0.200787,-0.229820,-0.233565,-0.274184,-0.198298,0.214559,0.220448,-0.316291,0.070444,-0.169515,-0.172409,0.311248,-0.216185,-0.169327,0.271161,-0.228335,-0.298303,-0.226933
0.218591,0.207230,0.074203,0.292802,0.269612,-0.297525,-0.254768,0.298497,0.091204,0.389555,0.098831,0.188191,-0.190614,-0.073710,0.398133,-0.054392,0.048733,0.006336,0.064457,0.296238
0.301230,0.266610,-0.139803,0.178869,-0.224354,0.160330,0.292580,0.273047,0.201397,-0.100396,-0.286583,-0.288239,-0.122114,-0.235625,0.231051,-0.215045,-0.109318,0.171854,0.057963,-0.345959
0.197911,0.284630,0.084157,0.255221,0.107311,0.161736,0.110646,-0.290136,0.277384,-0.208035,0.080136,-0.291651,-0.159023,-0.128524,0.355996,-0.239042,-0.343159,0.206369,-0.072017,0.265679
0.363363,0.356571,0.084385,0.357669,-0.006790,-0.185144,-0.067538,0.267928,0.192500,-0.256496,-0.201021,0.242670,0.002936,0.186818,0.106307,-0.129294,-0.180042,-0.077690,0.378808,0.219287
0.154482,0.135296,-0.186250,0.203275,-0.228249,-0.197835,0.272039,-0.201395,-0.216416,0.249692,-0.315102,-0.206119,0.319990,0.178116,-0.134290,-0.333999,0.272295,0.145523,0.227612,-0.119272
0.030645,0.379984,-0.093157,-0.010694,-0.186606,0.173863,0.232510,0.204291,0.285560,0.340075,-0.073606,-0.079812,-0.116505,-0.343686,0.338893,-0.312280,-0.146319,0.076314,-0.281742,0.159308
-0.310208,0.291619,-0.274496,0.075983,0.335759,0.178348,0.267694,-0.032561,-0.205534,-0.181159,0.271093,0.339315,0.116945,0.169852,0.055039,-0.114505,0.194303,-0.072893,-0.201681,0.338007
-0.253384,-0.257176,-0.073040,0.233356,0.323989,0.131294,0.238743,-0.232507,0.108977,0.063473,-0.083338,0.335091,-0.142750,-0.168057,0.386741,-0.397076,-0.093208,-0.165705,0.219172,-0.037757
0.160659,0.156390,-0.298823,0.346407,0.375949,-0.059714,0.140164,0.109063,0.031642,0.336315,-0.282352,-0.142628,0.243037,-0.297957,-0.033233,0.307243,-0.051590,0.186081,0.259799,-0.041092
0.215223,0.217129,0.320991,-0.218605,-0.315952,-0.174564,-0.089066,-0.153572,0.051748,-0.117229,-0.271581,0.087438,0.305411,-0.210290,-0.195935,-0.183733,0.271064,0.238203,-0.230765,-0.320870
-0.184367,-0.203774,0.183615,-0.196892,0.143010,-0.235321,0.249436,0.179468,0.335291,-0.205237,0.000871,0.128115,0.256571,-0.308785,-0.249469,-0.261652,0.253348,-0.214945,-0.186374,-0.271657
0.145361,0.362900,0.113075,-0.036791,0.236777,0.305090,0.198236,-0.292522,-0.193217,0.415383,-0.035108,-0.230185,-0.105914,-0.224713,-0.077053,0.300589,-0.139970,-0.187932,-0.268399,-0.099898
0.192450,0.336534,-0.134870,-0.333574,-0.267967,0.170475,-0.164014,0.214310,-0.091459,0.213715,-0.007676,0.268143,0.232163,-0.213906,-0.274828,-0.171703,0.312497,-0.192074,0.141008,-0.247897
-0.012373,0.261097,-0.127677,0.197076,-0.180693,0.234573,0.228897,-0.259102,-0.197523,-0.275368,0.298201,-0.223039,-0.261841,0.244572,-0.224092,-0.196937,-0.250259,-0.210977,-0.253078,0.165085
-0.144123,0.343608,0.099496,0.055475,-0.052299,0.272844,0.308784,0.209532,-0.140614,0.348078,-0.299682,-0.247702,0.373027,0.182541,0.187771,-0.264116,-0.208509,-0.015512,0.104541,-0.086760
0.205636,0.327169,0.089929,-0.060791,-0.234096,0.312163,0.291299,0.206175,0.282788,-0.149247,-0.277184,-0.317851,-0.166870,-0.223243,-0.232512,-0.229544,-0.121146,-0.248428,0.135184,0.008617
-0.167706,0.291468,0.206909,0.285929,-0.168757,0.234352,0.311159,0.261852,-0.029493,-0.183897,-0.282904,-0.289703,0.448096,0.063737,-0.052141,-0.104781,-0.166193,-0.134652,-0.195396,-0.111519
-0.066730,-0.307986,0.202731,-0.264918,-0.091546,0.182729,0.026778,-0.210066,0.109598,-0.046776,0.067216,-0.284523,-0.366650,0.325395,-0.272850,0.356748,0.089266,-0.069174,0.294297,0.248455
-0.153079,0.257411,-0.049982,0.236004,-0.296744,-0.295436,0.339086,0.257288,-0.221602,0.363840,-0.037958,-0.119804,-0.031647,-0.290754,0.029909,-0.121287,0.011912,-0.177837,-0.250000,-0.320783
-0.043807,0.072343,0.258566,-0.132196,0.251350,-0.168244,0.190317,0.161093,-0.101463,0.131317,-0.105051,-0.163005,0.259284,-0.195162,0.374406,0.542107,-0.176276,0.120153,0.176931,-0.271157
0.063898,-0.235589,-0.179582,0.073759,0.302461,0.180281,0.294956,-0.254522,-0.021301,0.335596,0.160901,-0.133135,0.304297,-0.049192,0.297202,0.332021,-0.362367,-0.065311,0.135605,-0.150736
-0.221431,-0.199416,0.279944,0.245160,0.322261,-0.270787,0.208140,0.211228,0.176004,-0.279756,-0.196518,-0.072188,0.195183,-0.246905,-0.220254,-0.314787,-0.052878,-0.150822,0.268354,0.101598
-0.128902,0.316176,0.282509,-0.115703,-0.225691,-0.043988,-0.033853,0.191127,0.154412,0.344584,-0.046244,-0.195912,0.414660,-0.207670,-0.004022,-0.311204,-0.203647,-0.060021,-0.225249,-0.329886
-0.186977,0.226218,-0.240715,0.219534,0.313938,0.188144,0.217231,-0.254360,-0.218384,-0.223565,-0.208049,0.276396,-0.216255,0.236079,-0.069118,-0.246343,0.241762,-0.233101,-0.165226,0.191009
0.034060,0.341786,-0.108927,-0.212863,-0.242835,-0.209767,-0.044747,0.279580,-0.002577,0.372400,-0.342780,-0.288803,-0.083253,-0.213895,0.355912,-0.300468,0.041240,-0.116602,0.125006,0.039428
0.344068,0.272467,-0.025299,0.219083,-0.184283,0.187992,0.183109,0.096396,0.044322,0.282977,-0.242103,-0.113608,0.284943,-0.254979,0.376967,0.384433,-0.110236,-0.116704,-0.126298,-0.123434
0.167493,0.247386,-0.163000,0.196826,0.075500,0.157235,0.265819,-0.217708,0.198263,0.200667,-0.286271,-0.194104,0.256292,-0.273853,-0.221434,-0.326203,0.228960,-0.211578,0.203687,-0.250908
-0.373949,-0.155746,0.120578,0.002416,0.343730,0.124331,-0.186533,0.156275,-0.186205,0.214260,-0.078673,0.163210,0.099860,0.291431,0.487164,0.046537,0.030161,0.229283,-0.221904,0.279300
0.027704,0.337641,0.191363,-0.221656,-0.229409,0.178004,0.348459,-0.225836,-0.220762,0.229058,-0.287646,-0.078005,-0.136384,0.183130,-0.205036,-0.339293,-0.194060,-0.221244,0.235118,-0.039063
-0.221523,0.232214,-0.176057,0.207668,-0.327686,0.116135,0.234769,-0.241179,0.335367,0.238734,0.002498,-0.118409,0.405870,0.213575,0.109619,-0.208210,0.160959,-0.072973,-0.178701,-0.276337
-0.316241,-0.244810,0.506378,-0.007654,0.045068,-0.099690,0.170670,-0.231499,0.074495,-0.136316,0.327787,-0.120651,0.263817,0.098033,-0.107302,0.193709,-0.191156,0.378482,0.052534,0.178787
0.001113,-0.152315,-0.136136,-0.237932,0.227827,0.258469,-0.062222,0.235230,0.242110,0.173178,0.117834,-0.162285,0.339005,0.223816,0.079450,-0.367665,-0.174511,-0.220593,0.299807,-0.345547
-0.111384,0.425425,0.284490,0.251269,-0.060026,0.275737,0.295043,0.019689,0.160094,0.359603,-0.099157,-0.143398,0.101776,-0.193234,0.155275,0.380309,-0.074976,0.134482,0.199093,-0.174176
-0.334182,-0.022962,0.064075,-0.119514,-0.151463,-0.041979,0.259745,-0.236297,0.151363,-0.144470,0.242383,0.367470,-0.117059,-0.229250,0.427758,0.253565,-0.282619,0.207278,0.203223,-0.078518
-0.245328,0.259647,0.063288,0.128432,-0.252803,0.235178,0.330311,0.064946,-0.091648,0.110447,-0.173134,-0.113349,0.326346,0.221380,0.441756,-0.005418,-0.081235,-0.242023,-0.307607,0.213189
-0.072984,-0.028010,-0.126602,0.090971,-0.297799,0.229266,0.322234,-0.089669,0.238323,0.243254,0.023687,-0.104687,0.425427,-0.083226,-0.221253,-0.282280,0.329235,-0.164601,-0.049177,-0.366763
0.142042,0.184971,-0.210047,-0.235423,0.310541,0.404304,0.347458,0.218436,0.096650,-0.172141,-0.122414,-0.196722,0.084122,-0.112796,0.435804,-0.142605,-0.293964,0.049897,-0.018147,-0.075984
0.372140,-0.168961,-0.267739,0.172758,0.072128,0.181583,-0.146280,0.170611,-0.078575,0.291128,-0.013545,0.149722,0.269071,-0.312121,0.533265,0.122523,-0.173325,-0.039403,0.119538,-0.118907
-0.337083,0.305588,0.290638,-0.009660,-0.216905,-0.178068,0.215838,0.149471,0.058409,-0.188767,-0.236055,0.121121,0.032669,-0.279752,0.452932,0.130111,-0.182701,0.219205,0.167162,-0.201319
-0.070402,0.022741,0.273745,-0.123485,0.277609,-0.199959,0.022945,-0.052503,0.295767,-0.161283,0.297343,0.354935,-0.204936,-0.226304,-0.022808,0.424605,-0.185080,0.281888,-0.184610,0.185223
0.038620,-0.320784,0.278802,-0.231533,-0.306471,0.159083,-0.217205,0.191967,0.322908,-0.160415,-0.183888,-0.118975,-0.113928,0.238782,-0.292823,-0.112940,0.063492,0.290763,-0.229740,-0.270522
-0.245142,-0.142746,-0.175905,-0.236623,0.303980,-0.272459,-0.216801,-0.253535,-0.172159,-0.254767,-0.095593,-0.178856,0.228260,-0.241843,0.148572,-0.278112,0.218789,0.261323,0.286156,0.104636
0.335566,0.042448,-0.355322,0.088861,0.002467,0.230272,-0.106623,0.046623,0.408741,0.162774,-0.374400,0.073541,-0.009118,-0.342227,0.263648,-0.045387,-0.073156,-0.048950,-0.385264,0.027793
-0.020963,0.165109,-0.142575,0.261337,-0.176146,-0.235653,-0.111043,-0.239441,0.252852,-0.205351,0.219547,0.240343,0.271819,-0.262518,0.281884,-0.275524,0.286658,-0.204981,-0.183037,-0.243961
-0.023236,-0.260926,-0.258803,-0.190124,-0.057201,0.251629,-0.162731,-0.305082,0.316857,0.289730,-0.106165,-0.051934,-0.268097,0.274392,-0.232532,-0.024160,-0.267189,0.130963,-0.223300,-0.321823
0.200282,0.329513,0.404389,0.163271,-0.133928,0.132110,0.294347,0.226899,-0.297816,0.275664,-0.209373,-0.213158,-0.083820,-0.166704,-0.061182,-0.166343,-0.127908,-0.028522,-0.270346,-0.277775
0.142517,0.286755,-0.063877,0.201278,-0.139400,0.007967,0.418995,0.196612,-0.034514,0.295470,-0.065693,-0.147024,0.368136,-0.094395,0.445176,-0.332371,-0.112704,-0.005996,0.186874,0.063138
0.213286,0.191733,0.070415,0.168150,-0.036300,0.565125,0.154833,0.087567,-0.019010,0.211430,0.194319,0.085393,0.145219,-0.167984,0.480062,-0.016778,-0.248256,-0.006306,0.176354,0.263164
-0.495594,0.131071,0.156029,0.098508,0.008846,-0.117017,0.109632,0.025786,-0.015084,0.135841,0.097823,0.107676,0.196688,-0.173642,0.463974,0.470583,-0.285660,0.032575,-0.049515,0.214912
-0.337825,0.135842,-0.032923,-0.168429,-0.273695,-0.068418,0.241493,-0.215566,-0.059083,-0.353279,-0.268590,0.347315,-0.243566,-0.037597,-0.050479,-0.217886,-0.188955,0.113223,-0.294324,0.294305
-0.317848,0.225560,-0.049003,-0.157014,0.257044,-0.202937,0.278386,-0.226514,-0.148273,0.121894,0.219721,0.292507,-0.057422,-0.240470,0.383969,0.214529,0.079839,0.238162,0.308554,-0.037658
0.129266,0.225982,0.165557,-0.282372,-0.045690,0.188493,0.252789,0.197234,-0.274171,-0.291449,-0.271599,-0.234642,0.321230,-0.187664,-0.129186,-0.345699,-0.220654,-0.185792,-0.101215,0.166338
0.212254,0.329645,-0.090686,-0.239827,-0.339153,-0.102802,0.255319,-0.246524,-0.070706,0.241938,0.223271,-0.066944,-0.149434,0.300324,0.175076,-0.252163,-0.036599,0.290601,-0.035543,-0.342501
0.326136,0.172352,0.328310,0.194477,-0.208626,0.398841,0.140969,0.042134,0.089824,0.303634,-0.148891,-0.024832,0.201032,-0.181478,-0.226244,0.458183,-0.079985,-0.154043,0.064603,0.047555
0.179127,0.033206,-0.130204,0.221946,0.325565,0.319118,0.397855,-0.219650,-0.261143,0.377262,-0.052605,-0.304745,-0.045742,0.207393,0.045558,0.080152,-0.199647,-0.293466,0.001625,0.022061
-0.171119,0.249551,0.313515,0.184920,-0.281762,-0.049223,-0.232399,-0.226427,0.201975,0.256948,-0.200982,0.185519,0.076882,-0.245500,-0.236951,-0.269801,0.259167,0.060680,0.353118,0.128747
0.175034,0.156368,0.320380,-0.340037,0.151892,-0.257601,0.164579,0.138147,0.229720,0.165350,-0.199909,-0.147518,0.256988,0.194365,-0.334717,-0.232581,0.126420,0.268162,-0.143300,-0.266137
-0.051973,0.266899,0.306251,-0.232934,-0.315431,-0.300205,-0.214564,0.212996,0.226547,0.217044,0.048379,0.225345,-0.059119,0.219754,0.014155,-0.229972,0.283147,0.273110,0.164529,-0.242348
0.240032,0.287536,0.055995,0.241739,-0.149045,0.131139,0.283792,0.104731,0.248228,0.324056,-0.358852,-0.102307,0.309010,-0.106625,0.220401,0.395670,-0.059219,-0.114655,-0.028120,-0.178646
-0.316401,-0.084765,-0.158811,-0.268778,0.175265,-0.273627,0.148793,-0.295491,-0.148661,-0.296492,-0.204576,-0.183051,0.258891,0.302758,0.148579,-0.112805,-0.166735,-0.139606,-0.268779,0.286027
0.127505,0.262814,0.028793,0.136428,-0.361113,0.144486,-0.221685,0.242902,-0.092764,0.146241,-0.049181,-0.277640,0.440259,-0.242791,0.366435,0.116575,-0.160254,-0.016044,0.132594,-0.286621
-0.284331,0.268340,-0.043243,0.204543,0.343887,-0.292405,-0.245404,0.118361,0.264669,0.151156,0.020631,-0.166606,-0.259796,0.194302,-0.209634,-0.134468,-0.016806,0.261021,0.270864,-0.308727
