0.349313,-0.021832,0.131776,0.269043,-0.444936,0.099601,0.259832,0.200663,0.007197,0.046958,0.257626,0.032403,-0.010293,0.004714,0.222884,0.046005,0.175784,0.323603,0.391920,-0.247522
-0.035027,0.255142,0.091554,-0.166665,0.214970,-0.281113,-0.266640,0.067899,-0.269535,-0.100925,-0.170076,0.296082,0.297161,-0.263634,-0.263348,-0.224313,-0.254945,-0.222855,-0.180190,-0.269333
0.181559,-0.092040,0.237306,0.298981,0.191127,-0.246456,-0.254272,0.300027,-0.242581,-0.137263,-0.283011,0.275369,-0.223790,-0.190317,-0.207084,-0.250598,-0.195838,0.291857,-0.078149,-0.075399
-0.262890,-0.279859,-0.247036,-0.269106,0.269255,0.146209,-0.052965,-0.168545,0.248276,-0.216259,-0.236439,-0.230053,-0.236039,-0.213991,-0.218587,-0.296387,-0.084267,-0.206970,0.231917,0.189586
-0.095436,0.042598,0.201059,-0.064013,0.252532,-0.041559,0.341912,0.155551,-0.007609,0.128769,0.284373,0.094190,0.339727,0.044025,-0.034401,0.335890,-0.388826,0.061070,0.401786,-0.289604
-0.074483,0.102126,-0.234249,0.258029,0.208298,-0.117355,0.386609,0.305698,-0.188640,-0.096130,0.390360,-0.203447,0.190256,-0.199394,0.250105,0.065885,0.179676,0.243393,0.038751,-0.296685
-0.100107,-0.276501,0.070318,-0.169709,-0.280828,-0.309862,-0.284303,0.211525,-0.249222,-0.188581,-0.319169,-0.109861,-0.136855,0.217444,-0.167161,0.141288,0.247529,-0.213183,-0.255137,-0.286336
-0.018831,0.299323,0.298381,0.046735,0.088471,-0.240589,0.363170,-0.134234,-0.201445,-0.238160,0.439485,0.224653,0.175023,0.083332,0.207449,-0.139599,0.261468,0.078161,0.197333,-0.220869
0.612521,0.047607,0.114678,0.245813,-0.136440,-0.212578,-0.134807,0.040860,-0.094040,0.118565,0.295324,0.212384,-0.149982,0.087074,0.027652,-0.289204,0.186444,0.211967,-0.152260,0.304549
0.066542,-0.344817,-0.133365,0.089697,0.320395,0.407859,-0.168907,-0.186289,0.303443,-0.022396,-0.061316,-0.127365,0.162025,0.195419,0.292999,0.030255,0.089899,0.259222,0.324826,-0.272123
-0.261503,0.240767,0.309271,-0.112653,-0.204781,0.097769,0.386556,0.280743,-0.340631,0.301154,-0.123844,0.159448,-0.139819,-0.166907,-0.024935,0.122650,-0.275156,-0.114526,0.293446,-0.008828
0.019688,-0.018436,0.093459,0.170501,-0.078838,-0.129738,0.411835,-0.453142,-0.331646,0.093692,0.320568,-0.416523,0.011179,-0.230340,-0.046151,0.178771,-0.043853,-0.275378,0.054172,-0.022162
-0.149913,0.151645,0.258066,-0.195191,-0.175626,-0.233944,-0.175343,-0.142479,0.181234,0.312608,-0.250885,-0.196396,-0.279025,-0.207163,-0.202754,-0.254937,-0.218383,-0.249875,-0.241786,0.292687
-0.256834,-0.033091,0.240923,0.106940,-0.122922,0.048716,-0.237965,-0.311442,0.344680,-0.323379,0.294343,0.280716,0.259347,0.194629,0.099309,-0.083134,0.226973,-0.225977,-0.220937,-0.173858
-0.310595,-0.065561,-0.186716,0.021685,-0.246400,0.296721,-0.335816,-0.118307,0.153907,0.093929,0.368124,-0.095575,0.016059,-0.316107,-0.085411,0.127053,-0.330887,-0.212224,0.099369,-0.350992
0.278258,0.207467,0.225936,-0.140231,-0.181620,-0.270574,-0.094852,0.210013,0.223690,0.215166,-0.256233,-0.191153,-0.305471,-0.287010,-0.188901,-0.077930,-0.267989,-0.179875,-0.277870,-0.228392
0.082602,0.302970,-0.186404,-0.220249,-0.214740,0.152608,0.189638,-0.225768,-0.152511,0.238619,-0.288762,0.279344,-0.226692,0.192120,-0.207785,-0.221107,0.186698,0.222187,0.211872,0.332720
-0.161883,0.007498,-0.198588,-0.044072,-0.221203,0.221888,0.470159,-0.140789,-0.316625,0.297787,-0.127825,0.239516,0.248525,-0.106601,-0.074505,-0.145262,0.318434,-0.273511,0.062104,-0.225478
-0.250398,0.233153,0.111510,-0.174287,0.275054,-0.296940,-0.097080,0.306621,-0.225425,-0.110216,0.263570,-0.159899,-0.178486,0.261148,0.239482,-0.307338,0.226637,-0.216237,0.037525,-0.251924
-0.230403,-0.190195,0.273809,-0.260148,0.242380,0.165640,-0.248750,0.195669,-0.210478,0.288345,0.236518,-0.168521,-0.227150,-0.148437,-0.228430,0.231586,0.230418,-0.126926,-0.266523,-0.224232
-0.222154,0.226220,-0.224578,0.108593,0.240656,-0.296150,0.278044,0.241509,0.181036,-0.038120,0.219730,0.244446,-0.122638,0.291479,-0.260628,-0.219282,-0.236121,0.235741,0.212899,0.202636
-0.236364,0.269241,-0.192469,-0.274477,-0.229149,-0.193769,-0.157774,0.234433,0.248482,-0.176694,-0.022637,0.268765,0.216745,-0.041237,-0.245392,0.226522,0.303785,-0.226366,0.252571,-0.236884
-0.346499,0.202214,0.329042,0.145481,0.288274,0.191701,0.105459,0.156289,-0.092914,0.196341,0.272255,0.255486,-0.226527,0.304787,-0.022372,0.217079,0.359840,0.023326,-0.188882,-0.100489
-0.232638,0.227703,-0.206344,0.194999,0.080037,0.233194,0.093990,-0.262223,-0.261293,-0.265682,-0.168629,-0.143584,-0.161888,0.332190,0.323634,0.083094,-0.095276,-0.288707,0.259359,-0.281491
0.061643,0.274320,0.300099,-0.376766,0.200807,0.096465,-0.201722,0.036074,0.227989,0.379789,0.011395,0.367142,0.015398,0.098285,-0.099671,-0.129515,0.208926,0.215646,-0.298324,-0.224535
0.226632,0.043578,0.260011,-0.207172,-0.292196,-0.149108,0.211486,-0.167106,0.199246,-0.227435,0.146098,0.319511,-0.223879,-0.294810,-0.036442,0.094109,0.366454,-0.314930,0.241928,0.043310
0.164662,-0.044877,-0.044830,0.094599,-0.151157,-0.301255,0.014695,0.192357,-0.381539,-0.225088,0.148109,0.335086,0.398998,0.365124,0.036341,-0.336011,-0.235846,0.090528,0.022000,0.087155
-0.212557,-0.200760,0.234908,0.353098,-0.246760,-0.272130,-0.223611,0.099791,0.215447,0.208309,-0.183830,0.281813,0.245311,-0.114047,-0.271218,0.178416,-0.262056,0.260646,-0.008716,0.146515
-0.199376,0.283366,0.197422,0.164233,-0.260505,-0.260653,-0.215175,0.304935,0.168878,0.275007,-0.203032,-0.188711,0.302545,-0.181521,0.262401,-0.196449,0.181499,-0.174987,-0.233840,0.088091
-0.257767,-0.263010,-0.177740,0.135062,-0.226928,-0.310794,0.067279,-0.200778,0.194230,-0.212275,-0.182308,0.234605,0.315717,-0.201069,-0.262497,-0.251603,-0.211618,0.229081,0.222695,0.177175
-0.238120,-0.241856,-0.101825,-0.277909,-0.232638,-0.273330,-0.220632,0.225466,-0.232427,-0.189794,0.226377,-0.179814,0.224901,0.258900,0.221324,-0.180131,0.226014,0.224505,0.137098,-0.275526
0.269256,-0.015027,-0.174882,-0.331337,-0.008681,-0.073328,0.207358,0.006008,0.376460,0.173188,-0.003353,0.362015,-0.072786,0.250379,0.265315,-0.230901,-0.179661,0.236982,0.211998,0.332511
-0.041883,0.250492,-0.278885,-0.063519,-0.134337,-0.277599,0.404285,-0.157703,-0.248054,0.016699,-0.173666,0.046189,0.254788,0.176934,-0.126962,0.333942,-0.293468,-0.218826,-0.013630,0.343667
-0.066329,0.220026,0.323654,0.317557,-0.113224,-0.267918,-0.245766,-0.100066,-0.224653,-0.226900,-0.250060,-0.042283,0.224116,-0.208008,-0.234952,-0.103131,-0.243584,0.348771,0.164392,-0.230168
0.223354,-0.279597,0.292344,0.074875,0.241918,-0.293212,-0.187508,-0.274409,0.028567,-0.224121,0.029875,-0.126922,-0.271954,0.313230,-0.228684,-0.048344,-0.220993,0.256920,-0.181706,-0.288607
0.158280,0.212616,-0.197829,-0.187919,-0.236133,-0.288465,0.046655,-0.182665,-0.315189,-0.224661,-0.267345,-0.219730,0.275915,-0.222236,0.238787,0.151943,-0.215833,-0.210068,-0.217123,-0.260244
-0.239681,0.311634,-0.123431,0.372595,0.269975,-0.194734,0.207463,0.264117,-0.294723,-0.160410,0.106989,0.117997,0.256172,-0.079768,0.253568,-0.185672,-0.181382,0.286525,0.158642,-0.137421
0.111234,-0.156528,0.316280,-0.283449,-0.249418,0.097769,-0.202854,-0.078323,0.247966,-0.243204,0.159600,-0.213619,-0.259221,-0.225661,0.228072,-0.204382,-0.243491,-0.250338,-0.256160,-0.269209
-0.328302,-0.154366,0.383401,0.026059,0.259987,-0.168365,0.244068,-0.017737,0.100356,-0.093252,-0.296381,-0.254762,0.248913,-0.044664,-0.289504,0.266479,-0.010494,0.311570,0.255860,0.109319
-0.236144,-0.135042,-0.167487,-0.210281,0.204904,-0.305976,-0.181558,0.081276,-0.240913,0.287303,-0.212131,0.282910,-0.080022,0.272431,-0.176373,-0.230210,0.256318,0.240301,-0.261822,-0.237094
0.232497,0.222082,0.132533,-0.263252,-0.215957,-0.311343,-0.353820,-0.020842,-0.299407,-0.051725,0.041835,0.289654,0.227894,0.304524,0.252944,-0.081555,0.125352,-0.277630,0.142092,0.185230
0.303337,-0.218006,-0.224522,0.316057,-0.254451,0.021469,-0.217415,-0.136279,-0.046123,-0.213750,-0.242721,0.270232,0.230691,-0.218760,0.249910,-0.178249,-0.158619,0.245479,-0.204164,0.277399
-0.365103,-0.363090,-0.093217,0.060133,0.042118,0.060721,0.122306,-0.246532,-0.107750,0.252857,-0.187904,-0.005857,-0.355844,-0.172699,0.211000,0.083745,-0.341644,0.367280,0.106115,0.244161
0.154629,0.239838,0.278040,0.204736,-0.235627,0.137670,-0.015075,0.224156,-0.066919,0.278818,-0.275070,-0.284973,-0.207785,-0.210599,-0.230981,-0.235936,-0.230212,0.263400,-0.225704,-0.255819
0.166919,-0.250065,-0.204060,-0.254613,0.282513,0.079756,-0.015274,-0.213974,0.177192,-0.237564,-0.265081,0.265711,0.241577,0.258612,-0.269208,0.038837,0.291388,-0.216075,0.279817,0.182005
-0.343675,-0.308763,-0.301576,0.300771,-0.042952,-0.054836,-0.297562,-0.263374,-0.006274,0.191538,0.247276,-0.264291,0.296793,-0.261267,-0.062640,-0.206666,0.088911,-0.003518,-0.174601,0.182414
-0.285568,-0.033451,0.259567,-0.109232,0.278858,0.098504,-0.091899,0.196842,-0.143200,-0.298128,0.382879,-0.354832,0.071600,-0.282047,-0.290984,0.058980,-0.259956,0.125388,0.182690,-0.178824
0.100609,-0.209697,-0.244337,-0.051634,-0.178504,0.149229,0.206189,0.301006,-0.140125,-0.220543,0.344882,-0.007011,0.264027,0.420781,-0.368738,-0.194787,0.188386,0.040302,-0.224246,0.030712
0.280914,-0.309750,-0.226657,-0.007221,0.167638,-0.095722,-0.216221,-0.017561,-0.343320,-0.091584,0.257369,-0.274838,0.269148,0.191310,0.330352,0.201009,0.207734,0.326694,0.083297,-0.077218
0.275779,-0.200117,0.338968,-0.038603,-0.089678,-0.219717,0.292147,0.315338,-0.178930,-0.386251,0.196619,0.218834,0.280606,-0.080847,0.153608,0.131340,0.200863,0.301287,0.027340,0.025715
-0.235138,-0.081558,-0.155859,-0.305483,0.091455,-0.317010,-0.279323,-0.108853,0.257622,-0.213101,0.265700,-0.255496,0.195972,-0.074502,0.181021,0.006724,0.305931,0.300537,-0.077796,-0.327603
-0.221394,0.261402,-0.213904,-0.252103,-0.253730,0.097762,-0.043462,0.143712,-0.234930,-0.213161,-0.255285,-0.240341,0.256674,-0.235389,-0.205125,-0.281608,-0.207526,-0.228608,-0.176791,-0.289910
0.223986,-0.226488,0.281329,0.282886,-0.159352,-0.173111,-0.109686,-0.118477,-0.190156,-0.192969,0.465833,0.350806,-0.265317,-0.154903,0.137145,-0.062632,-0.068332,0.291097,0.137733,0.137755
0.156439,0.080627,-0.032114,0.341730,-0.090231,-0.109651,0.099532,0.224233,-0.340317,-0.111721,0.249997,0.227541,0.124433,0.304394,0.116372,0.344948,-0.269150,0.100216,-0.340074,-0.299144
0.103513,0.251526,-0.252765,0.192942,0.230618,0.084700,-0.215651,-0.247036,0.294665,-0.095930,-0.094002,-0.237526,0.247403,0.306591,0.278771,-0.149417,0.332898,0.171403,-0.247376,-0.197706
0.218807,0.072756,0.262799,0.120028,-0.029550,0.214028,0.238894,0.143465,0.435947,0.036261,0.360958,-0.176142,0.061697,0.200589,-0.139164,-0.275764,0.317660,0.250349,0.109701,-0.266970
0.040539,0.273585,0.073978,0.167395,-0.265156,0.212331,-0.275139,0.208070,0.296934,-0.127454,-0.289216,0.315690,-0.048926,-0.111856,0.068910,0.084180,0.380783,-0.220559,-0.111557,0.367532
0.177019,0.077668,-0.238810,-0.183486,0.258659,0.166865,-0.152415,0.197374,-0.304727,-0.159306,0.221335,0.237314,0.120238,0.323254,0.317060,-0.225643,0.355666,-0.032818,0.266414,0.150039
0.136354,-0.030675,0.272422,0.190797,0.163693,-0.273996,-0.238295,-0.125138,0.300856,-0.070681,0.492875,0.282074,0.184172,-0.254107,0.029922,-0.085522,0.267685,0.145156,0.195217,-0.200001
0.230596,0.357225,-0.385900,0.081780,0.008617,-0.325150,0.393679,0.079067,0.125470,0.179104,0.402239,0.210235,-0.104341,0.143687,-0.006247,0.212570,0.178725,0.068875,-0.129319,-0.112221
-0.236581,0.179342,-0.168277,0.071386,-0.226278,-0.257893,-0.040361,0.262929,-0.271047,-0.225304,-0.280011,-0.221104,-0.196225,0.306134,0.219994,-0.245557,-0.187341,0.252326,-0.202279,-0.240542
-0.231044,-0.190074,0.087781,0.367134,0.052374,-0.334681,-0.179193,0.232963,0.179501,-0.189100,-0.165988,-0.224188,-0.272152,0.232843,-0.130617,-0.325747,-0.114233,0.249586,0.232849,0.200136
-0.268169,-0.091810,0.141613,-0.002548,-0.016304,-0.125794,0.310609,-0.091808,-0.163438,0.138936,0.294361,0.354226,0.124670,-0.461950,0.018003,-0.436947,0.197891,0.208011,-0.080851,-0.106325
-0.275965,-0.079163,0.011480,0.113238,-0.076641,0.224544,-0.287303,-0.250529,-0.106721,-0.325765,0.332855,0.187420,0.329296,0.252969,0.089618,0.055901,0.283162,0.214078,0.211359,0.292098
-0.190923,-0.197776,0.346440,0.284300,-0.122374,-0.261830,-0.214950,0.189910,0.201601,0.198944,-0.246466,0.240378,-0.124384,0.205048,-0.240866,-0.226585,-0.029934,0.328074,-0.214773,-0.193671
0.119996,-0.193643,-0.164217,0.134185,-0.342661,-0.325673,0.095448,0.302938,0.182594,0.178287,-0.197611,-0.296595,0.299109,0.272093,-0.184203,-0.206107,-0.219885,-0.180049,-0.212012,0.144899
0.174211,-0.168406,0.195254,0.377871,-0.080570,0.004216,-0.254197,-0.391487,-0.111868,-0.265911,-0.128012,-0.031573,-0.010084,-0.334819,-0.055675,-0.220798,0.258454,-0.168464,-0.405158,0.109529
0.387907,0.200235,-0.031129,0.388094,-0.119490,-0.282128,-0.167714,0.117899,-0.097055,-0.274124,-0.214160,0.221593,-0.236260,-0.272345,-0.166611,-0.233523,-0.133955,0.212960,-0.226975,0.123767
0.046203,-0.149582,-0.233100,-0.195360,-0.038623,0.308338,-0.227093,-0.327111,-0.294005,0.099801,0.329837,0.234027,-0.079604,0.038290,-0.317989,0.293503,-0.236119,-0.236990,0.207201,-0.134087
0.322910,-0.101650,0.187050,0.201510,0.313214,-0.302553,0.170404,-0.100583,-0.091184,0.002992,0.328641,-0.287804,0.151585,0.411223,-0.229827,0.179732,-0.125261,-0.287346,-0.071462,0.035723
-0.268477,0.235358,0.298645,-0.165756,0.243181,0.052437,-0.263705,0.266257,-0.243658,-0.225590,-0.221412,-0.145149,0.241442,-0.192155,-0.231806,-0.080053,0.302759,0.259558,-0.186637,-0.154804
-0.274628,-0.048976,0.290695,-0.106432,0.271690,0.054841,-0.019735,0.227068,0.288715,-0.178887,0.181468,0.295764,0.294596,0.210978,0.227302,0.074233,0.338866,0.335361,0.195495,-0.088442
-0.231710,-0.203725,0.229183,0.209078,-0.097981,-0.241086,-0.149123,-0.287375,-0.163717,-0.180614,0.276948,0.294818,0.154492,-0.247101,-0.302215,-0.056969,0.312944,0.050520,0.206290,-0.300722
0.027858,-0.204319,0.394702,-0.178003,0.190922,-0.192763,0.245522,-0.242143,-0.144312,0.156762,0.226135,0.298033,0.252921,-0.242122,-0.166859,-0.192851,-0.230726,-0.251261,-0.209721,-0.210105
-0.110051,0.076854,0.197302,-0.268186,0.270327,-0.034444,0.336684,0.147333,0.211465,-0.336135,0.308789,0.170303,-0.302480,0.054758,-0.264362,-0.172072,-0.222783,0.219923,0.296013,0.011629
-0.229734,0.251193,-0.181755,0.353509,-0.054280,-0.258143,-0.095191,0.251559,-0.220719,-0.200486,-0.319150,-0.217712,-0.228918,-0.112882,-0.175320,0.166983,-0.214223,0.347270,-0.187603,-0.143448
-0.221033,-0.180831,0.242197,0.158613,-0.206418,-0.231319,-0.223617,0.169003,-0.273865,0.229960,-0.329480,0.141554,0.177153,0.222913,-0.179216,-0.193036,-0.204922,0.316022,-0.172799,-0.285110
0.098340,-0.285060,-0.266207,-0.321428,-0.046657,-0.069356,-0.077040,0.173599,0.334961,0.013805,-0.231420,0.232216,0.315789,0.159061,0.370124,-0.332251,0.068778,0.003689,-0.266728,-0.153842
0.073725,-0.224508,0.297019,-0.121179,-0.241768,-0.286593,-0.246806,-0.191461,0.213758,-0.250229,-0.278375,0.057466,-0.176223,0.252346,0.244960,0.182354,-0.216151,0.272962,-0.260363,-0.192317
-0.222694,-0.237097,-0.135600,0.222453,0.227324,-0.260516,-0.251489,0.223428,0.190781,-0.132826,-0.172212,-0.164740,0.230753,-0.242193,-0.237821,0.302961,0.261442,-0.243052,0.144017,-0.272683
0.399790,-0.123981,0.140760,0.058226,-0.011750,-0.048789,0.093257,0.371322,0.400820,-0.105078,-0.173559,-0.259734,0.089460,0.354757,-0.040939,-0.252671,-0.044452,0.178433,-0.255082,0.291478
0.413473,-0.034146,0.087171,0.376735,0.252329,-0.061817,-0.217391,0.311977,0.157520,-0.177126,0.051738,-0.144160,0.314875,0.057409,0.161522,-0.218328,0.187498,0.275957,0.302743,-0.086374
0.443657,0.110140,-0.311132,0.374207,-0.090679,0.010050,-0.211507,0.077438,0.145773,-0.123710,-0.080413,0.169400,-0.185437,-0.320631,0.276216,-0.254266,-0.198621,0.323824,0.019151,-0.024806
0.057784,0.026864,0.029753,0.329615,0.231144,-0.236145,-0.278310,0.027640,0.160190,0.040695,0.453876,0.177088,0.122782,-0.333754,0.062670,-0.052734,0.073642,0.316692,-0.293571,-0.330512
0.300786,0.200830,0.331878,-0.170756,-0.213499,-0.263280,-0.255241,-0.201499,0.227991,0.244671,-0.255659,-0.134048,0.201684,-0.141261,-0.191802,-0.248739,0.216617,-0.205138,-0.124724,0.224103
0.328896,0.077618,0.017141,0.162118,-0.135762,-0.189018,0.381039,0.297766,-0.113243,-0.352620,0.518557,0.025751,0.054862,0.048401,-0.138563,0.256136,0.041416,0.181720,0.053004,-0.191777
0.029960,0.005525,0.075486,-0.329690,0.144748,-0.127649,0.296685,0.040483,-0.116988,0.006379,0.380459,0.310650,0.143577,0.322216,0.375001,0.273903,0.022991,0.280192,0.051324,0.284667
-0.257375,-0.260536,-0.160061,0.069958,0.177059,0.135350,-0.220581,-0.191048,0.262339,0.331799,-0.254790,-0.137513,-0.203053,-0.162561,0.254452,-0.221726,-0.264233,0.244864,0.236818,-0.265285
0.308173,0.079648,0.125052,0.336313,-0.276841,-0.268950,0.232079,-0.258173,0.182393,-0.106177,-0.211300,-0.211388,0.242350,0.145514,-0.144646,-0.228587,0.215296,-0.101904,-0.268417,0.291053
-0.249446,-0.228466,-0.224035,-0.272691,-0.244475,-0.074611,-0.058993,0.192469,-0.229852,0.252067,0.226816,0.233444,0.191280,0.268297,0.194767,-0.188254,0.250092,0.246234,-0.251052,-0.254376
0.137036,0.174531,0.007998,0.373862,0.193839,-0.070719,-0.290004,-0.125665,-0.011335,-0.003166,-0.395752,0.256085,-0.155229,-0.185266,0.298044,-0.331105,0.182967,0.382897,-0.088857,0.035420
0.505664,0.007504,-0.312297,0.195924,-0.075914,-0.119008,0.017791,0.218551,0.101517,0.117289,0.317202,0.030455,0.114605,0.267316,0.153353,0.111212,0.247153,0.269718,0.340789,-0.210407
0.124887,0.205902,-0.165254,0.204345,-0.250444,0.101008,-0.301290,0.263398,-0.292419,0.280228,-0.245418,0.224797,0.244331,-0.211505,0.224030,-0.235083,-0.210439,-0.200541,-0.206650,0.167248
-0.007356,-0.477860,0.070690,-0.116354,0.297920,0.024235,-0.138829,-0.162951,-0.107724,0.248857,-0.163164,0.260639,-0.084753,-0.006105,0.433197,-0.244358,-0.340872,-0.148065,-0.236070,0.036929
-0.241505,0.196458,0.257030,0.201643,-0.249259,-0.243233,-0.244150,0.254653,0.189164,0.198404,-0.229914,0.187377,0.224018,0.280252,0.244795,0.133083,-0.194728,-0.190007,0.202276,-0.257276
0.303098,0.305397,-0.211325,-0.197584,-0.203780,-0.310648,0.066237,0.246714,0.222757,0.219488,-0.264476,0.248137,0.021737,-0.076636,-0.210553,-0.240362,-0.115237,0.243145,-0.240442,-0.244753
0.078458,0.343601,0.235786,0.259372,0.206587,0.343587,-0.082712,-0.225553,0.197162,-0.092786,0.101296,-0.302340,-0.229207,-0.145233,0.412169,0.086279,-0.083022,-0.104830,-0.209635,-0.269314
0.112055,0.078610,-0.217071,0.177154,0.257918,-0.286576,0.063141,-0.235880,0.246257,-0.068212,-0.271798,0.273634,-0.289085,0.164216,-0.294788,-0.111089,0.292371,-0.261437,-0.264764,0.216182
0.451502,0.074509,-0.169452,0.283064,-0.047614,-0.218243,-0.439782,0.184343,0.064808,-0.198786,0.235209,0.210992,0.091378,0.102934,0.018503,-0.108581,0.351451,0.260996,0.089360,-0.173817
0.086586,0.183484,0.273743,-0.186790,-0.172226,-0.277560,0.277350,-0.150456,-0.319669,-0.155439,0.426596,-0.122120,0.115985,0.332715,-0.042196,-0.155771,0.071891,0.233005,-0.257788,-0.208307
0.149951,-0.060111,0.194318,-0.278016,-0.250795,-0.278847,-0.054359,0.190446,-0.244121,-0.159605,-0.268343,0.121816,-0.289185,0.355952,0.074553,-0.179878,0.420876,0.154182,0.095855,0.220712
-0.266244,-0.248912,0.332620,0.119995,0.278345,-0.215169,0.150118,-0.061021,0.297339,-0.271646,0.263264,-0.293271,0.297185,0.162920,0.291670,-0.054525,-0.022595,0.076105,-0.079882,-0.242863
0.044959,-0.055542,0.291123,0.178574,0.016579,-0.288854,0.148277,0.162126,-0.128534,-0.074631,-0.151148,-0.232301,-0.384878,-0.489894,-0.008787,0.262448,-0.105812,0.374287,0.164326,-0.109529
-0.083107,0.062695,0.164748,0.620483,0.388635,-0.110128,-0.088507,0.329693,0.028545,-0.206509,-0.045527,0.009030,-0.276788,0.180641,0.101191,0.151433,0.175319,0.213902,0.098809,-0.151794
0.335986,-0.338093,0.310015,0.192410,-0.053879,0.092719,-0.361065,-0.169164,0.272307,-0.178186,-0.045219,-0.248193,-0.076927,0.185828,0.027303,-0.192144,0.297136,0.139169,0.248531,-0.228265
-0.202935,0.134907,-0.255888,-0.265827,-0.127700,0.055019,0.336316,-0.067626,-0.174706,0.016175,0.444529,0.292471,-0.250695,-0.159732,0.181465,0.311122,0.234356,0.175181,-0.090462,-0.204078
-0.182200,0.263388,0.266319,-0.212713,-0.317675,-0.257713,-0.225156,0.245495,-0.197592,-0.159020,-0.114365,0.229578,0.118769,0.293617,0.221585,-0.188788,0.205369,0.212191,0.214606,-0.233516
-0.269278,-0.230991,-0.150921,-0.297041,0.221911,0.190223,-0.213972,0.241801,-0.241198,-0.164644,-0.222302,-0.250094,0.235079,-0.207702,-0.262226,-0.178494,0.232368,0.153190,-0.258018,0.182017
0.184724,-0.235363,-0.310271,-0.002571,-0.005508,-0.317366,0.144021,0.250613,-0.255431,-0.256445,0.361125,-0.249176,-0.017498,0.111699,0.273937,-0.027631,-0.228291,0.308674,0.074326,-0.254732
-0.239514,0.225000,-0.149979,0.176301,0.152900,0.060189,-0.212390,-0.271275,-0.190811,0.315017,-0.245466,-0.266335,-0.249748,0.302944,-0.100630,-0.290457,0.295282,-0.168948,-0.177983,0.172759
-0.255598,-0.221242,0.333225,-0.294868,-0.163413,0.188715,0.289430,0.249168,-0.257601,-0.210065,-0.166337,-0.139931,-0.235132,0.289961,0.068571,0.221080,0.255409,0.058861,-0.200692,0.141107
0.414433,-0.056604,-0.022343,0.317826,-0.134498,-0.235438,0.252842,0.297750,0.404335,-0.124170,-0.134189,-0.210464,0.144543,0.117829,0.175074,0.183373,-0.310304,0.210797,-0.078745,-0.101192
-0.074498,-0.013530,-0.392621,0.444005,-0.190115,0.056940,0.302587,-0.414331,0.175763,0.009491,0.292608,0.259473,-0.053906,0.132529,0.243683,0.197943,0.063340,0.100817,0.026551,-0.150060
0.601343,-0.048502,0.180124,0.018436,-0.002093,-0.139717,0.278130,-0.249026,0.174094,-0.166383,0.395836,0.233377,0.006598,0.241514,0.011940,0.255564,0.173459,0.073856,0.012828,-0.125203
0.347277,-0.013263,0.369242,0.235525,-0.020532,0.126285,0.011257,-0.146787,0.193340,-0.143635,0.614988,0.178684,0.044145,0.174441,-0.173827,0.011858,0.275013,0.039874,-0.180362,-0.093437
-0.354875,-0.277502,0.165073,0.241171,-0.079918,-0.235613,-0.149292,-0.141699,-0.076493,-0.142424,-0.203423,-0.169342,0.335120,-0.230293,-0.175980,0.292746,-0.297963,-0.181556,0.241402,-0.221708
0.187517,-0.240247,-0.278665,0.256390,-0.264874,-0.237104,0.243568,0.171652,0.236554,-0.266616,0.419160,-0.082980,-0.011075,0.089280,-0.269140,0.149486,0.323727,-0.085050,0.144716,0.055573
-0.251737,0.210605,-0.166767,0.077539,-0.204667,0.170200,-0.106420,0.253062,-0.206485,0.293523,0.256303,-0.246556,0.265481,-0.240250,0.233116,-0.259243,0.286956,0.173676,-0.266000,0.154736
-0.209258,0.262178,0.258463,0.292483,-0.201817,-0.270665,0.165291,0.285503,0.140199,-0.180154,-0.255959,-0.220756,-0.217665,-0.237995,0.267680,0.188048,0.184133,0.137844,-0.285848,0.017122
0.406588,0.194309,-0.392588,0.243765,-0.042423,-0.095949,0.222743,0.109591,0.105977,-0.403506,0.359985,0.126555,0.059240,-0.101813,-0.025480,-0.272865,-0.155792,0.119320,0.209520,-0.140400
0.075465,0.236860,-0.100240,-0.008492,0.006889,0.089815,-0.281202,0.189072,-0.121792,-0.380286,0.364070,0.255004,0.035990,0.171207,0.363704,-0.250780,0.216612,0.390278,0.047867,0.144267
0.302169,-0.228857,0.179822,0.364266,0.223227,-0.307262,0.123757,0.192527,0.241744,-0.183675,-0.247768,-0.111602,-0.082314,0.137925,0.082707,0.133045,-0.247655,0.359420,-0.217174,-0.201565
0.305755,0.221232,0.286208,-0.108779,0.226054,-0.313845,-0.201762,-0.131830,-0.032713,0.362512,0.122844,-0.234779,-0.238885,-0.194614,-0.292746,0.162328,0.084663,0.256117,-0.134627,-0.235712
-0.225052,0.312937,-0.203352,-0.083148,0.222324,0.139603,0.201658,-0.205893,0.251887,-0.227281,-0.238938,-0.247728,0.256292,-0.215045,-0.226173,0.185680,-0.286546,-0.185697,-0.212138,-0.241789
0.421547,-0.001820,-0.331169,0.263114,-0.072863,-0.232272,-0.285316,0.253715,0.288317,-0.253763,0.243575,0.210164,0.282287,0.184655,0.149434,-0.084678,-0.114416,0.152232,-0.087102,-0.014156
-0.252149,0.185338,0.149709,-0.288075,0.333287,-0.264723,0.057877,-0.157475,-0.260826,-0.232820,0.282009,0.214879,-0.271887,-0.301192,-0.137429,-0.064391,0.095674,-0.208194,-0.194594,-0.247767
0.413840,-0.025980,0.331978,0.447396,0.075276,-0.195256,0.112794,-0.045096,0.084639,-0.041736,0.021725,-0.084781,0.256188,0.011736,0.211756,-0.145312,-0.305153,0.400341,-0.026032,-0.238288
-0.250890,0.159817,-0.163604,-0.234191,-0.254814,-0.287888,-0.056183,0.248561,-0.167167,-0.211120,-0.234224,-0.173638,0.248414,0.290963,-0.191197,-0.164472,0.263188,-0.208298,-0.247471,-0.275227
