0.124365,-0.096729,0.168905,0.230364,-0.232108,-0.192918,0.260070,0.312987,-0.275638,0.010179,0.371327,0.325951,0.084552,-0.318340,-0.294992,-0.032747,0.279501,0.202139,-0.020171,-0.026727
-0.145743,-0.237565,-0.220541,0.288491,0.315568,-0.266545,-0.244736,-0.156745,-0.256529,-0.221657,0.108504,0.319388,-0.127726,-0.137107,0.222883,0.032526,0.238887,0.182638,0.160374,0.323500
-0.231346,0.244672,0.148369,-0.221730,0.227970,-0.270595,0.138432,-0.166279,-0.266037,-0.254263,0.164463,0.188675,-0.258612,-0.146703,0.270079,-0.357746,-0.208348,-0.201214,0.214215,-0.162020
-0.263422,0.202624,-0.020906,0.241734,-0.233488,-0.267374,-0.257003,0.280006,-0.245258,-0.252238,-0.226163,0.238562,0.246569,-0.233622,-0.234758,0.111662,-0.179994,-0.225691,-0.189909,0.161333
-0.204691,-0.001121,0.281986,0.184601,0.129617,0.078937,-0.212282,0.275300,-0.187475,0.332763,-0.179024,-0.374485,0.021663,0.320729,-0.021779,-0.081960,0.074047,0.292478,0.086948,-0.416342
-0.008608,0.000476,-0.067409,0.174057,-0.182754,-0.089858,0.359410,0.186379,0.071470,-0.060529,0.293189,-0.286172,0.045483,0.098789,-0.368381,0.072813,0.207330,0.322146,-0.370494,0.382373
-0.173983,-0.132954,-0.184399,0.281464,-0.142391,-0.265518,-0.122152,-0.219962,0.235994,-0.193375,-0.242162,0.275029,-0.231187,-0.280659,-0.217105,-0.260923,-0.247824,0.228733,0.207116,0.230896
-0.260211,0.193237,-0.148942,0.138404,-0.135094,0.341391,0.236599,-0.156747,-0.180287,-0.140641,0.363205,-0.208460,-0.187431,0.195388,0.162037,-0.087271,0.088952,0.367529,0.168801,-0.363240
0.350113,0.172955,0.144346,-0.211430,0.244529,-0.275872,0.254893,0.398521,0.260580,0.030261,-0.275325,0.182632,0.087416,0.071221,-0.321317,0.041272,0.117854,0.288064,0.083856,-0.150797
0.020737,-0.283926,-0.019683,0.291406,-0.052396,-0.024562,0.212746,0.164370,0.300707,-0.410283,0.462574,-0.080093,-0.028598,-0.200316,-0.019106,-0.359926,-0.170574,-0.101709,0.254496,-0.061749
-0.266787,0.316848,-0.332931,-0.158216,0.300337,0.113007,-0.057602,-0.236931,-0.010564,-0.181214,0.165416,0.333133,0.167573,-0.069670,0.203062,-0.286586,0.120808,0.282948,0.104396,-0.311428
0.239703,0.061372,0.159470,0.186472,-0.320242,-0.105003,-0.078861,0.336292,0.155701,0.185430,0.621870,0.039980,-0.001892,0.045496,0.365585,0.191880,0.136992,0.023872,0.060688,-0.056304
0.238219,0.046752,0.230698,-0.154994,-0.196402,-0.232643,-0.059072,-0.164263,0.185901,-0.018862,-0.207196,0.309079,0.319584,0.382807,-0.172147,-0.227596,-0.269765,-0.283902,-0.212851,0.196190
0.240261,0.122668,0.277953,0.205360,0.120287,-0.093714,0.236657,-0.024657,-0.280763,-0.102623,0.430007,0.278271,0.300159,-0.328258,-0.153130,0.254334,0.197479,-0.151371,0.127481,0.109930
-0.011448,-0.157598,-0.144384,0.097667,-0.034816,0.086860,0.431717,0.244537,0.268484,-0.296941,0.411745,0.195864,0.066254,-0.041726,-0.180013,-0.195897,0.180473,-0.258224,-0.317636,0.210959
0.288646,-0.166215,0.236122,0.264866,-0.189416,-0.291193,-0.239394,0.214405,0.272613,-0.082839,-0.018742,0.233942,0.227597,0.199762,0.291635,-0.139165,-0.250466,-0.202818,-0.254951,0.194800
0.257952,-0.180517,0.106965,0.247248,0.306434,-0.272316,-0.179589,-0.196661,-0.200358,0.205346,-0.212927,-0.193371,-0.207566,0.209035,-0.293199,-0.242378,-0.222408,-0.186791,-0.214369,-0.249947
0.201402,0.222952,0.339633,-0.257230,0.143051,-0.325598,0.407258,-0.175015,0.130270,0.230303,-0.222567,0.230166,-0.174664,0.149605,-0.141002,0.163654,0.076624,0.341287,0.097013,-0.037531
0.053996,-0.239814,0.197973,0.083610,-0.241197,-0.257284,0.397969,0.098941,0.213935,0.312476,0.233040,0.261843,0.259415,-0.178110,-0.186883,-0.224882,-0.206637,0.193942,0.154310,-0.214316
0.209868,-0.071611,0.290141,-0.305079,0.233811,0.192575,-0.091567,-0.187724,0.124859,-0.269095,-0.208650,-0.219898,0.288735,-0.170060,0.269590,-0.190435,-0.253145,0.235002,0.159730,-0.303724
-0.302176,0.226548,-0.164470,-0.269210,-0.237560,-0.331084,-0.154531,0.227504,-0.178590,-0.197084,-0.185830,-0.223706,-0.208520,0.294682,-0.266652,0.144583,-0.257113,-0.051397,0.166134,-0.205340
-0.226308,-0.179192,-0.043257,-0.261828,-0.242760,0.055460,0.149854,0.240275,0.243248,-0.208568,-0.285754,-0.130750,-0.187981,0.304813,0.271992,0.294793,0.294163,0.197973,0.039105,-0.293680
0.116866,0.247469,-0.188935,-0.324535,-0.301126,0.026000,0.308107,0.320634,-0.033350,0.154952,0.075839,-0.047905,-0.276518,0.078464,-0.155925,0.293521,0.347846,0.268340,0.272708,-0.036952
-0.275927,0.233603,0.247857,0.066211,0.155240,-0.235907,0.353515,0.256486,0.183277,0.277635,-0.207981,0.176980,-0.213341,-0.172282,0.202018,0.327805,0.193384,-0.182736,-0.229900,0.024718
-0.201305,-0.175317,0.182675,-0.131744,-0.128503,0.168867,-0.304564,0.280656,-0.367105,-0.295022,0.079960,-0.385404,0.004738,0.077304,-0.091307,0.051359,0.296242,0.054790,0.088242,-0.411343
0.155677,-0.165278,-0.064613,-0.053129,-0.123190,0.107056,-0.213580,-0.383061,0.359735,-0.242361,0.380389,-0.177685,-0.158465,-0.224520,0.241292,-0.095640,-0.283676,-0.121521,-0.298308,-0.175865
-0.338059,-0.219337,-0.265170,0.289128,-0.324024,-0.100984,0.364556,0.003132,-0.251558,-0.272046,0.267836,0.270888,0.168787,0.032373,-0.120528,0.094863,-0.174830,-0.168083,-0.129364,0.156765
-0.060063,0.207622,-0.035566,0.333464,-0.226171,0.031599,-0.288438,0.102629,-0.264207,-0.243321,0.147578,0.267981,0.313922,-0.253867,-0.252301,-0.227032,0.118914,0.245993,-0.282677,-0.198954
0.163743,0.226902,-0.150862,0.226846,-0.316283,0.106076,0.119104,-0.198651,0.217303,-0.252133,-0.329931,0.218326,-0.227406,-0.220576,-0.230098,-0.253960,0.218753,0.265159,-0.216763,0.179673
-0.229998,0.193843,0.262674,-0.220975,0.240420,-0.233088,-0.239560,0.044265,0.194837,-0.220799,-0.267993,-0.282133,-0.246183,0.243926,-0.226916,0.099969,-0.214875,0.366524,0.138455,-0.028529
-0.122210,-0.213267,0.286119,-0.276256,0.222127,0.078772,-0.176586,0.195417,-0.232374,-0.230221,-0.205869,0.248551,-0.214550,0.244168,-0.224497,0.269558,-0.229388,-0.203962,-0.246174,-0.248585
-0.371577,0.350838,0.258912,-0.265845,-0.097717,0.015856,0.320492,0.297499,0.085584,-0.220074,-0.158836,-0.150335,0.078914,-0.096487,0.346090,0.052132,0.003377,-0.318800,0.214862,0.103360
-0.099267,-0.118689,0.006336,-0.164288,0.011178,-0.243104,0.433873,-0.338062,0.215691,-0.179993,-0.184894,-0.081388,-0.325177,-0.225292,0.167783,-0.284621,0.313148,0.045700,0.289521,-0.133842
0.243147,-0.116618,0.236141,0.297561,0.301751,-0.246263,-0.214050,0.196939,-0.171797,0.196127,0.033494,-0.201237,0.204945,0.336709,0.181345,-0.232158,-0.257151,-0.258779,-0.231772,-0.090027
0.331080,0.043431,0.265760,-0.194825,-0.233574,-0.253983,-0.011318,-0.012755,-0.136111,0.231525,0.153206,0.153563,0.284265,-0.269244,-0.189262,-0.263426,0.182992,0.319109,0.268430,0.274760
-0.267476,0.219337,0.281082,-0.116180,0.239040,-0.260178,0.076203,-0.215313,0.189966,0.216159,-0.264184,0.234631,-0.229511,-0.224186,0.264637,-0.063059,-0.219769,0.252023,-0.218922,-0.257881
0.377710,0.277907,-0.042957,0.348556,-0.210290,-0.003199,0.074958,0.340963,-0.135426,-0.270373,-0.183092,-0.147208,-0.111712,-0.103401,0.162083,-0.344741,0.254343,0.255893,-0.105966,0.185301
-0.235244,0.237033,0.304258,-0.253665,-0.164491,-0.288964,-0.180420,-0.140182,0.215173,-0.232752,-0.218565,-0.194620,0.211112,0.264044,-0.225535,-0.186448,0.203818,-0.219449,0.214654,-0.216758
-0.151966,0.299060,0.399512,0.059676,0.222088,-0.114658,0.161127,0.045119,-0.137593,0.069665,0.007541,0.346496,-0.230021,0.247729,-0.008719,-0.347490,0.207337,-0.257602,-0.238963,0.297278
-0.233069,-0.233759,0.306010,0.090310,-0.207238,-0.288612,-0.017089,-0.264352,0.030568,0.293552,0.222356,0.288839,-0.227530,0.228416,0.148297,-0.238747,0.220991,-0.188736,-0.225319,0.233836
0.391294,-0.245856,-0.108655,-0.054051,0.189638,-0.271310,0.038283,0.121800,0.174946,0.270141,-0.159399,0.054219,0.288770,-0.145448,-0.052541,-0.298827,-0.310573,0.349609,0.098642,-0.298162
0.297235,-0.223551,0.227099,0.302776,-0.120006,-0.251368,-0.228722,0.269935,0.233298,-0.204380,0.190408,-0.188713,-0.140281,-0.218056,0.287587,-0.255035,0.022177,-0.210205,-0.170502,-0.242634
-0.216061,0.179498,-0.340812,-0.248531,0.226391,-0.021942,0.355288,0.203302,-0.141298,-0.247512,0.305079,0.227599,0.087598,-0.003498,0.150550,0.032998,0.347841,0.310577,-0.162369,-0.150087
-0.215901,0.239822,-0.188016,0.188087,-0.206797,-0.236236,-0.282884,0.324430,-0.336351,-0.247233,0.064192,0.188254,0.204958,-0.202974,-0.200744,-0.233075,-0.207717,0.262819,-0.190320,0.034763
0.133774,-0.216427,0.248872,0.184530,-0.268251,-0.222322,0.060687,0.235103,-0.228952,0.154377,-0.251432,-0.252380,0.291456,0.312517,-0.202785,-0.106155,0.250877,-0.188558,0.272289,-0.219386
-0.323772,0.130659,0.385530,0.153978,-0.138668,-0.333331,0.057736,-0.235378,-0.197993,0.039417,0.261934,0.222656,-0.149250,-0.276682,-0.243223,-0.222235,0.286890,-0.081117,0.204659,-0.139990
-0.058200,-0.215564,0.259651,-0.105820,0.220238,-0.275068,-0.219819,0.245215,-0.256376,-0.279206,-0.235192,0.321541,0.262675,-0.128098,-0.151218,0.370945,-0.215528,0.145501,-0.012434,-0.151228
-0.265357,0.272658,-0.023275,-0.129626,0.070327,-0.383509,-0.049347,-0.232530,0.249441,0.339542,0.243798,-0.235726,-0.329168,0.295667,0.118018,0.168904,-0.197507,0.014079,0.198357,0.141684
-0.245990,0.100534,0.301915,0.290150,0.102003,0.029189,0.106658,0.274562,-0.085398,-0.174909,-0.198804,-0.328942,0.398926,-0.216784,0.223571,-0.076309,-0.273782,-0.315138,0.070351,0.171031
0.331220,-0.273512,-0.054546,0.381458,-0.031619,0.198434,-0.074976,0.283638,0.072097,-0.383104,-0.335617,0.200971,0.159142,-0.081279,-0.005590,0.143736,0.296129,0.220674,0.113989,-0.183169
-0.227695,0.361624,0.431660,0.151084,-0.251786,-0.030527,-0.141519,0.189425,-0.218842,0.364292,0.167727,0.218256,0.247032,0.321081,-0.035483,-0.094283,0.140695,0.023230,-0.128402,0.143290
-0.245694,-0.235601,0.303579,0.172493,0.234388,-0.293170,0.282869,-0.197890,0.100207,0.279527,0.168486,0.238809,-0.123785,-0.202069,-0.262355,-0.174650,0.217249,-0.214439,-0.243131,0.144139
0.166698,-0.127751,-0.169249,0.009203,0.139171,0.258998,0.298995,-0.271233,0.255171,0.242274,-0.284954,-0.318548,-0.207427,0.097059,-0.101685,0.365291,-0.291381,0.137676,0.154576,-0.217467
-0.019932,-0.290351,-0.039213,-0.360977,-0.058509,-0.317578,-0.348809,-0.309107,0.175366,-0.322579,0.087714,0.029807,0.273375,0.341160,0.238521,0.167413,-0.145846,-0.115674,0.045422,0.076238
0.145413,0.048784,0.287074,0.242547,0.069766,-0.300774,-0.154257,-0.159740,-0.234455,0.025075,0.348938,0.278772,0.205788,-0.249102,0.266642,0.261221,0.220160,0.228566,0.228219,-0.197458
-0.177751,-0.227548,0.089162,-0.216984,0.118272,-0.224770,0.324875,0.106817,0.194485,0.103060,0.579073,0.104671,-0.164244,0.150336,-0.133384,0.215083,0.297385,0.211517,0.141174,0.136629
0.231992,-0.246227,-0.208237,-0.077422,-0.184610,-0.282767,-0.069132,-0.187561,-0.238417,-0.169897,-0.036073,-0.265249,0.322741,0.344097,0.144342,-0.231063,0.265444,-0.280018,0.199729,0.198197
-0.025658,0.344219,-0.074053,0.232380,-0.065884,-0.183621,0.381135,-0.282152,0.271871,-0.146160,0.338133,0.001964,-0.085816,0.024055,-0.249382,-0.242066,-0.243447,0.400642,0.015938,0.007798
0.132485,-0.139622,0.030260,-0.164100,-0.038043,-0.138724,-0.153465,-0.282272,0.350756,-0.016012,0.533101,0.288892,0.244998,0.111321,-0.236858,0.216429,0.270642,0.116608,0.209756,-0.118509
-0.203821,-0.097793,0.138184,0.150597,0.004458,0.257227,-0.403382,0.078062,0.309728,0.117667,0.534338,0.175212,0.001321,-0.154466,-0.352404,0.268325,0.144086,0.006241,0.036822,-0.062657
-0.247634,0.198666,-0.164327,-0.110058,0.239069,-0.256673,-0.220704,-0.215700,0.207707,-0.250104,-0.230396,0.209542,-0.211856,-0.174968,-0.208543,-0.296336,0.259429,-0.221249,0.293500,0.173024
0.310987,-0.157669,0.002668,0.353844,-0.180744,0.177881,-0.240015,0.283851,0.189345,-0.151232,-0.136749,0.195146,-0.070578,-0.178617,-0.249691,-0.291508,0.076957,0.283614,-0.243954,-0.324255
0.380100,0.027318,0.145252,0.257140,0.132833,-0.083089,0.158181,-0.394906,0.145484,0.159608,0.394717,0.199989,-0.021553,-0.365635,-0.277661,0.165269,0.093161,-0.071875,-0.202456,0.161880
-0.262990,-0.161061,-0.257029,0.146259,-0.237024,0.210958,-0.207495,-0.304403,0.298474,-0.168863,-0.128219,0.203118,0.178651,-0.340360,-0.117080,0.202853,0.154188,0.277392,-0.178664,0.265487
0.139382,-0.203178,-0.224991,0.283844,0.194710,-0.270710,-0.231784,-0.216304,0.086593,0.228882,-0.237136,0.257235,0.334817,0.387486,0.255950,0.006211,-0.042020,0.162186,-0.179671,-0.161116
-0.221257,0.314367,0.248311,-0.291319,0.272938,0.015739,-0.172665,-0.108543,-0.239974,-0.207740,-0.221206,-0.206538,0.243828,-0.194408,0.284101,0.134184,-0.219929,-0.288749,0.209066,0.160013
0.154581,-0.128208,0.383173,-0.273126,-0.108096,-0.103715,0.243535,-0.311676,0.079464,0.270819,0.181339,0.240358,0.154203,0.194948,0.249355,0.309788,-0.257673,-0.137701,-0.142384,-0.251957
-0.278367,-0.072895,-0.120725,-0.177865,0.082776,-0.022752,-0.151074,-0.321796,0.267872,-0.085327,0.271755,0.340725,-0.176902,-0.071390,0.028691,-0.276421,0.345642,0.288228,-0.263174,0.287811
0.145431,-0.383946,-0.237601,0.021366,0.060287,-0.215443,0.413860,0.065472,-0.347135,0.001072,0.438586,0.178792,0.039945,0.003732,-0.152679,0.191932,0.080470,-0.108715,0.199965,-0.289898
-0.049770,0.312019,0.222624,-0.369536,-0.352298,0.040692,-0.104987,-0.278029,-0.176193,-0.117948,0.323459,0.245980,-0.338616,-0.146810,-0.055706,0.285882,-0.112051,-0.212310,0.067461,0.081493
-0.248331,-0.296375,-0.057036,-0.176192,-0.262429,-0.306744,0.147350,-0.215471,-0.256001,-0.075672,-0.267800,-0.247982,0.259561,-0.015554,0.269989,-0.007370,-0.247792,0.298959,-0.184974,0.234660
-0.192228,0.256565,0.004554,0.218838,-0.180937,-0.311820,-0.231449,0.240848,0.168062,0.273003,0.151257,-0.119110,-0.046817,0.320437,0.276877,-0.245814,-0.148874,0.270996,0.314150,0.177972
-0.305870,0.161224,-0.094597,-0.272316,0.187622,-0.030638,-0.225385,-0.309925,0.276058,0.287055,-0.130823,-0.306858,-0.171611,0.266867,-0.172969,-0.156098,0.081580,-0.336565,-0.212996,-0.155614
0.029545,0.176122,-0.135126,0.248620,0.345101,-0.374402,0.082051,0.147690,0.274002,-0.078570,-0.317030,-0.078476,0.234548,-0.302585,0.246538,-0.151274,0.385058,-0.178205,-0.045097,-0.002934
0.258968,0.169384,-0.248370,-0.012234,-0.058034,0.373577,0.353401,-0.124194,0.269871,-0.104108,0.298149,-0.283475,-0.313967,0.017620,0.127137,0.237113,0.132179,-0.198998,0.279075,-0.004010
0.369662,0.264067,-0.185121,-0.084825,0.258302,-0.314249,-0.023511,-0.240828,-0.058601,-0.150354,-0.284590,-0.250922,-0.165292,-0.117796,-0.149118,-0.270487,-0.259790,-0.210551,-0.237798,-0.230585
0.132424,-0.236050,0.249957,-0.202089,-0.318509,-0.218644,-0.054396,0.307588,-0.207049,-0.234891,-0.137468,-0.294814,0.202703,-0.174340,-0.242012,-0.268114,-0.203681,-0.201102,-0.197773,-0.223086
0.067055,-0.123462,0.062672,0.147415,-0.256263,0.401080,-0.182380,-0.182406,0.041947,0.047742,0.465248,-0.065245,-0.254432,0.401553,0.200806,0.034683,-0.217099,0.078456,-0.093253,-0.327552
0.320457,0.295015,-0.233370,-0.144121,-0.097925,-0.320382,0.180429,0.231334,0.229451,-0.185462,-0.280636,0.295056,0.044293,-0.190283,0.071816,-0.270259,-0.309399,-0.239443,0.035575,0.114828
-0.229317,0.301581,0.177581,-0.301957,-0.163174,-0.270714,-0.210623,-0.241537,-0.296402,0.068379,-0.230691,0.136681,0.217946,0.239530,-0.250918,-0.045331,0.202095,-0.185793,0.226950,0.264476
0.238409,0.246908,-0.155711,-0.057484,-0.068336,-0.190156,-0.367021,0.146239,-0.214638,-0.231058,-0.124858,-0.267310,0.347504,-0.174385,-0.045672,-0.285753,0.354012,0.252069,0.031167,0.215596
0.348363,0.006945,0.350714,-0.214460,-0.168527,0.120673,0.056861,-0.353433,-0.041792,-0.193021,0.290951,0.297736,0.086425,-0.212438,-0.103650,-0.289119,-0.015559,0.372390,0.009913,0.200599
0.227904,-0.094718,-0.357164,0.362267,0.290589,0.292733,0.179781,0.268466,-0.279039,-0.211525,-0.294318,0.142700,0.265124,0.067906,0.085327,-0.212397,0.023547,0.214603,0.008546,0.046752
-0.039858,0.273058,0.138470,-0.228809,0.010425,0.176444,0.317929,0.108856,-0.285542,0.366716,0.126600,-0.032934,0.264484,-0.326408,-0.068963,-0.283485,0.208999,-0.249642,0.311264,-0.102601
0.021820,-0.202145,0.309257,-0.236413,0.020529,0.199991,-0.272642,0.283536,0.214815,-0.185045,-0.271266,-0.213360,-0.259825,-0.219219,0.175671,-0.276555,-0.247158,-0.252689,-0.243420,-0.073424
0.274190,0.151324,0.002816,0.160119,-0.148788,-0.123733,-0.339903,0.251615,0.083539,0.238919,0.466513,0.134253,-0.363853,-0.083603,-0.180203,0.310869,0.109083,0.188835,0.036485,-0.207084
-0.241980,0.012516,0.177292,-0.000680,0.021996,-0.297901,-0.233452,0.319076,0.095795,0.086315,0.359284,-0.122034,0.063689,0.057247,0.242057,0.243354,0.444716,-0.253272,0.340511,0.026476
-0.229254,0.252189,0.048924,-0.148707,-0.210436,-0.287933,-0.217937,0.221889,-0.222710,0.288406,-0.205009,-0.193210,-0.226152,0.249439,-0.232195,-0.239974,0.197872,-0.240173,-0.254182,0.192267
0.399505,0.152356,-0.140719,0.376411,-0.121068,0.083873,0.115556,0.306658,-0.199108,-0.197653,-0.158054,0.228981,-0.035388,0.228594,-0.237467,0.064071,-0.223974,0.318566,0.195303,0.258249
-0.253216,-0.237838,0.300954,-0.293815,0.181706,-0.265729,0.078974,0.236629,-0.241704,0.280990,-0.049587,-0.196116,-0.227188,-0.249649,0.226262,0.061972,0.201272,-0.215335,0.221707,-0.230762
-0.170490,-0.197890,0.085090,0.329288,-0.105191,-0.244626,-0.219440,0.383107,0.156866,-0.151944,0.180546,-0.225470,0.149331,-0.037516,-0.352420,-0.275802,-0.262613,0.305537,0.109352,0.144542
-0.047083,-0.115114,0.283308,0.300296,0.109434,0.190040,0.235113,0.358485,0.316026,-0.206997,0.433080,-0.217563,0.062261,0.017904,0.093007,0.171306,0.096582,0.189253,-0.329740,0.092372
0.134592,0.232297,-0.196296,-0.239879,0.223989,-0.182873,0.119754,0.261977,-0.238328,-0.248403,-0.237782,0.218035,0.273813,0.086133,0.287454,-0.274013,-0.220144,-0.243560,-0.192962,-0.239907
-0.119005,0.188225,-0.156969,0.014770,-0.216626,-0.313683,0.323081,-0.318132,0.062100,-0.053698,0.035522,0.309786,0.218772,0.253596,-0.158415,0.260222,-0.172827,-0.201827,0.149471,-0.415621
-0.266004,0.221119,-0.141039,-0.236771,0.264850,0.103438,-0.259501,-0.215694,-0.254272,0.198825,-0.031986,0.233225,-0.233692,-0.230204,-0.236274,-0.288779,-0.226793,-0.221980,0.258916,0.188443
0.120345,0.185272,-0.241480,0.360717,0.251241,-0.262300,-0.234389,0.072687,-0.252963,-0.202502,-0.021714,0.264870,-0.212588,0.259161,0.225374,-0.081661,-0.241200,0.200843,0.239575,-0.263177
-0.316581,0.300992,0.269852,0.261306,-0.000579,0.290340,0.282373,0.000144,0.187788,0.013645,0.482627,0.243885,0.162802,-0.156449,-0.105522,-0.167837,0.184300,-0.181101,0.014209,-0.137617
-0.064126,0.244211,-0.132696,-0.250676,0.203766,-0.299492,0.299536,-0.186294,-0.235643,-0.217140,0.216014,0.213457,-0.217690,0.265493,0.233276,-0.218825,-0.213078,-0.210294,0.239687,-0.194941
0.415236,-0.090612,-0.215433,0.278661,-0.028800,-0.223721,0.241073,-0.103811,0.037590,-0.053081,0.330245,0.376460,0.154494,0.256752,0.118819,-0.105633,0.252748,0.324426,-0.159808,-0.103822
-0.268892,-0.153854,0.281970,-0.324841,0.073842,-0.024195,0.339548,-0.112576,0.187485,-0.209294,0.441218,0.340345,-0.028345,-0.130276,0.076988,0.190277,-0.286567,-0.044786,0.192343,-0.120422
-0.252828,0.256909,-0.087900,-0.356046,0.097222,-0.034114,0.031263,-0.192940,0.360125,0.071979,0.317662,0.360925,-0.152644,0.040606,0.152950,0.248743,0.189010,0.268792,-0.017640,0.319708
-0.283071,0.212991,-0.250511,0.011315,-0.154432,0.012714,-0.169618,-0.229206,0.320253,-0.096303,-0.111515,0.227583,-0.199244,0.407749,-0.189841,0.083262,-0.138817,-0.322261,0.368990,0.148439
0.078216,0.112525,-0.335704,0.326784,-0.002414,-0.289401,-0.204415,0.162296,0.002489,-0.018539,-0.094259,0.259253,0.348987,-0.299181,0.342469,0.119715,0.329752,0.134266,0.248933,-0.041898
0.244732,-0.327140,-0.361883,0.314466,-0.108250,-0.071309,0.281401,0.179011,0.098860,0.091413,-0.125311,0.078191,0.389878,-0.219741,-0.027330,-0.328551,0.199115,0.215179,0.090715,0.179151
-0.264566,0.370756,0.346577,-0.023607,0.246263,0.131216,-0.217708,0.064714,0.202186,-0.143994,0.500948,-0.222265,0.001937,-0.191743,-0.105016,0.219983,-0.022260,-0.152640,0.110253,-0.219817
-0.088153,0.285948,-0.263759,-0.012531,0.229196,0.090225,0.296135,-0.072898,0.203001,0.175067,0.410863,-0.154367,-0.225059,-0.122034,0.347266,0.166913,0.252173,0.275103,0.211041,-0.157328
0.029289,0.278118,0.299592,0.265887,0.241857,-0.276908,-0.244806,-0.031234,0.236680,-0.224377,0.123893,0.306677,-0.314836,-0.134053,-0.254547,-0.244893,-0.121486,0.191901,-0.019104,-0.235990
-0.265458,-0.212043,0.263986,-0.259303,0.230164,-0.273929,0.320414,0.180804,-0.229816,-0.047615,0.012368,-0.206462,0.229095,0.245010,0.070603,0.271061,0.109179,0.230957,-0.260504,-0.249633
-0.023473,-0.054109,0.298460,-0.002066,-0.130314,0.056997,0.201702,-0.004732,-0.321253,-0.059235,0.331529,-0.145278,0.199905,-0.248244,-0.141433,0.397202,0.339837,0.248304,-0.298030,-0.251887
-0.239913,0.262306,-0.185307,0.087934,0.238776,-0.309132,-0.150579,0.217081,0.218008,0.274316,-0.254190,0.261465,0.217715,0.273730,0.220635,0.216481,0.020513,0.227349,-0.185820,-0.221199
0.175061,-0.259675,0.344951,0.256067,0.281862,-0.314481,-0.064912,-0.282369,0.222950,-0.061497,0.124858,-0.206564,0.127463,-0.073596,-0.237827,-0.255101,-0.007873,0.303585,0.279895,-0.171626
0.462707,0.227718,0.021639,0.320035,-0.186281,-0.148079,0.213225,0.307236,0.095342,-0.099568,0.339155,-0.203274,-0.315180,0.032068,-0.075275,-0.272169,0.208845,-0.159574,0.100607,0.002870
0.469710,0.147122,0.062111,0.281669,0.223851,-0.092861,0.264800,-0.198595,-0.230341,-0.192500,0.123148,0.224592,0.322024,0.179698,-0.379206,0.053575,-0.024117,0.091286,-0.018525,-0.242083
0.055506,0.236167,0.200229,0.084038,0.047726,-0.142726,0.274957,-0.174398,-0.265319,-0.257378,0.406802,0.162872,-0.177774,0.086257,-0.127324,0.233337,0.162184,0.070812,0.528360,-0.128407
-0.395978,-0.102613,0.360542,-0.039382,0.071637,-0.076610,0.114468,-0.054095,0.241525,0.146565,0.610381,0.155385,0.055030,0.114271,-0.106297,0.227068,0.148142,0.259545,-0.136085,-0.103927
-0.320480,0.176587,-0.222276,-0.319643,0.280261,-0.154467,-0.188927,-0.108137,-0.263425,-0.186028,-0.232100,-0.249030,0.272130,0.250107,-0.219973,-0.247955,0.117116,0.094438,-0.175640,-0.211873
-0.278446,0.133077,-0.186170,0.113727,0.259765,0.029522,0.336391,0.061516,-0.249897,-0.204808,0.428620,0.170052,-0.360209,0.074889,0.147761,0.186307,-0.107233,-0.262072,-0.066461,-0.279902
-0.285464,-0.101389,0.315662,-0.256564,-0.137419,-0.295348,-0.221705,0.205248,-0.192705,-0.179308,0.272345,0.245519,-0.250653,-0.234474,0.179132,-0.196669,0.232724,-0.138350,0.076184,-0.271944
-0.211357,-0.198952,0.241909,0.271444,-0.222562,-0.235472,-0.175434,0.236257,0.214933,-0.237349,-0.228659,0.249506,-0.180300,0.317890,-0.270174,-0.249142,0.078647,-0.152479,-0.142277,-0.237895
0.378101,-0.045328,-0.205534,0.121222,-0.081009,-0.425947,0.320197,-0.069022,0.076587,0.008782,0.029552,0.070276,0.116292,-0.431640,-0.131657,0.301277,0.264188,0.098770,0.245043,-0.208500
0.239704,-0.262118,-0.161268,0.268525,0.067877,0.267820,0.328605,0.165582,0.280957,-0.244993,0.294431,-0.274224,0.139168,-0.294408,-0.062972,-0.042605,0.136576,0.269131,-0.126276,-0.210449
0.310309,0.244362,0.247442,-0.015985,0.327998,-0.299818,-0.116484,-0.064747,0.214444,-0.253104,-0.164175,0.214838,-0.294703,-0.081128,0.206156,-0.276696,-0.219610,0.119352,-0.261928,-0.201368
0.262537,0.209385,0.261454,0.217909,0.318716,-0.258899,-0.181049,-0.197667,0.258497,0.194729,0.005685,0.272451,-0.309529,0.179537,0.169344,-0.236864,-0.234206,-0.215617,-0.191103,0.035222
0.272256,0.287237,0.315474,-0.168762,0.216530,0.118930,-0.221685,0.182884,0.221426,0.236575,0.059952,-0.211480,0.218477,-0.222419,-0.260173,-0.232774,0.178396,-0.210059,-0.221414,-0.272731
0.234461,0.143340,0.290840,0.220885,0.341620,-0.020846,0.215644,-0.185918,0.248864,-0.000573,0.278439,0.046957,-0.022913,0.253251,-0.001952,-0.325681,-0.004101,0.482404,-0.129177,0.176297
-0.178273,0.217427,-0.172539,-0.230478,0.278026,-0.241247,-0.097215,0.142367,-0.231019,0.288461,-0.247235,0.269140,0.121099,0.239852,0.269848,-0.215848,0.252013,0.151519,0.216087,-0.279163
0.313060,-0.053056,-0.200696,0.315468,0.347629,-0.199738,0.127493,0.417780,0.067393,-0.165990,0.227092,0.189266,-0.000639,-0.007879,-0.186391,-0.253844,0.342966,0.085979,0.046429,0.248881
-0.165799,0.288161,0.340467,-0.295258,-0.165557,-0.041019,0.296541,-0.068905,-0.295501,-0.236696,-0.061645,-0.044320,0.279030,0.269855,-0.205503,-0.250586,-0.149923,-0.225488,0.060764,-0.287706
