-0.198360,-0.281347,0.201469,-0.177837,0.087916,-0.128013,-0.381410,0.302535,0.096280,-0.132631,0.519395,-0.270647,0.206729,-0.015262,-0.235098,-0.081015,-0.014641,0.153660,0.113630,0.191675
-0.147075,0.238178,0.229239,-0.223445,0.264207,-0.282338,-0.241462,-0.216823,0.222933,-0.272067,-0.030372,0.166270,0.209303,-0.213106,-0.065046,-0.346367,-0.258009,0.256097,-0.221102,-0.132566
0.307678,0.224028,0.272993,-0.226710,0.161355,0.042232,0.183579,-0.132880,0.258642,-0.259995,0.336941,0.220285,0.275100,-0.213918,0.116598,-0.349109,0.168631,-0.225449,0.072417,-0.109898
-0.263491,0.258167,-0.197817,0.232754,0.228000,0.150503,0.178505,0.302461,-0.218167,-0.260080,-0.203037,-0.274887,0.238030,0.130565,0.157654,-0.265358,0.119854,-0.221039,-0.220535,0.244490
-0.040670,0.284476,-0.130315,0.239101,0.291830,-0.176484,0.273201,0.306743,0.304696,-0.144335,-0.173051,-0.229291,-0.220424,0.077456,0.234947,0.342258,0.241453,0.004088,0.112266,0.253351
-0.150961,0.367891,-0.013621,0.289521,-0.317460,0.219550,-0.177648,-0.238338,0.297444,-0.067228,-0.210823,-0.044350,0.061340,-0.340156,-0.166420,-0.034928,0.211568,-0.217989,-0.324421,0.187598
0.022183,-0.207670,0.261102,0.211010,0.306519,0.143537,-0.195069,-0.188148,-0.182631,-0.319081,0.242145,-0.196700,-0.241603,-0.194725,-0.245216,-0.255042,-0.286293,-0.181840,-0.221642,-0.193801
-0.057386,0.109500,0.409664,0.333618,0.087318,-0.202536,0.059266,-0.210556,0.172103,0.316237,-0.277708,-0.304551,0.087723,-0.085730,-0.095298,0.440918,-0.025875,0.014440,-0.270147,-0.131182
0.002734,0.290262,-0.041193,0.009839,0.069767,-0.270941,0.212046,0.409112,0.097469,-0.024490,0.354875,-0.261609,-0.160821,-0.237989,-0.301246,0.034498,-0.163247,-0.313921,0.308300,0.155477
-0.095107,-0.384112,-0.373421,-0.197360,0.302757,0.082625,-0.350171,-0.052073,-0.252463,0.164768,-0.022864,-0.057741,0.314850,-0.260281,-0.200478,0.123600,0.117425,-0.303678,-0.052677,0.123800
-0.070500,0.156528,0.323345,-0.117646,0.253360,0.441310,0.198856,-0.070859,0.162807,0.342831,-0.356198,0.112524,-0.164324,0.013966,-0.243296,0.197691,0.022289,-0.235578,-0.278290,0.078337
0.054919,-0.348378,0.047973,-0.369903,-0.058448,-0.214596,0.176268,0.127351,-0.243640,-0.018502,0.431604,0.070780,0.362008,0.112942,-0.115230,0.348001,0.028757,-0.315051,0.088508,0.051279
0.246745,-0.173475,0.294401,0.076312,-0.195258,-0.240565,0.026035,-0.155390,-0.175093,0.130326,0.268993,0.134918,-0.148684,0.351271,-0.332779,-0.300869,0.001792,0.263763,0.085492,0.365868
-0.167181,-0.096570,0.350902,-0.169237,-0.251367,0.088272,0.284162,0.084514,0.204758,-0.316294,0.350789,-0.174964,0.002262,-0.050039,-0.208526,0.185231,-0.367954,-0.057831,-0.185648,0.320857
-0.092444,0.139303,0.293012,0.279102,-0.318443,0.153194,-0.265724,0.145416,0.298016,-0.226474,-0.207269,-0.290738,0.346204,-0.043932,-0.138585,0.262402,0.049269,-0.206925,-0.051951,-0.257450
0.325527,-0.199860,0.112011,0.398637,-0.239749,0.086361,0.109965,-0.291993,0.157468,-0.230054,-0.166115,0.085810,-0.086271,-0.211201,0.012437,-0.358246,-0.213932,0.235172,-0.290064,0.204715
0.239530,0.186555,-0.113787,0.204012,0.119405,-0.222002,-0.210024,-0.152520,-0.323342,-0.319827,0.251600,-0.143656,-0.153399,0.340794,-0.199277,-0.245204,-0.211411,-0.186815,0.272828,0.194996
0.220261,0.271477,-0.328033,-0.269451,-0.278716,0.340842,-0.131199,0.292750,-0.139723,0.219694,0.189063,-0.198569,0.145025,0.140374,0.066549,0.027208,-0.283975,0.047677,-0.330559,-0.140542
-0.220243,-0.221605,-0.080020,-0.278021,-0.196161,0.178488,0.286394,0.351802,-0.221002,0.225725,-0.238389,-0.229529,0.153590,-0.200877,0.186622,0.258535,-0.100907,0.218083,-0.277709,-0.181055
-0.255395,0.167105,-0.095901,-0.271372,-0.258744,0.211699,0.091642,0.273816,0.169720,0.237687,-0.262949,-0.253310,0.251713,-0.158319,-0.244724,0.152974,-0.275561,-0.235184,-0.260031,0.199213
-0.309087,0.035065,-0.212544,-0.230898,-0.109880,-0.309249,0.348859,-0.111583,0.254675,-0.061654,-0.243140,0.119848,-0.180511,-0.230692,-0.229841,-0.272257,-0.233084,0.205544,0.245261,-0.226408
-0.263809,-0.183868,-0.055504,0.117388,0.267706,-0.237760,-0.243962,-0.249377,0.196077,0.043356,-0.252284,-0.241771,0.286250,0.297730,-0.219165,0.330656,-0.208715,-0.268831,0.116851,-0.099863
0.107753,0.386134,0.398949,0.043341,0.314981,0.027424,-0.155491,-0.107928,-0.142887,-0.062117,-0.303019,-0.230417,-0.333098,0.143912,-0.369313,0.092902,-0.174581,0.026613,0.233576,0.104112
-0.218610,0.234850,-0.239042,-0.316351,-0.262071,-0.257624,-0.205262,-0.188860,0.269093,-0.266341,-0.144494,0.214698,0.063072,-0.098470,0.221241,0.088616,-0.286186,-0.262159,0.227920,-0.208831
0.225553,0.232714,-0.324301,-0.273842,0.343803,-0.169891,0.189703,0.083560,0.135042,0.102268,0.001298,-0.067630,0.198177,0.009499,0.345376,0.540861,0.031456,0.141932,0.135838,0.027190
0.105384,-0.079073,0.347009,-0.276388,0.116769,0.221630,-0.250337,0.001750,-0.342733,-0.010908,-0.339525,0.325332,-0.382557,0.013554,0.222018,-0.029061,-0.186260,0.175835,-0.183247,-0.160770
0.284860,0.341501,-0.258744,0.267357,-0.076132,0.056799,-0.117985,-0.251953,-0.016583,-0.028565,-0.359041,-0.109640,0.173512,-0.112844,-0.308052,0.303088,0.024601,-0.267731,0.172428,-0.322092
0.306947,-0.211787,-0.158730,0.287660,-0.265541,-0.098687,-0.275619,-0.243824,0.277908,0.081699,0.190743,0.074509,0.231703,0.158593,0.212043,-0.301690,-0.191597,0.169515,-0.222803,0.285613
0.123694,-0.198418,-0.184173,0.209275,0.210513,0.167372,-0.249294,0.207591,-0.210253,-0.238820,-0.262566,0.086033,-0.206285,0.209081,-0.123768,-0.310101,-0.312861,0.208158,-0.251953,0.331689
0.160144,0.317258,-0.178830,-0.213830,0.255725,-0.232037,-0.275376,-0.132807,-0.210063,-0.289541,-0.220368,0.034998,-0.208632,0.198543,0.183187,-0.252073,-0.246217,0.261793,-0.209024,0.229456
-0.234622,0.267340,0.348400,-0.017659,-0.227237,-0.222070,-0.227174,-0.190589,-0.273800,-0.211472,-0.266352,0.235158,-0.086960,0.182511,-0.073630,-0.248419,0.216668,0.178338,-0.278835,-0.229063
0.094807,0.224089,0.216828,0.097614,-0.150624,0.230365,0.119114,0.129908,-0.013451,0.074798,-0.179639,0.155519,-0.164091,-0.327668,-0.180205,0.371622,0.272976,-0.302712,0.386865,-0.307435
-0.010758,-0.264127,0.138349,0.254924,-0.206624,-0.214634,-0.087525,0.336107,0.301902,0.294402,-0.246571,-0.192182,-0.296590,0.004489,0.096095,0.149916,0.191093,0.182916,-0.327258,0.253551
0.269960,-0.207894,0.292401,-0.182009,-0.172522,-0.296811,-0.220030,-0.055708,0.217603,-0.254385,-0.017021,0.233031,0.210348,0.236867,-0.301940,-0.338265,0.188065,-0.178131,0.166283,-0.168971
0.288570,-0.239040,0.278112,0.233774,0.195736,-0.246985,-0.146815,-0.046309,0.222467,-0.238211,-0.185848,-0.210201,-0.209702,-0.208664,-0.286176,-0.305327,0.188705,0.086868,-0.215699,0.259422
0.176266,-0.201988,0.283615,-0.224608,-0.237235,-0.250932,-0.246751,0.265635,-0.223163,-0.286673,-0.189892,-0.264364,0.230557,-0.229598,0.150099,-0.082090,-0.240299,0.242238,-0.191867,-0.142282
-0.166207,0.347372,0.292704,0.193434,-0.064966,-0.085151,0.229433,0.261088,-0.310957,-0.340592,0.313301,-0.191194,-0.045959,-0.079044,-0.221200,-0.144562,0.131078,0.092346,0.212585,-0.315972
-0.254591,-0.147349,-0.186671,0.173675,0.242705,0.143984,-0.139525,0.260713,-0.244729,0.258681,-0.242303,-0.255158,-0.251533,0.233194,0.167675,0.286646,-0.272778,0.229525,0.154634,0.227666
-0.312731,-0.224792,-0.060438,-0.043705,0.026746,-0.037504,-0.296282,0.074218,-0.271484,-0.421077,0.175904,0.271551,-0.225801,0.132662,-0.339177,0.254970,0.356686,-0.001128,-0.102863,-0.092504
-0.268670,0.312954,0.355165,-0.227902,-0.195047,0.068173,-0.140685,-0.157682,-0.283432,-0.180050,-0.162000,-0.227281,-0.160089,-0.221174,0.288872,-0.074370,-0.166168,0.220167,-0.244726,0.272571
-0.022105,-0.066898,-0.181691,0.267258,-0.014891,-0.247062,0.269990,-0.165917,0.237630,-0.285526,0.356278,-0.032348,-0.277778,-0.095227,-0.256962,-0.283510,0.033821,0.292837,-0.097803,0.365842
0.323006,0.254029,0.303223,0.262999,-0.204521,0.012707,0.074098,-0.096970,-0.095948,-0.273176,-0.171390,-0.147348,-0.207924,-0.236870,0.209968,-0.340974,0.281857,-0.228778,-0.191822,-0.223506
-0.113897,-0.118995,-0.181747,-0.214498,0.284257,-0.203709,0.107110,0.274207,0.207393,-0.092893,0.297075,-0.327912,-0.322156,-0.185818,0.139324,-0.003131,0.365839,-0.015894,0.310467,0.221876
0.159292,0.355904,0.187472,0.217267,-0.198566,-0.239397,-0.222235,-0.165238,0.187849,-0.257343,0.064082,-0.215442,-0.275278,-0.200274,0.180111,-0.248055,-0.271731,-0.224537,-0.218885,0.241077
-0.017474,-0.203030,-0.063621,-0.214649,-0.220962,-0.236479,-0.282144,0.234978,0.227839,-0.248064,-0.235084,0.106309,-0.273992,-0.245111,-0.265896,-0.253602,0.198541,0.225294,0.228393,0.276166
-0.295065,0.268225,-0.015068,0.191465,-0.008561,0.157851,0.350708,0.192536,-0.272033,-0.089645,0.319729,-0.131642,0.260402,0.277531,-0.039440,-0.065857,-0.235932,0.102850,0.324791,0.308220
-0.208914,0.005914,0.221035,0.169524,-0.228109,0.057165,0.222200,-0.304669,-0.254894,0.192270,-0.226884,-0.294682,0.316991,0.172599,-0.081668,0.121557,-0.326512,-0.271053,-0.199647,-0.263281
0.023361,0.137056,0.396785,0.022026,-0.199410,0.056670,0.209972,0.266597,0.305987,0.300546,0.124972,0.102850,0.153741,-0.143393,-0.308780,0.308449,-0.061687,-0.320748,0.215753,0.257950
0.138106,-0.018455,0.107739,-0.281827,-0.195771,0.374695,-0.153448,-0.031303,0.323524,-0.006102,0.231327,0.068834,-0.213007,-0.250241,0.284242,0.258541,0.187714,-0.272234,0.258181,0.302842
0.168842,-0.273022,0.027580,-0.037992,0.300432,-0.150533,0.188745,0.356470,0.374256,-0.238170,0.325419,-0.177063,-0.114308,-0.168088,-0.287226,-0.224123,-0.003286,-0.125037,0.304980,-0.048822
-0.257089,0.265243,0.460972,-0.110496,-0.221276,0.230587,0.019659,-0.058289,-0.068161,-0.220817,-0.238692,0.162231,0.188226,-0.267919,0.204244,-0.211816,-0.191236,0.228677,-0.201860,-0.269866
-0.230546,-0.195590,0.328601,0.197479,0.228759,-0.263609,-0.169134,0.217187,0.219207,-0.221032,-0.168400,-0.164582,0.209465,0.239879,0.219922,-0.219959,-0.249473,0.222504,-0.221163,0.229878
0.058778,-0.016841,0.383236,-0.143146,0.228550,-0.084231,0.245221,0.270244,0.314653,0.229471,0.368064,0.107590,0.122384,0.233361,-0.246975,0.331760,-0.031302,-0.141253,-0.252185,-0.112562
0.059824,-0.289744,-0.326700,-0.212137,0.398539,0.007259,-0.286234,0.341061,0.425445,0.166994,0.031686,-0.212843,0.078666,-0.111395,-0.136377,-0.116586,0.067737,0.226343,-0.063890,0.194191
-0.030715,-0.203266,0.410685,-0.293930,0.256108,-0.218186,0.117267,-0.160148,0.268963,0.229728,0.039378,-0.080726,-0.272929,-0.203698,0.209684,0.294415,-0.240621,0.269471,0.077421,-0.183755
0.288084,0.151495,0.395475,0.069520,-0.127606,-0.138617,-0.111296,-0.385831,0.210255,-0.031991,0.495622,-0.064865,0.159201,-0.035383,-0.240188,0.346089,0.044118,0.096141,0.087616,-0.134398
0.009710,0.361531,0.023935,-0.337800,0.141018,-0.033926,-0.261986,-0.234206,0.156172,-0.370532,-0.275137,0.170721,-0.000225,-0.107634,0.136850,0.061420,-0.145293,0.148458,0.357613,0.371942
0.205822,0.078376,-0.344442,-0.192605,-0.291230,-0.175580,0.287135,0.391698,-0.060759,0.311318,-0.044224,0.028460,0.136665,0.230325,0.014733,0.377839,-0.008217,-0.053155,0.163930,0.310470
-0.004012,-0.069063,0.576558,0.027589,-0.002236,0.086469,0.220154,-0.095607,-0.254365,0.275575,-0.243572,-0.303380,0.057952,0.091482,0.332063,-0.150682,-0.007768,-0.273295,0.131919,-0.260926
0.130832,-0.280060,-0.075083,0.014727,-0.034620,-0.113791,0.420936,-0.430768,0.112583,0.021578,0.431092,0.057731,0.028926,0.060928,-0.182242,0.335314,-0.005633,0.402004,0.066182,0.056303
-0.255813,0.266049,-0.183028,0.237176,-0.241049,-0.275658,-0.246168,0.077527,0.238993,-0.272406,-0.197417,-0.309797,-0.230455,-0.151665,0.167436,-0.265108,0.182630,-0.230655,-0.011884,-0.214312
0.333838,0.173552,0.300315,0.258491,0.145327,0.206792,0.269180,-0.008596,0.255013,-0.338413,-0.029434,-0.085311,0.089283,0.134958,-0.274128,-0.352453,-0.146387,0.183176,0.211992,-0.227668
-0.186373,0.224263,-0.193301,-0.176910,-0.074556,-0.095606,0.289932,-0.121434,-0.112837,-0.018561,0.731898,-0.039645,0.047574,-0.171080,-0.276238,0.233643,0.102093,-0.051989,0.000147,-0.083224
-0.393131,-0.084539,0.090286,0.239929,-0.253108,-0.238443,0.295345,-0.201499,0.116123,-0.102604,-0.138644,-0.057696,-0.304680,-0.001225,0.005586,0.401072,-0.025075,-0.340440,-0.174778,0.276541
-0.199661,-0.225032,0.099329,0.250633,0.312070,-0.254823,0.143640,-0.161014,-0.095944,-0.247798,0.234680,-0.191596,-0.146751,0.336435,-0.225768,-0.335296,-0.231634,-0.202059,0.114820,0.244450
-0.261151,0.270488,0.284950,-0.242428,0.194245,0.144059,0.145528,-0.203959,0.202323,0.138479,-0.204076,-0.229117,0.199525,-0.237926,-0.207511,-0.222629,-0.333784,-0.237931,-0.221797,-0.192079
-0.257408,0.280990,0.373412,-0.107215,-0.003949,-0.236899,0.152784,0.062644,0.056499,0.150917,-0.281507,-0.298207,0.389040,0.088969,0.135923,-0.376909,0.163808,-0.144539,0.220084,0.101704
0.362573,0.280579,-0.304611,0.355086,-0.030399,0.012385,-0.218239,0.086081,0.273825,0.059677,0.447521,0.201433,-0.015205,-0.009171,-0.266337,0.011344,-0.034870,-0.156475,0.087852,-0.301058
-0.103400,-0.045450,0.364001,0.209917,0.054832,0.399572,-0.257847,0.140861,0.255338,0.050248,-0.325920,-0.073858,0.108532,-0.316754,-0.052727,-0.196094,-0.236434,0.313334,-0.045453,-0.269810
-0.301541,0.000635,-0.104681,0.313556,0.114634,-0.400910,0.005803,-0.127802,0.348202,0.156396,0.202909,-0.077834,-0.373860,0.211536,0.295975,-0.042721,-0.009315,-0.016530,-0.092889,-0.365639
-0.244761,-0.208263,-0.227977,-0.154847,0.261962,-0.259406,-0.098577,0.317651,-0.197198,0.078530,-0.184716,0.131442,0.261758,-0.174275,0.225097,-0.280937,-0.223216,0.236202,0.244530,0.289632
-0.162453,0.117094,-0.230333,-0.239855,-0.263618,-0.297817,-0.223376,-0.044738,0.232037,-0.307914,0.286413,-0.274634,0.269093,-0.273477,-0.146221,-0.103500,0.219791,0.239137,-0.082208,-0.203891
-0.135680,0.285687,0.312543,-0.199304,-0.185641,-0.223684,-0.315270,-0.266197,0.040583,0.216123,-0.258494,0.048260,0.293298,0.330311,0.244274,-0.179975,0.254588,-0.174927,-0.074487,-0.046469
-0.220263,-0.219089,0.354751,0.213906,0.201990,0.117914,-0.214193,0.195317,0.293180,-0.271581,-0.250770,0.094734,0.146524,-0.181349,0.247583,0.365293,-0.249457,-0.004611,-0.197909,0.105204
0.209726,-0.282014,0.292972,-0.147702,0.382215,-0.066013,0.275950,-0.027234,0.085218,0.138284,-0.172078,-0.186047,0.290977,-0.150015,-0.277056,-0.120664,0.248897,0.148608,0.409081,-0.031899
-0.056203,0.283393,0.228778,-0.229637,-0.016440,-0.342788,0.192262,-0.035307,0.310825,-0.097360,0.394178,0.194571,0.169132,0.186386,0.229517,-0.397514,0.033257,-0.247623,0.112164,0.084271
0.133710,0.208209,0.021172,-0.198336,-0.198106,-0.303317,-0.271925,-0.180285,0.203506,-0.284011,-0.204940,-0.257049,0.234583,-0.216773,-0.223733,-0.294879,-0.251825,0.205981,0.219418,-0.195249
-0.011768,-0.080813,0.071332,-0.006262,-0.364068,-0.017353,0.198957,-0.251196,-0.072010,-0.309119,-0.116263,-0.069127,-0.340918,-0.357638,0.341544,0.354516,0.027136,-0.038459,0.179693,0.335663
0.196953,0.264603,0.299930,-0.189652,0.187033,-0.318555,0.147796,-0.085170,0.167360,-0.245357,-0.213367,0.242520,-0.238658,-0.185704,-0.229277,-0.298852,-0.239070,0.241891,-0.154872,-0.184897
-0.213116,0.269468,-0.060459,-0.286431,0.217190,0.144987,-0.202681,-0.046908,-0.218511,-0.132179,-0.235227,0.175885,0.243477,0.228145,-0.243478,0.330204,-0.280775,0.256459,-0.241353,-0.225405
0.133761,0.212517,-0.140253,0.262476,0.030031,-0.223369,-0.185930,-0.109689,0.392219,-0.014920,-0.322318,0.035805,0.380600,-0.264865,-0.219427,-0.310496,0.048395,0.092120,0.347596,-0.023154
0.371273,-0.146431,-0.183930,0.221474,0.246538,-0.352301,-0.290439,-0.081233,-0.154164,-0.243939,-0.109610,0.039040,0.174886,-0.092513,-0.292216,-0.261704,0.134920,0.154894,-0.218651,0.319602
0.271957,-0.291604,-0.197511,0.171130,-0.116469,-0.156525,0.255004,0.333375,-0.212077,-0.229284,0.355605,0.014410,0.049304,-0.323774,-0.317105,-0.165452,0.103839,0.093492,0.101815,0.263038
-0.341848,0.123190,-0.197843,-0.167898,-0.093533,0.027419,0.338662,-0.246253,0.228960,0.064422,-0.177544,-0.353619,-0.000935,0.070825,0.248140,0.359686,0.020295,0.252806,0.217812,0.308106
0.305731,0.221203,0.290021,-0.192806,-0.310887,-0.260292,0.102915,-0.130776,-0.214434,-0.292178,0.212429,-0.147868,-0.147054,0.120340,0.209499,-0.344046,-0.217150,-0.178169,-0.178093,-0.192078
0.134917,0.075029,0.433711,-0.189335,-0.183193,-0.260385,0.261151,0.264629,0.162001,-0.075023,0.439844,0.025895,0.102973,0.063536,-0.253702,0.269484,-0.150374,0.081213,-0.207566,-0.250405
-0.102991,0.067474,-0.227564,0.073528,0.012099,-0.236117,-0.237432,-0.017623,0.100731,0.137381,0.324941,-0.321012,0.127699,0.240606,-0.150146,0.503416,0.348455,0.151435,0.280111,-0.066517
-0.230451,-0.155573,-0.079661,-0.244999,-0.195841,-0.261422,0.291282,0.278561,-0.225561,-0.217209,-0.217582,-0.154137,-0.231712,-0.227193,-0.245069,0.240666,-0.249556,0.231184,0.162721,0.229209
-0.151771,-0.148649,-0.011902,-0.038662,-0.093363,0.123214,0.236033,0.395352,0.287338,-0.312900,-0.240231,0.194469,-0.317201,0.300171,-0.295711,-0.322788,-0.153278,-0.085398,-0.164787,0.031988
-0.228183,-0.073266,-0.150574,-0.282145,0.143615,-0.208675,-0.233249,-0.213013,-0.240329,0.292066,-0.260945,0.094672,0.172842,-0.233353,-0.271622,-0.239769,-0.276576,0.222598,-0.213250,-0.262877
0.295312,0.073952,0.214329,0.270170,-0.106488,-0.226487,-0.091464,0.100398,0.195883,-0.409596,0.277868,-0.002622,0.229002,-0.381986,0.282425,-0.255108,-0.089279,0.137234,-0.083148,-0.216883
-0.256072,0.016838,0.290932,-0.084911,0.056628,0.137845,-0.294332,0.335692,0.146556,-0.062387,0.424324,0.292527,0.191835,-0.008145,-0.257664,0.246550,-0.095866,0.110647,0.243522,-0.291531
-0.216453,0.295496,-0.112074,0.288040,0.260802,-0.253857,-0.243193,0.208402,0.199972,-0.267065,-0.217879,-0.265601,-0.192857,0.202521,0.096339,-0.227789,-0.211101,0.199296,0.218840,-0.185441
-0.107949,0.122385,0.263181,0.260096,-0.370592,0.392415,0.253762,-0.054757,0.291331,0.171399,-0.159955,0.311311,0.013226,-0.019127,0.336126,-0.004489,0.111732,0.071401,0.260351,0.205123
0.140346,0.250316,0.245620,0.218608,-0.251133,-0.250702,0.140832,0.051391,-0.213063,-0.253832,0.175790,-0.288230,0.220130,-0.222263,-0.264746,-0.250226,-0.232012,0.228724,-0.210588,0.237222
0.278142,0.266510,-0.045571,0.333083,-0.212914,-0.238523,-0.209455,-0.200739,0.125689,-0.226866,0.266225,-0.192694,-0.298796,0.214106,0.118069,-0.173936,-0.291413,-0.302945,0.122339,-0.077097
-0.214020,0.133879,0.136953,0.300981,0.274835,-0.247794,0.247227,0.238151,0.238676,-0.407507,0.202931,0.135660,0.116852,0.084690,0.150863,0.313396,-0.161717,-0.306874,-0.030051,-0.162819
0.080793,0.295984,0.360517,0.051650,-0.173117,-0.312927,-0.204369,-0.246340,0.254785,0.228187,-0.191237,-0.187983,0.220944,-0.260511,-0.290490,-0.127419,0.186306,-0.241811,0.174893,-0.113653
0.123592,-0.002582,0.241341,-0.099436,-0.258560,0.044733,0.238517,0.340548,0.278974,-0.060970,0.593146,-0.124870,-0.149140,-0.248020,-0.140270,0.226310,0.154885,-0.023111,0.197594,0.087716
-0.156697,0.139279,-0.009475,0.161366,-0.030811,0.134093,0.143525,0.254004,0.209970,0.294945,0.359294,-0.319926,0.217303,-0.175063,-0.229535,0.289992,-0.267719,-0.165317,0.305893,-0.236906
-0.122348,-0.131457,0.130755,-0.167511,0.125007,-0.378698,-0.329053,0.053948,0.085024,-0.081091,-0.439884,-0.037757,0.217217,0.369957,-0.217573,0.413101,-0.074621,-0.077774,0.168007,0.041886
-0.356594,-0.061416,-0.273701,0.122978,0.195325,-0.269254,-0.139624,0.086145,0.404103,-0.141050,-0.124452,0.171465,-0.319148,0.392191,0.253176,0.116520,-0.220694,0.067400,0.151601,-0.061711
-0.060461,-0.095451,-0.373120,-0.104000,-0.000769,0.419352,0.267824,0.016040,-0.062507,-0.243024,0.072920,-0.158949,0.300260,-0.234987,0.150862,0.323463,0.205784,-0.242614,0.267333,0.224426
-0.023529,0.237332,0.339568,-0.082477,-0.222286,-0.132987,0.232758,0.238809,0.064850,-0.045789,0.355396,0.009374,0.348619,0.042256,-0.246843,0.057839,-0.052187,0.071806,0.435147,0.353810
0.079602,0.283197,0.476956,-0.260953,-0.086780,0.180693,0.028280,-0.305965,0.274119,0.044117,0.367006,-0.046562,-0.217169,-0.141329,0.138685,-0.272807,-0.150117,0.179176,0.011395,-0.231888
0.253740,0.306705,0.489896,-0.193099,0.091049,-0.321001,0.239015,-0.003410,0.237727,-0.165215,-0.291388,-0.018889,0.001091,-0.214467,0.232751,0.133993,-0.110739,-0.114126,-0.246509,-0.150128
0.132564,-0.280254,-0.185247,0.348354,0.106787,-0.243664,-0.212041,0.192312,0.048618,-0.207815,-0.183028,-0.205631,-0.233221,-0.151342,-0.305915,-0.246871,-0.279353,0.228198,-0.231309,0.242322
-0.242348,0.296273,-0.183442,0.087275,0.122345,0.117802,0.289200,0.266039,-0.231675,-0.218337,-0.240519,-0.248543,0.223837,0.239852,-0.143242,-0.213785,-0.263327,-0.221665,-0.261497,0.217450
-0.071571,-0.021869,0.289555,-0.163107,0.031002,-0.032360,0.253764,-0.238715,0.063010,0.118225,-0.281414,0.285334,0.255626,-0.051563,-0.209598,0.429370,-0.321587,0.311662,0.134887,-0.258783
-0.302224,-0.204006,-0.048359,-0.263844,-0.274327,-0.285861,0.325293,-0.140608,-0.205066,-0.261649,0.177415,0.108439,0.258376,0.044348,-0.294695,-0.125154,-0.234467,-0.230781,0.202694,0.195528
0.275307,-0.307903,-0.165772,0.167115,0.253404,0.261327,-0.125123,-0.123869,0.189875,0.255614,-0.216672,-0.280103,-0.267889,-0.188995,0.124444,-0.301563,-0.281045,0.116090,-0.265173,0.083691
0.084271,-0.287037,-0.271308,-0.153093,0.029042,-0.404106,0.395272,0.375359,0.121667,-0.142617,0.333324,-0.093877,0.093976,-0.075316,-0.272812,-0.064926,0.191525,-0.089572,0.106920,0.218722
0.308257,-0.259371,0.219324,0.116182,-0.080963,0.235819,0.311607,0.345134,0.096056,-0.004881,0.423649,0.217091,0.152645,0.042050,-0.106340,-0.325070,0.129561,0.163892,-0.230280,0.152121
-0.035894,0.160525,0.496471,-0.002112,-0.004626,-0.130415,0.275709,0.155557,0.222796,0.368425,-0.191668,0.112475,0.070861,0.085356,-0.219452,-0.214215,0.091811,0.133525,0.224441,0.437565
0.073043,0.101648,0.000453,0.020820,-0.029957,-0.004816,0.207309,0.125657,0.205976,0.406537,0.261730,0.414131,0.363381,-0.072009,-0.123246,0.457527,0.240784,-0.019924,-0.230272,-0.057926
-0.311632,0.151289,-0.249835,-0.188156,0.242608,0.285615,-0.216282,-0.157033,0.157151,-0.228413,-0.164320,-0.274210,0.060844,0.242384,0.292975,-0.107527,-0.301715,0.263903,-0.108768,-0.242668
-0.273872,0.238576,0.395867,-0.140266,-0.078259,-0.281793,-0.135903,0.312292,0.171076,-0.253817,0.349801,0.041944,-0.217809,-0.156184,-0.189091,-0.209936,-0.125346,-0.094838,-0.195634,-0.240230
-0.270096,0.247062,-0.104796,-0.223174,0.238827,0.153942,0.307856,0.332829,0.230154,0.245397,-0.158258,-0.262592,-0.265128,0.247279,-0.232764,-0.088661,-0.005927,0.157985,0.215982,0.215917
-0.192045,-0.237722,-0.100714,0.240691,-0.290502,-0.319890,0.170105,0.050340,-0.226037,-0.255551,-0.132652,-0.249414,-0.078483,0.264716,-0.260516,-0.305284,0.197601,0.204901,0.198022,-0.258056
0.210380,-0.231815,0.392215,0.122837,0.176498,-0.082461,0.226018,0.242480,0.067329,-0.134976,0.547468,-0.077154,0.009489,-0.101504,-0.221760,0.305776,-0.101291,0.156328,0.262769,0.002876
-0.069017,-0.274548,-0.076785,-0.199842,0.339657,-0.163100,-0.052327,0.417164,0.146860,-0.287314,-0.166990,-0.252138,0.285711,-0.121551,0.154681,0.209863,-0.185681,-0.135316,-0.250039,0.282906
0.316608,0.128735,0.054457,0.223273,-0.172449,-0.279381,0.208656,-0.113554,-0.215982,-0.278935,0.330922,0.246003,0.067647,-0.277424,-0.224526,-0.298248,-0.213647,-0.190524,-0.236435,-0.113649
-0.126571,0.206992,-0.192423,0.345478,-0.180796,-0.251126,0.128435,0.062917,0.195223,-0.250440,0.287389,-0.098034,0.207131,0.239083,-0.002149,-0.348762,-0.294031,0.321265,0.136736,0.213182
-0.167289,-0.182139,-0.140470,0.254894,0.147956,-0.281715,-0.215285,0.163479,-0.341304,-0.182333,0.299657,0.230537,0.227781,0.252110,-0.234835,-0.281532,0.056797,0.102263,-0.255328,0.241676
0.465093,0.168945,0.014660,-0.095674,-0.013761,-0.086655,0.324009,0.278531,0.093158,0.015375,0.357862,-0.121403,0.008912,-0.369053,-0.203321,0.272109,-0.017952,-0.208717,0.285841,-0.162934
-0.261942,-0.208705,0.133838,-0.236910,-0.238250,-0.090196,0.361937,-0.000030,-0.298078,-0.159836,-0.204547,-0.294405,-0.019001,-0.204547,0.289376,-0.070002,-0.299207,-0.209794,-0.320119,-0.090157
0.163109,0.281836,-0.256617,0.139976,-0.254114,-0.285339,0.241025,0.387517,0.075891,-0.402442,0.382259,0.089111,0.066832,0.079499,0.120877,-0.191249,-0.110134,-0.101187,0.075766,0.205908
-0.298418,-0.192988,-0.049110,-0.292397,0.210944,-0.051746,-0.126579,0.247655,0.258073,-0.093048,-0.295808,-0.260948,-0.254895,-0.097196,0.215551,0.292684,0.134562,-0.231020,-0.274892,0.277164
