-0.100211,0.028164,0.127349,0.376999,-0.024573,-0.187885,0.284636,0.303178,-0.153738,-0.236854,0.497800,-0.096670,-0.018830,0.090545,-0.294237,0.217033,0.070189,-0.037080,-0.338401,-0.148478
0.101375,-0.266001,0.315258,0.128640,-0.236796,0.062085,0.191295,-0.086004,0.027985,-0.256717,0.192855,0.249049,-0.303297,-0.182645,0.264333,-0.356539,0.227863,-0.124822,0.268751,0.266719
-0.178226,-0.226019,-0.109152,0.298898,0.252865,-0.270075,0.123743,0.343352,0.241678,-0.294434,-0.019134,-0.125982,0.274374,-0.191428,-0.248603,-0.334932,-0.105797,0.173362,-0.125888,-0.203644
-0.274961,0.170705,-0.175961,-0.229000,0.219752,-0.235707,-0.075717,-0.182230,-0.242129,-0.262359,-0.209340,-0.256731,0.240101,0.263738,0.181068,-0.257089,-0.240539,0.241027,-0.209064,0.214762
-0.311297,0.352235,-0.275873,-0.135073,-0.236130,-0.316855,-0.178626,0.032935,0.073162,0.085380,0.204680,-0.243661,-0.249565,-0.065783,0.294485,-0.110806,-0.305329,0.309723,0.148365,0.069603
-0.373221,0.082339,0.273806,-0.062292,-0.208779,0.122041,-0.174384,0.144444,0.108037,0.335008,-0.345716,0.003889,-0.344143,-0.049285,-0.260125,-0.101707,0.331867,0.298725,-0.151711,0.024903
-0.230837,-0.284007,0.340315,-0.211780,-0.243600,-0.281041,0.179575,0.268330,0.257876,0.193102,-0.019794,0.175047,0.230958,-0.022262,-0.253055,-0.054976,-0.288838,0.176379,-0.216632,-0.213615
-0.035355,0.147126,0.450965,-0.346272,0.086104,0.192600,0.238699,-0.094506,0.057143,-0.226259,-0.135650,0.260963,-0.266532,-0.107866,-0.031617,0.405485,-0.271222,-0.168208,-0.129862,0.188787
0.147984,0.259692,0.162654,0.061243,-0.173318,0.186152,0.284879,0.066156,0.172102,-0.073585,0.626863,0.279511,-0.084778,0.209877,-0.130069,-0.314958,-0.129917,0.095769,0.056045,-0.166037
-0.270934,-0.032511,0.164214,0.090601,0.065124,-0.178270,-0.367617,0.242785,-0.218785,0.040254,-0.027480,-0.416092,0.275634,-0.027943,-0.408241,-0.271379,-0.270799,-0.073535,0.187971,0.075797
-0.079849,-0.028363,0.103563,-0.031521,0.321177,-0.298133,-0.176281,-0.198612,0.156656,-0.208694,-0.174627,-0.161901,0.044482,-0.365234,-0.012273,0.560655,0.218236,-0.287482,-0.069971,0.093340
-0.117048,0.223353,0.144900,0.013325,-0.338060,-0.096519,0.253866,0.091937,0.544719,-0.014538,0.319641,0.367668,-0.104864,0.086448,-0.190712,0.316731,0.132275,0.024329,0.075287,-0.074447
0.271775,-0.333343,0.199698,0.253925,0.056769,-0.312879,0.043126,-0.178297,0.276686,0.069887,0.258056,0.238181,-0.219559,0.387370,0.031083,-0.174280,-0.228001,-0.224699,0.048585,-0.191571
-0.184320,0.140448,0.194328,-0.156896,-0.215569,0.135424,-0.259948,-0.146103,0.242201,0.159953,0.237950,-0.370284,0.077146,0.265368,-0.171217,0.388378,-0.119466,0.228896,-0.133273,-0.333564
-0.078555,0.271151,0.247502,-0.226193,-0.237090,0.228479,-0.194978,0.199684,0.290068,0.087034,0.286460,-0.245816,0.217502,0.187465,0.278763,0.367511,0.190393,-0.164550,0.168433,-0.021515
0.335511,0.165204,-0.115719,0.282059,-0.326759,-0.281638,-0.195415,-0.116882,0.217207,-0.216609,-0.143601,0.169208,-0.257770,-0.092154,-0.224765,0.038110,-0.234313,0.339259,0.210150,0.211729
0.270388,0.313885,0.284628,-0.110191,-0.191866,-0.278522,-0.227736,-0.179463,0.208765,-0.135023,0.227029,-0.074799,0.225313,0.229618,0.157261,-0.277675,-0.235039,-0.198852,-0.255236,-0.229229
-0.390757,0.189906,0.274781,-0.153385,0.138393,0.317375,-0.207597,-0.324512,0.142953,0.042401,-0.205899,-0.348705,-0.233143,0.037925,-0.050405,-0.208081,0.002439,0.023716,-0.351355,0.179039
0.096197,0.262020,-0.197306,0.114869,0.140115,-0.256924,0.355951,0.281953,-0.237827,-0.210542,0.022622,-0.225055,0.204742,-0.237960,-0.246051,0.331305,-0.226341,0.071170,-0.254231,0.190521
0.136199,-0.262261,-0.114487,0.192433,0.250110,0.213318,-0.161705,0.281204,-0.268925,0.324897,-0.260494,0.108077,0.247123,0.273891,0.240317,-0.227108,0.003544,-0.269871,0.119646,-0.243428
-0.247305,0.245706,0.196462,-0.247895,-0.179882,-0.268902,-0.152983,-0.229176,-0.197602,-0.156624,-0.246033,-0.273564,0.255801,0.257796,-0.277137,-0.219062,0.151198,0.182169,-0.248693,-0.155887
-0.296529,0.213168,-0.039222,-0.247197,-0.272098,0.132284,-0.234313,0.097269,-0.196707,-0.230053,-0.229503,-0.238712,-0.202909,-0.219056,-0.291113,-0.219919,0.171197,0.251204,-0.262982,-0.250942
-0.126246,0.124866,-0.285646,-0.394126,-0.005978,-0.093213,-0.305984,-0.251390,0.131587,0.134347,0.041035,0.059895,-0.428236,0.018134,0.300305,-0.247255,0.105631,0.117916,-0.272381,0.301781
-0.226879,0.233417,-0.208071,0.122598,-0.255155,0.180438,0.335644,0.098162,0.175450,-0.232905,-0.218347,-0.224583,0.189595,-0.244354,-0.218091,0.397856,0.015265,-0.252525,0.174796,0.191205
-0.051287,-0.238938,0.228764,0.022746,0.243738,-0.136565,-0.114511,0.067547,-0.113215,0.392117,0.228353,-0.011314,-0.179745,-0.171510,-0.062190,0.485214,-0.037722,0.261656,-0.300278,-0.334321
-0.321358,0.166478,0.441391,-0.124872,0.167823,0.162687,-0.200041,-0.252669,-0.055138,-0.284483,0.053692,0.346450,0.065954,-0.100805,-0.135882,0.294239,0.128551,-0.196442,-0.139131,-0.314960
0.012389,-0.071933,-0.407836,-0.079410,-0.270871,0.390056,0.306622,-0.285500,-0.030115,-0.117384,0.347861,0.155029,0.134302,0.227026,-0.230910,0.314308,-0.109669,0.116924,-0.052298,0.105576
0.283497,-0.198381,-0.214490,0.320619,-0.269035,-0.242567,0.206130,0.144290,0.229675,-0.267771,0.250986,-0.252058,-0.200692,-0.012054,0.039171,-0.350878,0.118252,-0.190109,-0.142991,0.224322
-0.209642,0.240161,-0.173187,-0.189054,0.212709,-0.216545,0.117504,0.242053,-0.307767,-0.208867,-0.130252,-0.257466,-0.193654,0.241410,0.176436,-0.264170,-0.313741,-0.313212,-0.129864,-0.190806
-0.103994,0.214666,-0.178045,-0.218669,-0.215998,-0.294486,0.167539,-0.174757,-0.289905,0.034970,-0.265244,0.133211,-0.232372,-0.207345,0.194624,-0.242274,-0.287251,-0.254088,0.228566,0.324581
-0.267931,-0.245919,-0.186065,-0.268162,-0.232612,-0.275326,-0.070200,-0.217026,-0.236363,-0.202553,-0.244261,0.167929,0.142683,0.257859,-0.233042,0.329037,0.182561,0.222939,0.169023,-0.182982
-0.373963,0.249977,-0.246004,-0.300211,-0.106947,0.114015,-0.131407,0.051407,0.285949,0.171781,-0.100729,-0.166043,-0.012218,-0.265840,-0.347637,0.339828,0.272408,0.024004,-0.222058,0.149776
-0.314798,-0.272122,0.113431,-0.055555,0.139640,-0.210559,-0.046064,-0.196976,-0.005172,-0.235688,-0.311448,-0.307410,-0.255669,-0.235338,-0.172844,0.465316,-0.025643,0.292089,-0.075531,-0.015656
0.249692,0.081238,0.248835,0.234340,-0.007948,-0.250046,0.083360,-0.158352,-0.343865,-0.233561,0.237708,-0.206213,-0.048121,-0.210563,-0.291722,-0.287526,-0.205254,0.303977,-0.160028,0.270593
0.299255,-0.201629,-0.230894,0.297378,-0.050904,-0.297087,0.030635,0.196421,-0.217242,-0.276526,-0.096628,-0.247855,0.114087,0.269669,-0.247083,-0.277466,0.279055,0.217542,-0.157983,-0.171217
0.163703,-0.226470,-0.113168,-0.210825,-0.237038,-0.258403,-0.254358,-0.182421,0.224185,-0.271525,-0.237580,-0.263866,-0.231744,0.252974,-0.256998,0.011801,-0.236120,0.242741,-0.209261,-0.226528
0.328511,-0.201431,0.289273,0.086946,0.030669,-0.062715,-0.013759,0.015376,-0.322520,-0.163762,-0.259496,0.242829,0.283332,-0.191513,-0.383822,-0.255988,0.241553,-0.289909,0.105678,0.120253
-0.259925,0.259407,-0.146628,-0.288920,-0.251859,-0.006780,0.025531,-0.134477,-0.237430,-0.201964,0.171359,-0.233320,0.246978,0.258274,-0.244375,0.294170,-0.256256,-0.235858,-0.241694,-0.208140
0.012268,-0.044151,0.377127,-0.104607,0.309837,-0.018263,-0.113188,-0.212180,-0.013825,-0.374157,-0.294858,-0.037436,-0.073651,0.363209,0.262911,-0.207902,0.291093,0.233661,0.252557,0.096085
-0.252036,0.253661,-0.135223,-0.252298,-0.208950,-0.262699,0.319531,0.276298,0.209335,0.227276,-0.180993,-0.246158,-0.195018,-0.228434,0.170361,-0.218151,-0.127853,0.226683,-0.224705,-0.158759
0.372938,-0.183056,-0.184715,0.370383,0.308204,0.039934,-0.116794,0.067763,-0.283700,-0.054264,-0.154213,0.193621,-0.134585,0.248332,-0.241763,-0.118228,0.291830,0.149604,-0.288996,0.230895
0.115049,-0.190192,0.284835,-0.034304,-0.186127,-0.277209,-0.099978,0.324697,0.226065,-0.281064,0.352324,-0.208442,0.110442,0.272466,0.229504,-0.180629,0.151353,-0.269925,-0.218160,-0.169101
-0.149679,-0.250693,-0.295193,0.106150,0.232315,-0.241416,0.427275,0.242622,0.180064,0.014192,-0.015288,0.252340,-0.090671,-0.075943,0.222655,-0.307166,0.140159,-0.259353,-0.345562,-0.043492
-0.230008,0.271830,-0.179542,-0.211360,-0.197950,-0.225340,0.089087,0.291543,0.183427,-0.235397,-0.218383,-0.225874,0.238660,-0.197634,-0.290146,-0.281802,-0.220581,-0.195680,0.202242,0.195367
0.119087,-0.209089,-0.174151,-0.207982,0.211307,-0.243115,-0.237075,0.227891,-0.212193,-0.301940,-0.240018,-0.276179,0.214349,0.282097,-0.264959,0.035625,-0.247967,-0.206924,-0.191051,0.220772
0.094204,0.140453,-0.195013,-0.186670,0.359275,-0.220279,0.305205,-0.034392,-0.142706,0.097353,-0.134799,0.250244,-0.044211,0.399411,0.239502,-0.179649,-0.093122,-0.337950,0.376759,0.002137
-0.172244,-0.196343,0.228903,-0.135557,-0.020599,-0.113008,0.281347,-0.131393,0.179856,-0.160780,-0.260614,0.200195,0.312800,0.184706,-0.082311,0.478178,-0.324287,-0.305223,0.064413,0.123839
-0.158210,-0.197982,-0.128398,0.293923,0.305462,-0.342597,0.261971,-0.289088,0.015526,-0.281234,-0.044913,-0.302601,0.243178,0.069564,-0.081326,-0.081357,-0.312546,-0.052345,0.343143,-0.041443
0.193453,0.065627,0.011643,-0.039184,0.226290,0.221654,0.339787,-0.050863,0.158691,-0.050943,-0.343361,-0.310116,0.356782,-0.113131,0.310426,0.233963,0.260237,-0.093817,0.333670,-0.131590
-0.302005,-0.066279,0.212959,0.247599,-0.036021,-0.233362,0.149038,0.181284,0.106079,0.204657,-0.111877,0.257693,-0.340944,-0.139399,-0.227613,-0.234411,0.391838,0.140782,0.372910,-0.001552
-0.106384,0.324528,-0.177425,0.291116,0.150173,-0.277958,0.097234,-0.154929,0.198625,0.066014,-0.147052,-0.140960,-0.306788,0.344297,0.179203,0.305207,0.275580,0.284731,0.223714,0.059779
-0.236721,-0.247626,-0.145605,-0.264913,-0.225423,-0.280458,-0.234701,0.178037,-0.198735,-0.246896,-0.194394,-0.255591,0.209779,-0.231714,-0.248247,-0.166321,0.156371,0.237436,-0.244636,0.209234
-0.205373,-0.211709,0.445913,-0.093911,0.333153,0.152267,0.221679,0.287333,-0.286647,0.205219,-0.024767,-0.148065,0.188172,-0.329513,-0.193876,-0.219167,0.092512,0.103104,0.124262,-0.168549
0.411542,0.100910,-0.178112,-0.264881,0.223574,-0.247844,0.080470,-0.404895,-0.237315,0.283889,0.065178,-0.090944,0.186567,0.079744,-0.012482,-0.008349,0.063753,0.466073,0.156731,0.007895
-0.195023,-0.221611,0.304474,-0.211821,0.250828,0.246665,0.245199,-0.117122,0.242904,0.253938,0.327829,-0.009266,0.202855,0.208944,0.227689,-0.215383,0.152352,-0.250595,-0.209065,-0.184070
-0.287996,0.017702,0.367580,-0.108858,-0.155878,0.304144,0.260790,0.037143,0.209375,-0.179813,0.052118,0.324302,0.184807,0.003772,-0.244798,0.293121,-0.139043,-0.121489,0.334330,0.271377
-0.298308,0.312035,0.069645,-0.262992,0.258327,-0.241352,-0.207510,0.101205,-0.227791,-0.264079,-0.212538,-0.298976,-0.153980,0.289800,-0.220340,0.300593,0.128337,-0.176406,-0.023570,-0.102049
0.089999,0.081211,-0.016111,0.065598,0.268924,0.076117,0.361093,0.282317,0.291102,-0.053630,-0.100734,-0.291400,-0.189597,0.192489,-0.277137,0.377959,0.161981,-0.292301,0.258583,0.196622
-0.191792,0.221076,0.394633,-0.105616,-0.016341,-0.283070,0.200286,-0.244720,0.224930,0.102081,0.424584,0.217370,0.064878,-0.297666,-0.023380,0.303310,0.110947,0.018301,-0.149296,-0.241305
-0.031192,-0.131037,-0.165174,-0.158228,-0.014177,-0.394008,0.310677,0.137028,0.136822,0.050440,0.603879,-0.241321,-0.043624,0.068862,-0.170358,0.351400,0.030667,0.026829,0.191814,-0.130484
0.113736,-0.213149,-0.171206,0.216166,0.212584,-0.005429,-0.240857,0.258569,0.212164,-0.257452,-0.216050,-0.266464,0.223463,-0.176666,-0.250495,-0.272624,-0.226055,0.223990,0.310715,0.224702
-0.023324,-0.199036,0.264744,0.302908,0.232620,-0.285711,-0.193243,0.169896,-0.235554,-0.263700,0.398123,0.174180,0.248508,0.233073,0.090403,-0.291073,-0.095497,0.217752,0.094719,-0.087757
-0.126331,-0.187868,0.279415,-0.032095,-0.090410,-0.151412,-0.189128,0.228315,0.142610,0.175467,0.334179,0.092148,-0.200860,-0.339753,-0.239034,-0.574897,0.152634,-0.066043,0.037396,-0.082920
-0.277609,0.139443,-0.231355,-0.317091,-0.106462,0.283188,0.311521,0.252104,0.240315,-0.029353,-0.084504,-0.292982,-0.303776,0.238410,-0.231001,-0.240809,0.176945,-0.013914,0.156571,-0.170900
0.289669,0.233579,0.242506,-0.188441,-0.327426,-0.320502,0.118833,-0.091881,-0.157788,-0.237016,0.272939,0.299300,-0.166386,-0.189397,0.208964,0.007817,0.302747,0.190495,-0.227297,0.051770
0.011970,-0.196772,-0.163822,-0.292541,0.213414,-0.231121,0.142536,-0.205505,-0.247173,0.150307,-0.297808,-0.209074,0.223878,0.420612,-0.333331,0.062960,0.067463,-0.199667,-0.212148,-0.198961
0.125358,-0.273011,0.125021,0.162554,0.271378,-0.214411,-0.183548,-0.295415,-0.144867,-0.373255,0.228202,-0.153718,-0.288205,0.038357,0.323274,0.159917,-0.259981,-0.282960,0.166633,0.032721
0.370306,0.294556,0.237900,0.348742,-0.184221,-0.232309,0.073990,-0.153150,0.253584,-0.277299,-0.053256,0.207448,-0.098176,0.055967,0.253398,-0.256422,0.227726,0.211417,-0.187405,0.139914
-0.215948,0.240400,-0.302810,0.232229,-0.228853,-0.294385,0.138196,0.256393,0.351744,-0.200614,-0.082095,0.178175,-0.183994,-0.334035,0.208668,0.183368,0.144078,-0.014530,-0.249572,-0.133296
0.157965,-0.256338,-0.231258,-0.268613,0.246132,0.087661,-0.032803,0.234222,-0.236587,0.152732,-0.188178,-0.268323,0.200723,-0.028091,0.234540,0.468522,-0.246346,-0.007734,-0.237004,-0.200689
-0.240948,0.248223,0.235866,0.248972,0.194402,0.113354,-0.259768,-0.072959,0.240118,-0.279700,-0.186366,-0.276717,-0.237566,0.262419,0.192364,0.044556,0.239186,0.210245,0.278802,-0.220543
-0.295427,0.154792,0.351757,-0.263727,-0.040345,-0.360688,-0.151883,-0.193935,-0.153951,-0.187382,0.354967,0.068348,-0.212367,0.281397,-0.211211,0.094844,0.179582,0.214371,-0.176244,-0.162579
-0.371293,0.229534,0.272905,0.124577,-0.244098,-0.114845,-0.031554,-0.012639,0.325902,-0.162857,-0.076187,-0.214861,0.026870,-0.174472,-0.246160,-0.082660,-0.333538,0.405676,-0.272245,0.110898
-0.190886,0.267307,0.449203,-0.283235,-0.175009,-0.326026,0.271528,-0.190482,-0.247387,-0.266059,-0.117431,0.140386,0.067127,-0.146716,-0.224005,0.037124,-0.085985,-0.228986,-0.239907,-0.052102
-0.229879,0.358790,0.215110,0.161954,0.146614,0.240062,-0.170570,0.325912,-0.316655,-0.292954,-0.326684,0.235339,0.051756,0.159448,-0.117419,0.040963,-0.124181,0.036096,-0.070761,-0.343494
0.331528,0.028927,-0.028102,-0.074416,0.292061,-0.313670,0.156268,-0.152560,-0.022785,-0.341250,0.245973,-0.216282,-0.225695,-0.207365,-0.265962,-0.285934,-0.266283,0.134571,-0.221315,0.207033
0.079302,-0.219563,0.118661,0.213887,-0.216328,-0.230641,-0.241559,-0.200605,-0.248953,-0.115890,-0.224303,-0.302705,-0.226727,-0.215358,-0.319998,-0.114786,-0.291171,0.255748,0.230356,-0.230498
-0.262697,0.254431,0.077871,0.175808,0.187966,-0.206105,-0.120589,-0.006308,0.238999,0.096778,0.312858,-0.057369,0.254807,0.101898,-0.316666,0.293153,0.390861,0.315645,-0.114235,0.205556
0.266652,0.296079,0.284062,0.259123,-0.229076,-0.152462,0.145701,-0.199914,0.264771,-0.233469,-0.209549,-0.167019,-0.185597,-0.216594,-0.134508,-0.317817,0.214519,-0.195052,-0.133598,0.240197
-0.230646,-0.246249,-0.162927,-0.260017,0.206424,0.212863,-0.224682,-0.219673,-0.210311,0.270507,-0.223528,-0.189264,-0.227940,-0.148476,-0.213455,0.363038,0.103069,0.194419,0.223349,0.229114
0.349502,-0.027205,0.332179,0.302411,0.227020,-0.353889,-0.072591,0.026570,-0.097106,-0.085443,0.157591,0.270953,0.091997,0.089284,-0.213195,-0.316988,0.085426,0.138447,0.332266,-0.279906
0.370363,-0.173482,-0.296292,0.001624,0.008754,-0.421800,0.075382,-0.079705,-0.354513,-0.170652,0.187440,0.096684,0.122359,-0.003483,-0.239447,-0.264849,0.295808,-0.274558,-0.207066,-0.086076
0.287937,0.106098,0.178680,0.369694,0.187644,-0.215514,0.236925,0.083629,0.142526,0.114924,0.365808,-0.176846,0.140304,-0.069405,-0.272442,-0.394450,0.141520,0.208000,-0.275416,-0.019401
-0.165221,-0.141774,-0.249804,-0.233803,-0.092307,-0.101741,-0.280441,-0.210455,0.045468,0.154565,0.102746,-0.287877,-0.266106,0.227379,-0.297515,0.543202,-0.114198,0.068902,0.097837,-0.202192
-0.178931,0.217386,-0.194913,0.331508,0.295839,-0.234898,0.076178,-0.188186,0.218131,-0.249169,0.268608,0.202629,-0.228668,-0.214924,0.165341,-0.295057,0.122131,-0.289274,0.117309,-0.202027
0.024642,0.089546,0.262433,0.123077,0.129239,-0.080130,0.075479,0.402095,0.105623,-0.061466,0.561834,0.155364,0.114322,-0.285374,-0.250778,-0.255947,0.107406,0.119534,-0.316686,0.114468
-0.201779,0.134659,0.191489,0.180923,0.263180,-0.064223,-0.030515,-0.070237,-0.277960,-0.217845,-0.238176,-0.117774,0.352580,0.121070,-0.270758,0.421843,0.179924,0.283515,-0.050062,-0.302805
-0.247823,0.217814,-0.205408,0.191217,0.212562,0.159810,0.338770,-0.088777,0.247146,-0.229154,-0.208088,-0.106603,0.253437,0.256275,-0.264783,-0.234584,0.151298,-0.214969,-0.256393,-0.246721
-0.144207,-0.041575,-0.022018,0.358097,0.188174,-0.239429,-0.222645,-0.042748,0.231087,-0.289612,0.241528,0.208658,0.086808,0.310245,0.145751,-0.363348,-0.274526,0.303083,0.171453,0.108629
-0.243250,0.241983,-0.130952,-0.271640,-0.231017,0.201956,-0.187088,-0.229870,-0.242434,-0.235026,-0.221312,-0.231149,-0.218233,0.255759,0.196912,0.341306,0.171387,-0.196935,0.132236,-0.197417
0.299794,-0.282810,0.129179,-0.142554,-0.193409,-0.210328,0.173776,0.226235,0.220677,-0.324760,0.324962,0.132907,-0.164645,-0.101628,0.244538,-0.271424,-0.289839,0.241026,0.174645,0.095756
0.183085,0.202856,0.225258,-0.127661,-0.253418,-0.180110,0.226827,0.313896,0.083360,-0.027570,0.566437,-0.111602,-0.206971,-0.089180,-0.229567,0.253069,0.005215,-0.068566,0.193400,0.246916
-0.239127,-0.235791,-0.179293,-0.002705,-0.268789,0.167478,0.125434,0.303095,-0.321390,-0.257558,-0.251951,-0.239710,0.237697,-0.214692,0.202441,-0.036257,-0.297056,-0.231756,-0.112839,0.238805
-0.026755,0.098724,0.020031,-0.381900,-0.014763,-0.004953,0.022108,-0.321183,-0.325361,0.075493,-0.296941,0.273108,-0.223651,0.326499,-0.055211,0.488531,0.139564,0.214954,0.032194,0.005106
-0.247109,0.269376,-0.177928,-0.156594,-0.224201,-0.234559,0.140493,-0.185911,-0.221950,-0.246852,-0.203448,-0.284062,-0.215553,0.227259,0.156839,-0.263277,-0.241401,0.232077,0.264181,-0.210665
0.272363,-0.182801,0.335277,-0.093563,-0.225843,0.180599,0.180106,-0.167044,0.226554,0.223802,-0.211164,0.330552,0.205660,-0.217549,-0.129879,-0.306421,-0.092461,-0.257115,-0.182689,-0.252165
-0.090149,-0.075445,0.404376,-0.069930,-0.056794,0.162841,0.256859,0.203053,0.245072,-0.332119,0.467197,-0.121335,0.348127,-0.245199,-0.193429,0.083582,0.106456,-0.004058,-0.070481,0.188229
-0.317848,0.276274,-0.251738,-0.251347,0.217451,0.177850,-0.040344,0.325119,0.230471,-0.186703,-0.277144,0.062852,0.121693,-0.161815,-0.294408,-0.211440,0.246048,-0.204651,0.206074,0.154452
0.239071,-0.171611,0.281568,0.183459,0.123056,0.128542,0.282017,0.091642,0.082824,-0.032738,0.473523,0.019193,0.050972,-0.050330,-0.217935,-0.274407,0.386718,0.194562,0.325686,-0.164111
0.214133,-0.207693,0.388886,0.224397,-0.118407,0.135831,0.020088,-0.111296,0.054783,0.216976,0.424083,0.074628,-0.302365,0.232357,0.190400,0.253239,-0.117890,-0.207241,-0.075752,-0.346823
-0.122402,0.264487,-0.180733,0.007008,0.278832,0.356149,0.292292,0.101565,0.216702,-0.006392,-0.121160,0.190029,0.181166,-0.277067,0.022020,0.393363,0.183156,-0.222584,0.291328,0.226829
-0.209547,0.313548,-0.110692,-0.304032,0.116556,0.225924,-0.195683,0.209595,-0.285074,-0.091337,-0.312401,-0.297502,0.228493,0.288130,0.046572,-0.216299,0.148907,-0.323015,-0.011889,0.140334
0.008821,0.318818,-0.132587,-0.142319,-0.000591,-0.160467,-0.276870,-0.130401,0.225835,0.235564,0.348522,0.061040,0.265515,-0.385371,-0.028427,-0.324812,0.071814,-0.228259,-0.329827,0.134093
0.232691,-0.093667,0.255215,0.089596,-0.051485,-0.170670,0.252237,0.232333,0.098202,-0.125248,0.543145,-0.223686,0.058759,-0.024419,-0.211232,0.290411,-0.169542,0.072132,-0.255516,0.334549
-0.182145,-0.086464,0.435594,-0.219824,-0.309420,-0.193874,0.145249,0.219903,0.266120,0.097011,0.419498,-0.165766,-0.201024,-0.021983,0.059790,0.240838,-0.177815,-0.000769,0.246044,-0.200460
0.185590,-0.118340,-0.164435,-0.223853,-0.283348,-0.306848,0.280395,-0.026546,0.253061,0.162678,-0.068977,0.226687,0.349511,-0.307509,-0.195323,0.323338,0.250576,-0.040943,-0.147552,-0.168320
0.246648,0.277837,0.266346,-0.151286,0.301648,-0.228513,0.079569,-0.161590,0.188895,-0.248116,-0.214871,-0.196526,-0.224481,0.260333,0.124986,0.013632,-0.300205,0.307232,0.198732,0.229075
-0.246454,-0.221140,-0.185404,-0.310456,-0.221407,-0.271417,-0.136315,-0.201186,0.225482,0.269227,-0.223304,-0.240918,0.218247,0.238023,-0.217598,-0.191987,0.177639,-0.220406,0.158915,-0.229654
-0.046538,-0.342069,-0.252163,0.037138,-0.321273,0.071575,-0.223882,-0.250073,0.119483,0.152722,0.312207,0.220217,-0.032958,-0.182481,0.303959,0.385723,-0.093170,-0.295329,0.014117,-0.199078
-0.279266,0.006522,0.353356,-0.246373,-0.243801,-0.288921,0.224227,-0.225913,-0.209543,0.213745,-0.215885,-0.249374,0.202094,-0.126155,0.171731,0.223460,0.161573,0.230743,0.205118,-0.190227
-0.236396,-0.213385,0.397731,-0.271318,-0.227671,-0.276916,-0.219951,0.067940,-0.148061,-0.173279,-0.040743,0.221881,-0.236292,-0.053849,0.232256,-0.213035,0.201692,0.238205,-0.215789,0.283522
0.296548,0.041192,0.189310,-0.081612,-0.235075,-0.217188,0.247016,-0.183379,-0.268915,-0.129292,0.430481,0.033184,-0.118132,0.100083,-0.157441,0.206855,0.123672,-0.483719,0.147361,-0.181105
0.038445,0.266082,0.186527,0.274324,0.035592,-0.131663,0.247663,0.238931,0.007263,0.256696,0.521196,0.187251,0.222881,0.015067,-0.190080,0.218320,-0.336482,0.060893,0.211666,0.112107
-0.015623,0.118036,0.316056,0.170205,0.006059,0.412581,0.319306,0.143927,0.148624,-0.396984,0.341506,0.102419,0.061513,-0.320139,-0.192600,0.011568,-0.284404,0.156756,0.012241,-0.090120
0.204537,-0.046829,0.409406,-0.044208,-0.030722,-0.279163,0.155032,-0.223683,0.197293,-0.072997,0.555542,0.013242,0.157686,-0.079403,-0.310917,0.336613,0.036900,-0.030543,0.137030,-0.134852
-0.228943,-0.171931,-0.009311,-0.232809,0.154267,-0.244975,0.337519,-0.229699,-0.156934,-0.102743,-0.111816,-0.274411,0.179918,-0.275014,-0.191263,0.411688,-0.273212,-0.152560,0.093915,-0.263524
-0.248502,0.220858,0.263705,-0.268421,0.220190,0.146353,0.027841,0.028428,-0.065984,-0.047481,0.374357,0.245869,0.215628,-0.171018,-0.243572,0.173282,0.287537,-0.194471,-0.302014,-0.303946
-0.295296,-0.200043,-0.082558,-0.251346,-0.177002,-0.237078,0.085957,0.346391,-0.090915,0.282535,-0.135396,-0.295852,-0.176668,0.280463,-0.276906,-0.067668,0.246837,-0.228228,-0.184214,-0.236328
0.259729,0.202141,0.253549,0.255629,-0.317041,-0.233561,0.107773,-0.039539,-0.152970,-0.221002,-0.185165,-0.218291,-0.214083,-0.156949,-0.309613,-0.335899,0.173175,0.210977,0.189635,0.223625
0.292577,-0.200802,-0.089892,-0.178378,-0.057897,-0.216406,0.252876,-0.249519,0.170891,-0.062678,0.569601,-0.019542,0.131767,0.213472,-0.200986,0.284549,-0.009930,0.244386,0.207824,-0.111887
-0.063092,0.346840,-0.328202,-0.116209,-0.308497,0.082272,0.155074,-0.162319,0.310066,-0.357408,-0.161296,-0.080484,-0.027660,-0.028107,0.256872,0.299275,0.251258,-0.214717,-0.279738,0.034622
-0.156264,0.173852,-0.126071,-0.223226,0.328485,-0.273193,-0.208993,0.106523,-0.253910,-0.242882,0.317514,0.059288,-0.165553,-0.144844,-0.143169,-0.322133,0.235356,0.306167,-0.236929,-0.190678
0.244246,-0.178055,0.246019,0.319066,0.257331,-0.215873,-0.210424,-0.178130,-0.071687,-0.316026,0.204900,-0.157454,-0.263147,0.319558,-0.179446,-0.251104,-0.201485,-0.160686,0.154004,-0.170130
0.259095,-0.227473,0.306844,0.236304,0.200580,-0.263150,0.183992,0.129808,-0.159806,-0.207812,0.266951,-0.168625,-0.191737,-0.216311,0.016874,-0.341764,-0.230134,0.212724,-0.252383,-0.199944
0.345560,-0.147125,0.292412,0.294622,-0.349534,0.350953,0.013157,0.316258,0.291215,-0.201976,-0.052732,-0.165958,0.111875,-0.062547,-0.196451,-0.173916,0.055996,0.162792,0.263376,0.030102
-0.152661,0.196569,0.181334,-0.314505,-0.215816,0.188885,0.212364,-0.314422,-0.168352,-0.201087,-0.129060,-0.286034,0.177405,-0.050647,0.175495,-0.186919,-0.346159,-0.332225,0.273067,0.090859
-0.125508,0.163965,0.063740,0.294237,-0.110811,-0.194503,0.238809,-0.282175,0.117765,-0.157905,0.492886,0.016238,0.306950,0.190202,-0.267345,-0.247244,0.156579,-0.273216,0.141333,0.125787
-0.250128,-0.198471,-0.109763,-0.279694,0.257928,-0.274438,-0.104933,0.191684,0.066735,0.266718,-0.258699,-0.260028,0.210842,0.211837,0.229120,0.290208,-0.197166,-0.141928,-0.246530,-0.249398
