0.449338,0.128964,0.278457,0.353725,0.100347,0.036638,-0.213399,-0.223557,-0.201234,0.070074,0.133870,0.166176,-0.040490,0.220671,-0.264681,0.419960,-0.121408,0.145183,0.207987,-0.071417
0.641229,0.112557,0.082765,0.313854,-0.048415,-0.138922,0.264297,-0.157950,-0.036385,-0.111284,0.003881,-0.374482,-0.038974,0.195959,0.132727,0.143209,-0.078848,0.106214,0.271006,0.177230
0.696380,0.044945,-0.090616,0.266009,-0.044278,-0.054570,0.001911,-0.231173,0.003186,-0.005337,0.304702,0.087006,-0.025135,0.253718,-0.174943,0.335203,-0.101503,0.027252,0.126932,0.200250
0.531416,0.054612,-0.032865,0.243026,-0.024782,0.001012,-0.093037,-0.332690,-0.026168,-0.030608,0.105297,0.071542,0.033514,-0.098196,0.344105,0.414590,0.055988,0.022049,0.408622,0.212227
0.249076,0.147671,-0.343441,0.285075,0.226726,-0.176286,-0.275580,0.177396,-0.191259,-0.206310,0.036206,0.217961,0.214992,-0.199932,0.344739,0.088470,0.132474,0.214372,0.188641,-0.295163
0.189165,0.110784,0.153529,0.816678,-0.085597,0.122056,-0.197356,-0.186488,-0.095131,-0.000437,0.044362,0.005844,0.027527,0.169729,-0.197062,0.248444,0.058481,0.074516,0.119322,-0.032739
0.102798,0.035635,0.259872,0.661048,0.004389,0.197821,-0.105833,-0.079394,-0.170050,0.007747,0.458464,-0.084354,-0.046081,0.176769,-0.331408,0.128549,-0.000813,-0.016361,0.035248,0.139528
0.191633,0.143219,0.166906,0.512877,-0.053859,-0.078459,-0.168521,-0.256599,0.082124,0.012872,-0.003678,0.057497,0.008586,0.201603,-0.257067,0.417670,0.251867,0.094160,0.372115,0.215209
0.073342,0.058499,0.237755,0.772783,-0.004223,-0.178909,0.138011,-0.089520,0.032799,-0.025913,0.259919,-0.060830,-0.004415,0.265649,0.171661,0.260119,0.066468,0.134104,0.047068,0.114237
0.538814,0.173162,0.185125,0.172797,-0.058615,0.184285,-0.257925,-0.205903,-0.063780,0.255843,0.344777,-0.014410,0.084969,0.332359,-0.386078,-0.037128,0.013080,-0.010984,0.086690,-0.068701
0.469948,0.194540,0.104096,0.395012,-0.072650,0.156512,0.038108,-0.315571,-0.123770,0.298713,0.391831,0.031882,0.058814,0.151103,-0.335504,0.157496,-0.122135,0.001948,0.050899,0.057922
0.456145,0.205577,0.148443,0.010722,-0.023315,0.013675,-0.117846,-0.057215,-0.049113,0.015910,0.267102,0.029427,-0.021882,0.259183,-0.224386,0.151448,0.647162,0.147946,0.217496,-0.076169
0.085478,0.014585,0.239115,0.509005,-0.060483,-0.099379,0.016072,-0.142774,0.062636,0.084565,0.208821,-0.045933,0.000628,0.155075,-0.152732,0.713941,0.045131,0.045203,0.059027,-0.143522
0.329541,0.128296,0.119388,-0.101086,-0.079195,-0.014962,-0.020143,-0.076840,-0.022354,0.003971,0.821922,-0.054956,0.038402,0.168981,-0.275858,0.138849,-0.144497,0.050605,0.051660,0.084016
0.176716,-0.061789,0.333452,-0.099842,-0.150436,-0.198841,0.128030,0.056337,-0.008275,-0.087997,0.333414,-0.150846,-0.145146,0.186631,-0.047935,0.322629,-0.060157,0.624824,0.044773,0.249030
0.363037,0.041438,0.018735,-0.150124,-0.026424,-0.039500,-0.206828,-0.170663,-0.194522,-0.084655,0.542446,-0.055427,0.289807,0.292550,-0.217003,0.191025,-0.144185,-0.043378,0.388787,0.011429
