0.341881,-0.045051,-0.208960,0.100123,-0.040158,-0.067435,-0.071028,0.182105,0.023090,0.092735,-0.011648,0.184564,-0.082943,-0.099806,0.315815,0.485711,-0.247413,0.397261,-0.177337,0.369764
0.646640,0.109992,0.148918,0.045824,-0.134983,-0.111188,-0.147521,-0.197907,0.131089,0.121823,-0.065307,-0.322285,-0.023033,-0.029139,-0.059327,0.268782,-0.133889,0.177685,0.431793,0.026932
0.451507,-0.000954,0.052637,0.013056,-0.086810,0.056772,-0.075810,-0.249341,0.037337,0.145346,0.493365,0.001331,0.112147,0.087699,0.358207,0.463438,-0.165022,0.189428,0.067410,0.132582
0.434602,0.119215,0.345976,0.354068,-0.045962,-0.137147,-0.083292,0.256287,-0.196247,0.380691,0.244600,0.239519,0.025550,0.007053,-0.176657,-0.002736,-0.080548,0.193570,-0.136197,-0.251478
-0.097594,-0.057763,0.014318,0.267015,-0.000190,-0.001214,-0.320037,0.296961,-0.309229,0.202505,-0.276942,0.313579,0.100515,-0.261151,0.389903,-0.244871,0.324554,-0.082232,-0.050444,0.091844
0.809682,-0.038436,0.227613,0.014575,-0.095296,0.075564,-0.250827,-0.079446,-0.128079,0.073379,-0.000786,-0.029671,-0.011836,0.322881,-0.186793,0.198751,-0.050917,-0.004600,0.005268,-0.052953
0.647559,-0.037027,0.200560,0.237874,-0.031717,0.114330,0.124481,-0.064873,-0.110495,0.223397,0.424568,-0.136230,-0.067288,0.318064,-0.102698,0.111426,0.056441,-0.010915,0.193607,0.135392
0.715617,-0.067381,0.273921,0.091187,-0.100525,0.169615,-0.134045,-0.182084,0.013484,0.019949,-0.092360,-0.019139,0.045722,0.370289,-0.062750,0.303942,0.056718,-0.025699,0.209221,0.131747
-0.026957,0.092318,0.075091,0.111793,-0.031323,-0.088939,0.079490,-0.133648,0.065729,0.096959,0.117024,-0.036863,-0.034631,0.087111,-0.033846,0.367424,0.161210,0.175257,0.831468,0.133384
0.556434,0.068000,0.113080,-0.204024,-0.159529,0.030081,-0.257931,-0.129010,0.012973,0.408697,-0.157853,-0.203457,-0.162589,0.264598,-0.209809,0.297850,-0.172591,0.013354,0.057903,-0.160635
0.429156,0.053192,0.175961,-0.042214,-0.041696,0.200872,-0.259752,-0.153100,0.037470,0.269037,0.284001,0.030634,-0.246713,0.464393,-0.270658,0.298794,-0.182892,0.055300,0.078123,-0.100998
0.738864,-0.088963,0.121940,0.173252,-0.062620,0.098445,-0.256600,-0.077770,-0.100508,0.195930,0.093828,-0.147218,0.018407,0.372469,-0.125201,0.112767,0.098695,-0.098084,0.141892,-0.172772
0.482816,0.051677,0.224351,0.177642,-0.071705,0.085514,-0.079612,-0.121425,0.033717,0.170272,0.273940,0.089413,-0.020406,0.132754,-0.109358,0.417541,0.159579,0.242334,0.481626,-0.123007
0.594699,0.102266,0.141598,-0.027173,-0.062771,-0.006966,-0.132620,-0.217160,0.022238,0.204922,0.004057,-0.035031,0.020780,0.047618,-0.227957,0.410748,-0.230079,0.079325,0.468472,0.023412
0.146684,-0.024949,0.201626,0.208135,-0.090058,-0.070306,0.037328,-0.020917,0.066792,-0.081719,0.743535,-0.057415,-0.036860,0.346545,-0.076544,0.286684,-0.017429,0.276713,0.116524,0.108504
0.246762,0.219049,-0.200486,0.438281,-0.144726,0.107123,-0.013472,-0.133991,-0.140589,0.077408,0.446017,-0.008723,0.067389,0.212153,-0.281471,0.361770,-0.128087,0.228636,-0.145095,0.184754
