0.115321,0.135480,-0.125658,0.207175,-0.042396,0.111484,-0.149772,-0.179862,-0.099891,0.261978,-0.017463,0.354164,-0.448311,0.217008,-0.032667,0.389677,-0.316605,-0.070738,-0.090698,0.349027
0.548076,0.032343,0.219295,-0.090084,-0.123622,-0.141785,-0.092522,-0.162596,0.124869,0.391503,-0.159729,0.040894,0.079706,0.150499,0.125470,0.202434,-0.199463,0.017167,0.499729,-0.019790
0.309568,0.090505,0.317090,0.061954,-0.066958,0.088414,-0.148788,-0.186932,0.082324,0.057532,0.575622,-0.058329,-0.085763,0.127174,0.004374,0.465555,-0.159835,0.257824,0.177065,0.117130
0.169631,0.109720,0.262640,0.192640,-0.139281,-0.143739,-0.304580,-0.165695,-0.002037,0.590478,0.104646,0.158945,-0.067900,0.173477,-0.045120,0.401286,-0.254293,0.080699,-0.084019,0.178667
-0.129675,-0.020569,0.210511,0.298435,0.071504,-0.149571,-0.302371,0.241786,-0.284950,0.313775,0.014100,0.314153,-0.228916,-0.063804,0.177923,-0.233116,0.281861,-0.117321,-0.256834,0.303020
0.660011,-0.029853,0.241546,0.069728,-0.195419,0.066301,-0.267380,-0.093033,0.017250,0.184722,0.051676,-0.129549,-0.017486,0.500123,-0.041122,0.199137,-0.156830,-0.020539,0.035699,-0.074945
0.578424,-0.004248,0.238662,0.182474,-0.066550,0.056466,0.206666,-0.053291,-0.066271,0.316672,0.390170,-0.112309,-0.107093,0.202274,0.023105,0.034073,-0.130479,-0.022480,0.414572,0.094786
0.676975,-0.046593,0.250155,0.064909,-0.117252,0.118209,-0.284152,-0.183065,0.008167,0.038177,-0.096307,-0.164420,0.092961,0.290021,0.189584,0.299746,-0.050512,-0.024858,0.266689,0.009893
0.095401,0.069130,0.053630,0.219262,-0.005149,-0.040066,0.047442,-0.103888,0.116329,0.005984,0.002757,-0.023024,-0.007256,0.065045,0.030426,0.182281,0.056579,0.111453,0.913360,0.134540
0.613268,0.046533,0.176819,-0.028377,-0.107388,0.059683,-0.051764,-0.083595,-0.019392,0.396957,-0.108682,-0.095236,-0.128394,0.222570,-0.113047,0.371164,-0.312490,-0.027201,0.103258,-0.245878
0.572004,0.131313,0.200693,0.006196,-0.122282,0.136215,-0.109875,-0.026299,0.031821,0.326158,0.072859,-0.038143,-0.239475,0.310573,-0.079103,0.384936,0.258320,0.015480,0.158522,-0.233433
0.614886,-0.113867,0.085636,0.154033,-0.295406,0.101778,-0.198474,-0.130494,0.008611,0.224950,0.121236,-0.199512,0.015539,0.366328,-0.032454,0.227275,-0.002539,-0.040339,0.274248,-0.233829
0.714681,0.065187,0.331415,0.326575,-0.021662,0.114196,-0.128663,-0.092322,-0.002167,0.122471,0.105888,0.017727,0.001740,0.151764,0.073935,0.329145,0.129453,0.184667,0.037517,-0.119465
0.035242,0.121777,0.136464,0.003935,-0.061689,0.015993,-0.101752,-0.263313,0.020199,0.271503,-0.156610,-0.017776,0.050461,0.068157,-0.072695,0.351619,-0.259819,0.064560,0.755724,-0.060594
0.622230,-0.048676,0.082288,0.367129,-0.175411,-0.001821,-0.055456,-0.083591,0.038318,-0.153140,0.015156,-0.150196,0.022405,0.336292,-0.018205,0.205739,0.167272,0.221493,0.318837,0.213101
0.310053,0.137694,-0.092217,0.338644,-0.133185,0.092001,-0.293313,-0.083642,-0.086710,0.403835,0.175806,0.076542,-0.029249,0.374258,-0.063257,0.300404,-0.159005,0.173309,0.326865,0.194413
