-0.012896,0.269676,-0.222254,0.174256,0.056189,-0.237526,0.137186,0.203694,-0.119723,-0.433275,0.226258,-0.200604,-0.041517,0.221446,0.423200,0.295507,-0.073506,-0.144026,-0.123599,0.274511
-0.071364,0.420945,-0.077674,0.254343,-0.075064,-0.019383,0.175768,0.250648,0.140194,-0.274725,-0.065720,0.235311,0.056049,0.050259,0.389353,0.445431,-0.250213,-0.151958,0.170930,0.147835
-0.013114,0.133754,-0.100968,0.707637,-0.064566,-0.003451,-0.119051,0.243267,0.044015,-0.269235,0.306026,-0.244002,0.216223,0.185283,0.045188,0.278617,0.037246,-0.056538,0.022449,0.002673
0.009293,0.371419,-0.237791,0.194951,-0.036916,-0.204036,-0.093351,0.365778,-0.011518,-0.278040,0.131983,-0.062242,-0.121127,0.048201,0.503808,0.386183,-0.022915,-0.109520,0.016767,0.224547
-0.312022,0.216152,-0.149224,0.261877,0.227474,0.315388,-0.082313,-0.125452,-0.260228,0.200853,0.025031,0.313681,-0.099974,-0.288987,-0.242852,0.363042,0.091451,-0.164978,-0.113414,-0.227011
0.102132,0.402929,-0.141405,0.078676,-0.091242,0.004222,-0.037205,0.136338,-0.055702,0.267370,0.608753,0.294457,0.000909,0.208660,-0.070395,0.071309,-0.143187,0.238338,0.260887,0.204676
-0.219172,0.240600,-0.129480,0.040616,0.040098,0.226085,-0.124970,0.098442,-0.139870,-0.069262,0.498867,0.490300,-0.039044,0.233156,0.017929,0.345897,-0.131352,-0.102117,0.214325,0.185846
-0.167196,0.362295,-0.119895,0.011036,-0.112240,0.132520,0.035494,0.062264,0.084402,-0.015588,0.306119,-0.024929,0.163037,0.179254,0.090999,0.326576,-0.137759,-0.093264,0.694251,-0.077409
0.035307,-0.010288,0.009763,0.360647,0.069288,-0.042861,0.629860,0.256379,0.077713,-0.171380,0.110800,-0.092754,0.221578,-0.031787,0.107633,0.516578,-0.079919,0.030363,0.077541,-0.035180
-0.179008,0.374238,0.117899,0.159907,-0.091225,-0.018531,0.461063,0.358957,-0.155113,-0.107985,-0.064502,0.223462,0.123208,0.128706,0.481739,-0.014339,-0.035623,0.152516,0.167400,0.178727
-0.105554,0.248249,-0.093274,0.240842,-0.084118,-0.043373,0.093362,0.384667,-0.114513,0.100508,0.352715,0.304075,0.133960,0.207803,0.500666,0.027480,0.117371,0.253742,0.253023,0.008256
-0.001783,0.012290,-0.154524,0.045514,-0.074431,0.173715,-0.091531,0.034885,-0.021471,0.098010,0.770834,-0.032677,0.200360,0.183618,-0.069832,0.083589,-0.141469,0.133229,0.442589,-0.062402
0.150668,0.181347,-0.093310,0.506332,-0.119399,0.114173,0.151437,0.224151,0.044033,-0.225802,0.178731,-0.198561,0.193491,0.098542,0.149135,0.371570,0.129267,0.046016,0.451704,-0.155724
-0.016149,0.107904,-0.102143,0.359180,-0.027713,-0.070912,0.641098,0.424895,0.011516,-0.253051,0.140595,-0.199098,0.114238,0.174284,0.034194,0.184414,-0.128283,0.100252,0.081971,0.126133
0.312098,-0.019745,0.096111,0.342145,0.067922,0.035546,0.037307,0.181924,0.246266,-0.212062,0.244670,-0.269237,0.276238,0.066175,-0.066907,0.614511,0.033790,-0.133959,0.052490,0.113756
0.223591,0.363091,-0.199595,0.430353,-0.021362,-0.123559,0.244291,0.194828,-0.156224,-0.367043,0.256038,0.018419,0.054107,0.209432,0.307236,0.124012,-0.029096,-0.204674,-0.171435,0.161427
