0.048392,0.224597,0.113007,0.193441,0.038389,-0.113454,-0.145379,0.234378,-0.240578,0.380816,-0.116312,0.130651,-0.165765,0.107813,0.072571,0.166435,-0.215055,-0.081222,0.400274,0.536638
0.476796,-0.077801,0.243686,0.146030,-0.200833,-0.085212,-0.243724,-0.081732,-0.108962,0.336910,-0.256865,0.447561,0.055602,0.125389,0.227149,0.243480,0.038104,-0.061767,0.213388,0.007903
0.317983,0.191612,0.313097,0.318798,-0.092173,0.004252,-0.266348,-0.110570,-0.022832,-0.004861,-0.139655,-0.077390,-0.005077,0.234471,0.187187,0.384053,0.356311,0.111437,0.389428,0.127369
0.169268,0.162514,0.257898,0.487765,-0.030650,-0.180263,-0.357749,-0.018894,-0.155504,0.511086,-0.163265,0.198241,-0.044051,0.147813,0.122722,0.101940,-0.016482,-0.027480,0.277087,-0.018552
-0.169290,-0.184693,0.349198,0.322368,0.197210,-0.321089,-0.303317,-0.042134,0.014666,0.070445,0.050389,0.264768,-0.233276,0.165867,0.352641,-0.272758,0.182912,-0.170936,0.037199,0.230310
0.627756,-0.034771,0.301475,0.164436,-0.264239,-0.003558,-0.299813,-0.097513,-0.059772,0.256973,0.056970,-0.102919,-0.163286,0.276747,0.102922,0.250185,-0.158129,-0.046332,0.128955,-0.117865
0.403413,-0.043792,0.176604,0.282138,-0.029902,0.005042,-0.141115,-0.025660,0.167470,0.411096,0.355689,-0.116409,-0.182043,0.143889,0.228808,0.159942,-0.261330,-0.037250,0.401687,0.055991
0.588088,-0.176785,0.224205,0.245604,-0.194773,0.129376,-0.314960,-0.086797,-0.094819,-0.032397,0.013277,-0.205840,-0.037074,0.095344,0.225944,0.248100,-0.153638,-0.019493,0.374341,-0.105501
0.000618,0.098301,0.055679,0.259142,-0.012901,0.007148,0.014002,0.018427,0.038102,0.005979,-0.034073,-0.026362,0.019969,0.055101,0.919405,0.131492,0.062048,-0.033310,0.207331,0.044810
0.200112,0.012697,0.319726,0.191026,-0.068336,0.054728,-0.363399,0.154459,-0.034012,0.362917,0.108699,0.124807,-0.343541,0.372097,0.065396,0.290231,0.141141,-0.080228,0.180464,-0.305495
0.494798,0.078535,0.352475,0.196816,-0.116892,0.069662,-0.310575,0.125100,0.024918,0.250322,-0.042111,0.057750,-0.423983,0.174439,0.026439,0.194374,-0.059153,-0.100770,0.142775,-0.322969
0.639375,-0.094010,0.037908,0.163141,-0.311538,0.089422,-0.285273,-0.117882,-0.060432,0.116364,0.162207,-0.213472,0.061689,0.136627,0.170866,0.254629,-0.088240,-0.030395,0.277980,-0.249839
0.270245,-0.030810,0.288078,0.554243,-0.099171,0.022942,-0.157775,0.136823,-0.032136,0.130809,0.393243,0.043661,-0.021984,0.149781,0.189134,0.393416,0.021673,0.131565,0.191491,-0.198156
-0.011429,0.072559,0.205936,0.306311,-0.050582,0.007886,-0.004522,0.207824,-0.032856,0.206188,-0.210815,-0.024930,-0.022903,0.109267,0.082649,0.404149,-0.115528,0.033342,0.720127,-0.090590
-0.000547,-0.094611,0.099087,0.319756,-0.120754,0.381822,-0.046020,0.336228,0.114781,-0.319694,0.029610,-0.155481,0.078245,0.305441,0.149107,0.371673,0.251530,-0.090471,0.312414,0.184864
0.117326,0.188291,0.395338,0.288766,-0.009875,-0.106623,-0.265535,-0.018179,-0.072574,0.440182,0.221477,0.314375,-0.226103,0.378337,-0.068471,0.252883,-0.083929,-0.044373,-0.032186,0.094540
