0.454277,0.027550,0.059911,0.207458,0.014933,-0.057655,-0.022507,-0.220936,-0.228333,0.155216,0.038337,0.176584,0.062084,0.074434,0.419469,0.508199,0.010331,0.243952,-0.064880,0.277589
0.690549,0.096171,0.113636,0.138745,-0.084505,-0.088458,0.079843,-0.230747,0.016784,0.041820,0.087224,-0.405241,-0.037442,0.064461,-0.134765,0.278462,-0.120492,0.116007,0.311665,0.083166
0.438801,-0.004323,0.194743,-0.072218,-0.049492,0.035586,0.174439,-0.256467,-0.005538,0.079520,0.517292,-0.075038,0.037094,0.077536,-0.175714,0.462625,-0.135487,0.089561,-0.022512,0.325005
0.499282,0.123797,0.219442,0.369228,-0.064698,0.082840,-0.069958,0.130090,-0.041323,0.135502,0.087867,0.157461,-0.020417,0.129871,0.292343,0.420870,-0.053464,0.075200,0.139602,-0.396960
0.136211,-0.225797,-0.250221,0.315845,0.128225,-0.052177,-0.309181,0.205423,-0.257233,-0.086228,-0.091778,0.244794,0.208196,-0.264608,0.341706,-0.028382,0.030571,0.283086,0.363973,-0.157183
0.441277,-0.027784,0.220863,0.715216,-0.075338,0.128040,-0.220560,-0.137766,-0.118652,0.043547,0.016700,0.014392,0.017810,0.212145,-0.191660,0.205201,0.088785,0.042059,0.034720,-0.054866
0.197842,-0.021836,0.235996,0.695975,-0.004748,0.185810,-0.021314,-0.095780,-0.165866,0.120017,0.473026,-0.106257,-0.038680,0.175325,-0.217547,0.081828,0.044565,-0.001001,0.053875,0.089581
0.557769,-0.036625,0.226626,0.295980,-0.070095,0.072376,-0.279222,-0.214768,-0.001877,0.036355,-0.032296,0.035126,0.011423,0.319161,-0.225802,0.302439,0.363114,0.084516,0.071307,0.149047
0.056646,0.067914,0.165702,0.364760,-0.021143,-0.146713,0.068059,-0.068049,0.049022,-0.021679,0.239275,-0.043212,-0.026727,0.112979,-0.035131,0.309980,0.544117,0.134133,0.554063,0.081254
0.625555,0.063560,0.159513,-0.263746,-0.056703,0.110708,-0.303095,-0.173574,-0.040356,0.244387,0.065158,-0.086731,-0.068353,0.290090,-0.408634,0.056777,0.161535,0.003623,0.024855,-0.115294
0.433921,0.055343,0.104289,0.173300,-0.020770,0.338673,-0.277953,-0.236912,-0.209602,0.264365,0.295750,0.043070,-0.064169,0.291442,-0.358379,0.284149,-0.119044,0.039628,-0.007373,-0.045288
0.833580,0.075532,0.126088,0.120312,0.032522,0.117165,-0.236221,-0.083266,-0.178969,0.080679,0.072814,-0.077605,-0.019685,0.270417,-0.168723,0.137274,0.075471,-0.040632,0.098612,-0.061555
-0.074776,0.011934,0.173074,0.009038,-0.069681,0.018099,-0.026002,-0.144408,0.046332,0.144006,0.346191,0.034043,-0.019513,0.114320,-0.123430,0.606231,0.068082,0.127723,0.586393,-0.180608
0.788140,0.121556,0.096431,-0.051460,-0.090151,0.024897,-0.054634,-0.137308,-0.020236,0.087517,0.254878,-0.054676,0.080664,0.128012,-0.249256,0.302939,-0.192186,0.063035,0.154226,0.063383
0.106996,-0.047560,0.274495,0.078692,-0.151293,-0.153298,0.097268,0.038489,0.015270,-0.122839,0.307774,-0.133269,-0.149537,0.156005,-0.126456,0.744367,-0.153565,0.256191,0.111886,0.033201
0.292120,0.169952,-0.002412,0.330176,-0.030491,0.067751,-0.271773,-0.248307,-0.172674,-0.013309,0.554935,0.121065,0.241508,0.135802,-0.274478,0.286628,-0.181882,0.027697,0.041501,0.115275
