0.319263,0.157171,0.331090,0.413726,0.038400,-0.041971,-0.086984,0.250710,-0.203200,0.040500,0.084688,-0.129438,0.127040,0.204843,0.288966,-0.260073,-0.143748,-0.075100,0.453116,0.105864
0.462040,0.198054,0.071803,0.307733,-0.060107,0.007063,-0.160557,0.170311,-0.138678,-0.073405,-0.182492,0.366928,0.111435,0.066169,0.193100,-0.069038,0.237979,-0.142030,0.444016,0.252242
0.445489,0.075798,0.171577,0.358904,-0.052907,-0.011340,-0.088713,0.271076,-0.037395,-0.214115,-0.161795,-0.089836,0.086634,0.237507,0.143111,0.393628,-0.107726,-0.033912,0.437810,0.167334
0.455684,0.296389,0.231937,0.298250,-0.055439,0.114984,-0.112752,0.240554,-0.193409,0.024656,0.109623,0.176304,-0.048200,0.158650,0.354105,-0.139574,-0.099877,-0.267136,0.292502,0.233473
-0.181074,0.030102,0.162608,0.252923,0.185771,-0.316697,-0.272377,-0.337565,0.098824,-0.068075,0.163624,0.452897,0.007776,-0.031356,0.340394,0.121166,0.193642,-0.256280,0.120512,0.239512
0.655079,-0.061743,0.158341,0.176084,-0.194783,-0.005549,-0.167200,0.073742,-0.037894,0.376646,0.137523,-0.078332,-0.195667,0.101124,0.110968,-0.012881,-0.178643,-0.093424,0.359821,-0.200416
0.430434,-0.024980,0.040752,0.176147,0.000656,0.063587,-0.228569,0.012540,0.076177,0.181505,0.501479,-0.126089,-0.166328,0.151358,0.282780,-0.090224,-0.135617,-0.112012,0.498268,0.030889
0.455124,-0.089549,0.047375,0.292756,-0.123570,0.259129,-0.287885,-0.011295,-0.056804,-0.162488,0.426462,0.079078,-0.024705,0.046072,0.135654,0.097788,-0.101648,-0.068089,0.446290,-0.262443
0.325519,0.069045,0.058021,0.493091,0.054141,0.008790,-0.058844,0.203524,0.456722,-0.146236,0.494226,-0.015978,0.016197,0.140667,0.170736,0.075284,-0.069024,0.047373,0.240795,-0.022747
0.186551,0.135336,0.097556,0.338336,-0.030300,0.070140,-0.268901,0.348287,-0.147578,0.248614,0.270478,0.183445,-0.182247,0.148706,0.246496,-0.202671,0.257735,-0.184736,0.316726,-0.273888
0.283124,0.133561,0.211795,0.397823,-0.091943,0.028746,-0.255048,0.283928,0.008849,0.260427,0.061786,0.193135,-0.260757,0.117122,-0.009240,-0.174088,0.301434,-0.129219,0.321689,-0.334321
0.532433,-0.091434,-0.051556,0.158351,-0.178628,0.125575,-0.292332,0.087758,-0.036922,0.017747,0.378884,0.000603,0.423798,0.002333,0.055382,0.050296,-0.080111,0.010713,0.373906,-0.250614
0.352280,-0.009632,0.086012,0.550349,-0.072167,0.078541,-0.090345,0.265470,-0.105871,-0.164360,0.428348,-0.055259,0.147767,0.214305,0.147887,0.090806,0.012566,0.042110,0.270045,-0.279319
0.561521,0.129797,0.111266,0.493059,-0.035801,-0.002781,-0.057586,0.365008,-0.079477,0.081100,-0.229607,-0.137623,-0.009812,0.122799,0.236580,0.084772,-0.076712,-0.060935,0.258357,-0.187862
0.301140,-0.188354,0.207824,0.252923,-0.278507,-0.041175,-0.113021,0.190969,0.042768,-0.368277,0.206352,-0.154905,0.111283,0.195322,0.175542,0.376449,0.290120,0.090440,0.314963,0.139727
0.617252,-0.011227,0.140560,0.348886,0.066292,0.004320,-0.041997,0.223977,-0.074907,0.329799,-0.065949,-0.049284,-0.094017,0.039896,0.178166,-0.335878,0.017539,-0.281571,0.038673,-0.252631
