0.999976,0.001878,0.001043,0.001357,0.000660,0.001042,0.001568,0.000672,0.000909,0.001267,0.000767,0.000945,0.001072,0.001638,0.000771,0.002217,0.000551,0.000970,0.001512,0.000636,0.001348,0.000781,0.000612,0.001216,0.000686,0.000570,0.003435,0.000655,0.001488,0.000416,0.000347,0.000630
0.001878,0.999975,0.000674,0.001109,0.000834,0.000868,0.000701,0.000955,0.000319,0.000354,0.000862,0.000996,0.000970,0.001223,0.000512,0.003738,0.000695,0.000405,0.000972,0.001376,0.001150,0.000734,0.000975,0.000855,0.000787,0.000455,0.002945,0.000823,0.002275,0.000758,0.000592,0.000613
0.001043,0.000674,0.999979,0.000612,0.001039,0.001188,0.001365,0.000766,0.001645,0.002516,0.001529,0.000613,0.000891,0.000486,0.000881,0.000819,0.001305,0.000570,0.000676,0.001197,0.001321,0.001469,0.000575,0.001089,0.001326,0.001671,0.000880,0.001383,0.000408,0.001227,0.001075,0.001102
0.001357,0.001109,0.000612,0.999978,0.000664,0.001062,0.001026,0.000413,0.001170,0.001335,0.000596,0.002196,0.000758,0.001066,0.001210,0.001706,0.001785,0.001210,0.000678,0.001662,0.001756,0.000986,0.001494,0.000455,0.000666,0.000896,0.001345,0.000906,0.000682,0.001377,0.001827,0.000690
0.000660,0.000834,0.001039,0.000664,0.999984,0.001249,0.000960,0.002117,0.001338,0.000693,0.001652,0.000553,0.000488,0.001029,0.000723,0.000765,0.001099,0.001197,0.000761,0.000521,0.000580,0.001217,0.000856,0.000898,0.001277,0.001213,0.000645,0.001567,0.000844,0.000926,0.000873,0.000500
0.001042,0.000868,0.001188,0.001062,0.001249,0.999984,0.000484,0.001097,0.001114,0.001202,0.001498,0.000560,0.000314,0.000921,0.001012,0.000945,0.001268,0.000923,0.000870,0.001209,0.000938,0.001497,0.000627,0.001047,0.000697,0.000834,0.000471,0.000867,0.000664,0.000907,0.001057,0.000873
0.001568,0.000701,0.001365,0.001026,0.000960,0.000484,0.999984,0.000955,0.000780,0.000485,0.000470,0.000628,0.001509,0.000764,0.000824,0.001042,0.000513,0.000513,0.002050,0.000704,0.000694,0.001043,0.001313,0.000695,0.000863,0.000633,0.000829,0.000715,0.001715,0.000408,0.001172,0.000960
0.000672,0.000955,0.000766,0.000413,0.002117,0.001097,0.000955,0.999975,0.001342,0.000391,0.001977,0.000371,0.000490,0.000595,0.000819,0.000617,0.002128,0.000966,0.001384,0.000700,0.000923,0.003500,0.000995,0.000714,0.001133,0.001129,0.000661,0.000900,0.000554,0.001289,0.000759,0.001146
0.000909,0.000319,0.001645,0.001170,0.001338,0.001114,0.000780,0.001342,0.999981,0.001148,0.001376,0.000850,0.001323,0.001006,0.000960,0.000658,0.002173,0.001113,0.000759,0.000679,0.001047,0.001224,0.000867,0.000920,0.001158,0.001428,0.000525,0.000581,0.000518,0.002014,0.000958,0.000553
0.001267,0.000354,0.002516,0.001335,0.000693,0.001202,0.000485,0.000391,0.001148,0.999978,0.000659,0.001835,0.000893,0.000762,0.001069,0.001083,0.001315,0.001552,0.000835,0.000776,0.001921,0.000949,0.001159,0.000511,0.000805,0.000959,0.000772,0.001474,0.000687,0.001490,0.001751,0.000448
0.000767,0.000862,0.001529,0.000596,0.001652,0.001498,0.000470,0.001977,0.001376,0.000659,0.999977,0.000475,0.000744,0.000463,0.001846,0.000637,0.001877,0.002091,0.000909,0.000688,0.000694,0.001860,0.001029,0.000928,0.000713,0.001861,0.000555,0.001601,0.000424,0.001090,0.001036,0.001354
0.000945,0.000996,0.000613,0.002196,0.000553,0.000560,0.000628,0.000371,0.000850,0.001835,0.000475,0.999974,0.001087,0.001272,0.001123,0.002977,0.001130,0.001442,0.000663,0.000843,0.001254,0.000753,0.003461,0.000964,0.000469,0.000497,0.000683,0.000984,0.001376,0.000875,0.001160,0.000566
0.001072,0.000970,0.000891,0.000758,0.000488,0.000314,0.001509,0.000490,0.001323,0.000893,0.000744,0.001087,0.999982,0.001401,0.000505,0.001651,0.000623,0.000953,0.001270,0.002029,0.001070,0.000495,0.001104,0.000900,0.001379,0.000978,0.002141,0.000922,0.001068,0.001011,0.000629,0.000464
0.001638,0.001223,0.000486,0.001066,0.001029,0.000921,0.000764,0.000595,0.001006,0.000762,0.000463,0.001272,0.001401,0.999978,0.000838,0.003303,0.001021,0.000778,0.000877,0.001754,0.001039,0.000507,0.001731,0.000727,0.001152,0.000459,0.002065,0.000629,0.001564,0.000234,0.000494,0.001070
0.000771,0.000512,0.000881,0.001210,0.000723,0.001012,0.000824,0.000819,0.000960,0.001069,0.001846,0.001123,0.000505,0.000838,0.999978,0.000434,0.001789,0.001752,0.000588,0.000673,0.001037,0.001748,0.001150,0.001034,0.000603,0.000922,0.001095,0.001413,0.000725,0.001168,0.002674,0.001440
0.002217,0.003738,0.000819,0.001706,0.000765,0.000945,0.001042,0.000617,0.000658,0.001083,0.000637,0.002977,0.001651,0.003303,0.000434,0.999963,0.001028,0.000451,0.001057,0.001604,0.001372,0.000999,0.001644,0.000855,0.000870,0.000477,0.002468,0.000529,0.001490,0.000652,0.000523,0.000663
0.000551,0.000695,0.001305,0.001785,0.001099,0.001268,0.000513,0.002128,0.002173,0.001315,0.001877,0.001130,0.000623,0.001021,0.001789,0.001028,0.999973,0.001914,0.000192,0.000535,0.001542,0.001438,0.001027,0.000793,0.000691,0.002136,0.000757,0.001654,0.000899,0.001326,0.001435,0.000968
0.000970,0.000405,0.000570,0.001210,0.001197,0.000923,0.000513,0.000966,0.001113,0.001552,0.002091,0.001442,0.000953,0.000778,0.001752,0.000451,0.001914,0.999977,0.000652,0.000441,0.001265,0.001062,0.000903,0.001924,0.000753,0.001516,0.000498,0.001084,0.000728,0.002721,0.000770,0.000838
0.001512,0.000972,0.000676,0.000678,0.000761,0.000870,0.002050,0.001384,0.000759,0.000835,0.000909,0.000663,0.001270,0.000877,0.000588,0.001057,0.000192,0.000652,0.999985,0.001121,0.000464,0.000624,0.001076,0.000692,0.000692,0.001091,0.000991,0.000674,0.001699,0.000672,0.000522,0.001282
0.000636,0.001376,0.001197,0.001662,0.000521,0.001209,0.000704,0.000700,0.000679,0.000776,0.000688,0.000843,0.002029,0.001754,0.000673,0.001604,0.000535,0.000441,0.001121,0.999981,0.001335,0.001380,0.000924,0.000540,0.000953,0.000880,0.001177,0.000707,0.001844,0.000787,0.000678,0.001177
0.001348,0.001150,0.001321,0.001756,0.000580,0.000938,0.000694,0.000923,0.001047,0.001921,0.000694,0.001254,0.001070,0.001039,0.001037,0.001372,0.001542,0.001265,0.000464,0.001335,0.999979,0.000494,0.001338,0.000768,0.000548,0.000676,0.002397,0.000818,0.001002,0.001092,0.000741,0.000712
0.000781,0.000734,0.001469,0.000986,0.001217,0.001497,0.001043,0.003500,0.001224,0.000949,0.001860,0.000753,0.000495,0.000507,0.001748,0.000999,0.001438,0.001062,0.000624,0.001380,0.000494,0.999975,0.000752,0.001277,0.000904,0.001082,0.000576,0.000787,0.000356,0.001306,0.001774,0.001697
0.000612,0.000975,0.000575,0.001494,0.000856,0.000627,0.001313,0.000995,0.000867,0.001159,0.001029,0.003461,0.001104,0.001731,0.001150,0.001644,0.001027,0.000903,0.001076,0.000924,0.001338,0.000752,0.999977,0.000337,0.000564,0.000318,0.001086,0.001011,0.001695,0.000776,0.001057,0.001020
0.001216,0.000855,0.001089,0.000455,0.000898,0.001047,0.000695,0.000714,0.000920,0.000511,0.000928,0.000964,0.000900,0.000727,0.001034,0.000855,0.000793,0.001924,0.000692,0.000540,0.000768,0.001277,0.000337,0.999985,0.000807,0.001000,0.000501,0.001232,0.000682,0.000946,0.000534,0.001761
0.000686,0.000787,0.001326,0.000666,0.001277,0.000697,0.000863,0.001133,0.001158,0.000805,0.000713,0.000469,0.001379,0.001152,0.000603,0.000870,0.000691,0.000753,0.000692,0.000953,0.000548,0.000904,0.000564,0.000807,0.999986,0.000865,0.001781,0.000999,0.000678,0.000816,0.000660,0.001218
0.000570,0.000455,0.001671,0.000896,0.001213,0.000834,0.000633,0.001129,0.001428,0.000959,0.001861,0.000497,0.000978,0.000459,0.000922,0.000477,0.002136,0.001516,0.001091,0.000880,0.000676,0.001082,0.000318,0.001000,0.000865,0.999980,0.000449,0.001112,0.000823,0.001616,0.001024,0.002162
0.003435,0.002945,0.000880,0.001345,0.000645,0.000471,0.000829,0.000661,0.000525,0.000772,0.000555,0.000683,0.002141,0.002065,0.001095,0.002468,0.000757,0.000498,0.000991,0.001177,0.002397,0.000576,0.001086,0.000501,0.001781,0.000449,0.999969,0.000829,0.001161,0.000481,0.000443,0.001168
0.000655,0.000823,0.001383,0.000906,0.001567,0.000867,0.000715,0.000900,0.000581,0.001474,0.001601,0.000984,0.000922,0.000629,0.001413,0.000529,0.001654,0.001084,0.000674,0.000707,0.000818,0.000787,0.001011,0.001232,0.000999,0.001112,0.000829,0.999981,0.000666,0.001678,0.001894,0.000789
0.001488,0.002275,0.000408,0.000682,0.000844,0.000664,0.001715,0.000554,0.000518,0.000687,0.000424,0.001376,0.001068,0.001564,0.000725,0.001490,0.000899,0.000728,0.001699,0.001844,0.001002,0.000356,0.001695,0.000682,0.000678,0.000823,0.001161,0.000666,0.999982,0.000562,0.000570,0.000539
0.000416,0.000758,0.001227,0.001377,0.000926,0.000907,0.000408,0.001289,0.002014,0.001490,0.001090,0.000875,0.001011,0.000234,0.001168,0.000652,0.001326,0.002721,0.000672,0.000787,0.001092,0.001306,0.000776,0.000946,0.000816,0.001616,0.000481,0.001678,0.000562,0.999975,0.003341,0.000824
0.000347,0.000592,0.001075,0.001827,0.000873,0.001057,0.001172,0.000759,0.000958,0.001751,0.001036,0.001160,0.000629,0.000494,0.002674,0.000523,0.001435,0.000770,0.000522,0.000678,0.000741,0.001774,0.001057,0.000534,0.000660,0.001024,0.000443,0.001894,0.000570,0.003341,0.999976,0.000586
0.000630,0.000613,0.001102,0.000690,0.000500,0.000873,0.000960,0.001146,0.000553,0.000448,0.001354,0.000566,0.000464,0.001070,0.001440,0.000663,0.000968,0.000838,0.001282,0.001177,0.000712,0.001697,0.001020,0.001761,0.001218,0.002162,0.001168,0.000789,0.000539,0.000824,0.000586,0.999983
