-0.148869,-0.210702,-0.008755,-0.181333,-0.056242,-0.166978,0.193108,0.407388,-0.328201,0.213329,-0.160458,0.308185,0.223103,-0.292876,-0.305334,-0.139135,0.292258,0.190481,-0.038413,-0.144646
-0.208239,-0.264447,-0.308606,0.307312,0.164913,-0.125185,-0.080518,-0.083321,-0.336409,-0.188855,0.086086,0.347352,-0.076978,-0.113958,0.228915,0.375743,0.341094,0.081614,0.055310,0.158960
-0.306470,0.311241,0.004016,-0.265087,0.224975,0.030371,0.238839,-0.299865,-0.289724,-0.269493,0.290584,-0.058361,-0.307232,0.065967,0.043281,-0.001743,-0.139596,-0.239535,0.296396,-0.175138
0.186593,-0.011561,0.056499,0.224255,-0.128487,0.180804,-0.027542,0.396044,-0.324508,-0.070038,0.228681,0.323797,0.156420,-0.370435,-0.162152,0.335608,0.137017,-0.296683,0.169897,-0.033661
-0.166094,-0.089476,0.221120,0.249608,0.189927,0.220255,-0.245513,-0.063385,-0.215445,0.328201,-0.219057,-0.380368,0.085847,0.299059,-0.121527,-0.066267,-0.103684,0.284565,-0.017918,-0.386674
0.126214,0.028290,0.219613,0.277261,-0.206858,-0.099873,0.182873,-0.122969,0.118740,0.083366,0.311979,-0.308398,-0.028590,0.074865,-0.392538,-0.076433,0.078478,0.316590,-0.369335,0.366336
-0.268230,-0.147597,-0.240246,0.049045,-0.095833,0.171655,0.289890,-0.232456,0.269820,-0.124360,-0.308988,0.166091,-0.297196,0.260848,-0.223255,-0.013543,-0.104130,0.266377,0.236115,0.337863
-0.261235,-0.085846,-0.276925,0.070008,0.065420,0.364973,0.158965,-0.186313,-0.277091,-0.182588,-0.037811,-0.286336,0.070034,0.294938,0.223720,-0.177825,-0.136022,0.366843,-0.086867,-0.342938
0.146258,0.047288,0.381117,-0.325394,0.328251,-0.317357,0.096528,-0.160329,0.325490,-0.006427,-0.330786,0.104989,0.244922,-0.056136,-0.364219,-0.094478,0.099334,0.032743,0.194060,-0.044817
0.066430,-0.182231,0.340027,0.362340,0.148152,0.139856,0.163666,0.082245,0.295843,-0.398170,0.273831,0.129352,-0.146510,-0.017793,-0.194528,-0.416024,-0.170944,0.039942,0.183777,0.073091
-0.134144,0.311841,-0.305460,0.017110,0.288952,0.063308,-0.135898,-0.287908,0.013025,-0.208309,0.235384,0.329308,0.165829,-0.096227,0.201823,-0.353015,0.073000,0.280588,0.160586,-0.287980
0.258293,0.156644,0.064698,0.189139,-0.286951,-0.004687,-0.143734,0.391440,0.190638,0.371120,0.422330,-0.022399,-0.130652,0.154533,0.343900,0.172261,-0.032565,-0.076545,0.210877,0.139003
0.209342,-0.100004,0.204079,-0.246300,-0.281391,-0.260795,0.238605,0.316379,0.095922,0.069567,-0.222511,0.296899,0.230657,0.095554,-0.160815,-0.210073,0.144686,-0.182522,-0.320901,0.313669
0.294642,-0.068650,-0.048494,0.214474,0.168996,0.117844,-0.072474,0.400227,-0.354125,0.189553,-0.088713,0.001951,0.342291,-0.340104,-0.184431,0.278658,0.004081,-0.088825,0.230741,0.278184
0.269756,-0.195050,-0.171814,0.237420,-0.141789,0.098533,0.310695,0.069552,0.284621,-0.282583,0.307110,0.149524,0.145868,-0.135223,-0.233191,-0.243011,-0.042566,-0.272795,-0.301359,0.273020
0.125050,-0.204919,0.009829,-0.116381,-0.215143,-0.111311,-0.247820,0.391927,-0.256882,0.287617,0.127209,0.260200,0.289457,0.259288,0.126598,0.248923,-0.312520,0.022118,0.105369,0.290118
0.101790,-0.165799,0.000518,0.416948,-0.026247,0.215773,-0.138529,-0.366674,-0.278449,0.310998,-0.020185,-0.266988,-0.294917,0.258048,-0.032946,-0.078229,-0.260980,-0.210734,-0.257300,0.044503
0.361361,0.209370,0.400521,-0.149100,0.128642,-0.346268,0.226532,-0.253734,0.169354,0.173781,-0.210776,0.239342,-0.169096,0.138049,-0.135994,-0.003559,0.097330,0.350043,0.163753,0.072233
0.224311,-0.276234,0.145316,0.139153,-0.261312,-0.196677,0.281626,0.254487,0.236156,0.274647,0.227764,0.290242,0.290579,-0.140282,-0.193662,-0.253649,-0.160574,0.210456,0.195973,0.009993
0.350061,-0.079864,-0.000722,-0.314251,0.036111,0.211044,0.357599,0.073106,0.040423,-0.322014,-0.213637,-0.068451,0.365786,0.060761,0.293641,0.004153,-0.216467,0.154959,-0.167648,-0.338963
-0.450690,-0.066475,-0.001352,0.014164,-0.159228,-0.468712,-0.013402,0.260294,0.107579,-0.007148,0.309722,-0.089252,0.044543,0.350018,-0.268496,0.064379,-0.384884,-0.012693,0.085576,0.086080
0.101739,-0.077563,0.058070,0.154220,-0.235565,0.145334,0.189654,0.135235,0.268193,-0.184769,-0.373648,0.108125,-0.081444,0.351277,0.339608,0.322704,0.344465,0.062615,0.091882,-0.296170
0.045662,0.138928,-0.112817,-0.320154,-0.301155,0.000978,0.013312,0.396792,0.247308,0.057739,0.202830,0.311410,-0.238711,-0.002269,0.177500,0.318291,0.192106,0.172145,0.253794,0.302831
-0.272200,0.226971,0.225786,0.196656,0.161298,-0.246743,0.262558,0.287627,0.222010,0.219222,-0.251303,0.202373,-0.227077,-0.210033,0.221551,0.151877,0.273031,-0.156438,-0.205593,0.188685
-0.205524,-0.232994,0.189080,-0.199955,-0.219963,0.112312,-0.262334,0.261575,-0.274960,-0.267574,-0.218182,-0.277237,0.184090,-0.161817,0.130026,-0.207576,0.297527,0.211186,0.183165,-0.266646
0.255184,-0.166783,-0.172261,-0.011068,-0.176093,0.214462,-0.300099,-0.414687,0.329222,-0.255018,0.174215,-0.240141,-0.196093,0.063301,-0.021519,-0.203424,-0.295096,0.065427,-0.292462,-0.124906
-0.323621,-0.201691,-0.215443,0.204983,-0.309908,-0.171975,0.225813,0.169273,-0.253636,-0.217657,-0.247265,0.250614,0.169123,0.147628,-0.140092,0.343017,-0.222886,-0.177494,-0.169308,0.166458
-0.120987,0.040795,-0.059175,0.357277,-0.202134,0.295868,-0.326727,-0.037025,-0.276476,-0.227083,0.302944,0.149910,-0.008032,-0.286433,-0.249373,-0.143725,0.264164,0.121914,-0.298341,-0.187546
0.269891,0.309180,0.148886,0.142898,0.155005,0.184092,0.331228,-0.029074,0.093413,-0.045612,-0.033415,0.347073,-0.341919,-0.226190,-0.314257,-0.224278,0.224308,0.171510,-0.242530,0.180123
-0.245290,0.409633,0.307169,-0.159964,0.115714,-0.273010,-0.308478,-0.148540,0.245522,-0.342610,0.261602,0.181700,-0.064589,0.229534,-0.154680,0.198957,-0.110730,0.011108,0.164112,0.090263
0.256052,-0.217164,0.272522,0.099990,0.131354,0.096097,-0.205984,-0.075267,-0.297875,-0.375866,0.247789,0.399530,0.038278,0.356567,-0.113906,0.121186,-0.197846,-0.007550,-0.124083,-0.257949
-0.272348,0.276649,0.015591,-0.257626,-0.214665,0.115370,0.260797,0.255516,0.002732,-0.260304,-0.245949,-0.232626,0.206101,-0.231175,0.280387,-0.163713,-0.164503,-0.268872,0.234460,0.227923
