-0.235406,0.228739,0.172856,0.297384,-0.197983,0.148709,0.201473,0.367424,-0.278362,-0.247388,0.073325,-0.118115,0.185474,0.247060,0.096567,0.303184,0.050400,0.178026,-0.329136,0.199449
-0.028091,-0.296936,0.217660,-0.088813,-0.226081,0.191784,0.077962,0.404830,0.018136,-0.081292,-0.264962,0.249145,-0.173906,-0.149479,0.339057,0.255604,0.278602,-0.012481,0.282152,0.261603
-0.260592,-0.236839,-0.092193,0.261986,0.025740,-0.083645,0.228744,0.268143,0.336450,-0.335047,0.095057,-0.064627,0.353118,-0.237280,-0.238707,-0.055351,-0.063876,0.148716,0.287668,-0.279865
-0.511888,0.140015,0.158242,-0.186185,-0.083488,0.156549,-0.167690,-0.132091,-0.510019,0.175066,0.067076,0.042721,0.302143,0.035190,0.040138,0.029601,-0.354367,-0.082200,-0.217201,0.099993
-0.251035,0.302517,-0.306780,-0.170630,-0.241973,-0.279487,-0.207809,-0.206628,0.081125,0.022640,0.217955,-0.185606,-0.258352,-0.152020,0.318048,-0.099998,-0.305160,0.290716,0.178467,-0.012102
-0.339894,0.169297,0.427782,-0.062276,0.045260,0.163592,-0.230144,-0.137011,0.129449,0.317401,-0.294946,0.017996,-0.345751,-0.071409,0.035606,-0.225806,0.281914,0.285544,-0.123910,-0.101516
-0.307773,-0.210961,-0.136439,-0.245157,-0.235392,-0.305837,0.247526,0.395841,0.289808,0.288524,-0.155826,-0.086090,0.203913,-0.047426,-0.179192,0.277462,0.022358,0.108877,-0.175040,-0.142486
0.164789,-0.080668,0.307918,-0.311254,-0.016908,0.132182,0.279714,-0.181229,-0.178381,-0.261415,-0.222454,0.317684,-0.288558,-0.155295,0.176175,0.294602,-0.293172,0.058156,0.070133,0.275273
-0.024026,-0.069686,0.335411,-0.026440,-0.070137,0.322709,0.010360,-0.264051,0.249957,-0.194917,0.470540,0.347390,-0.002739,0.023463,-0.137804,-0.322604,-0.271031,0.091240,0.233236,-0.010725
0.000429,0.185064,0.113697,0.114200,0.150364,-0.103731,-0.320424,0.179574,-0.094891,0.268076,0.324361,-0.310910,0.136909,0.283473,-0.351901,-0.292718,-0.222598,0.110866,0.341709,-0.039062
0.060544,-0.033797,0.236582,0.130287,0.352723,-0.356207,-0.260463,-0.276628,0.183752,-0.275863,-0.082615,-0.129575,0.020818,-0.382075,-0.003063,0.286315,0.233264,-0.311619,-0.052961,0.101890
-0.130421,0.311592,0.112799,0.255294,-0.345656,0.137461,-0.027241,0.278402,0.490601,-0.024539,0.353115,0.315886,-0.122259,0.202211,-0.139396,0.082429,0.045874,-0.100216,0.037013,0.173303
0.282957,-0.201421,-0.057312,0.218954,0.094510,0.044272,0.264308,-0.110691,0.200199,0.274676,0.247276,0.329306,-0.270951,0.245917,0.156026,0.313497,-0.222030,-0.300227,-0.116781,-0.201090
0.197212,0.101842,-0.130631,-0.141936,-0.253118,0.199428,-0.342862,-0.063956,0.161199,0.113226,-0.113814,-0.416113,0.163706,0.324703,-0.134500,0.344495,-0.149236,0.271234,0.010607,-0.313339
0.110785,0.286332,0.290121,-0.231657,-0.273253,0.202356,-0.248013,-0.045966,0.310193,-0.069032,0.305598,-0.242307,0.254284,0.261133,0.293549,0.129764,0.208699,-0.227808,0.032024,0.056932
0.145481,0.132095,-0.186541,0.295957,-0.252774,-0.312938,-0.121816,0.389822,0.212571,-0.129817,-0.224840,0.064630,-0.301967,-0.079011,-0.204913,0.323155,-0.211289,0.236856,0.219615,0.027989
0.313755,0.024110,0.311851,-0.105943,-0.169085,0.178604,-0.282654,-0.216026,0.286533,0.121550,0.365702,-0.040678,0.334261,0.215503,0.183796,0.101303,-0.312803,-0.196690,0.183232,0.029349
-0.334337,0.154462,0.378039,-0.008932,0.125574,0.273185,-0.256244,-0.405578,0.158024,-0.010370,-0.068372,-0.309688,-0.228516,0.075120,-0.035315,-0.305658,-0.028172,0.035219,-0.312275,0.151878
0.249889,0.254276,-0.223305,0.209214,0.137561,-0.231089,0.232468,0.306423,-0.258365,-0.235434,0.160227,-0.154890,0.225278,-0.258586,-0.256929,0.235200,-0.095925,0.144500,-0.225649,0.259247
0.257062,-0.326877,-0.071879,0.274197,0.202936,0.253562,-0.002227,0.332482,-0.289374,0.182945,-0.021154,0.218678,0.231666,0.277906,0.229600,-0.235702,-0.142536,-0.295196,-0.089878,-0.102534
0.205724,-0.010194,0.234472,0.030976,0.071246,0.129322,-0.055617,-0.410304,0.099832,0.147830,-0.324293,-0.355785,0.400104,0.197954,-0.351700,-0.230193,-0.037472,-0.065231,-0.214879,0.130547
-0.343599,-0.027521,0.074685,0.111360,-0.340059,0.159962,-0.304068,-0.186191,-0.076582,-0.238539,-0.147808,-0.095702,-0.121320,-0.224212,-0.361369,-0.256377,0.135211,0.259859,-0.283542,-0.271236
0.318142,-0.075817,-0.257812,-0.320129,-0.015656,0.214672,-0.317559,-0.158723,-0.130816,0.008780,0.244129,-0.084924,-0.468054,0.282989,0.289052,-0.057683,0.021318,-0.206681,-0.096749,0.170745
-0.170040,0.075275,-0.253738,0.231554,-0.275411,0.196006,0.248993,-0.115619,0.214688,-0.274943,-0.234617,-0.234255,0.217410,-0.270814,-0.243456,0.135133,0.165895,-0.271789,0.251866,0.251423
0.234980,-0.261605,0.181203,-0.165301,0.257958,-0.252868,-0.240183,-0.080618,-0.233791,0.272587,0.060925,-0.194835,-0.243616,-0.238753,-0.211240,0.207885,-0.185200,0.265673,-0.266569,-0.265992
-0.331516,0.254086,0.258457,0.104310,0.003679,0.066950,-0.297963,-0.327755,-0.200489,-0.348322,-0.075998,0.390280,0.017402,-0.063000,0.042209,0.117268,0.070464,-0.250812,-0.124990,-0.352475
0.221719,-0.243678,-0.371578,-0.058293,-0.275602,0.325716,-0.102450,-0.244603,-0.079987,-0.097890,0.249122,0.160880,0.166091,0.303265,-0.237416,0.212853,-0.183834,0.188734,-0.129061,0.293929
0.126878,-0.183073,-0.282775,0.179094,-0.043530,-0.106777,0.353874,0.070490,0.344982,-0.342621,0.265325,-0.384098,-0.245441,-0.068058,0.184139,-0.048814,0.244000,-0.226529,-0.119510,-0.119291
-0.209377,0.068023,-0.320036,-0.279975,0.122627,-0.076852,0.193554,0.389579,0.189987,-0.314056,-0.037438,-0.139966,-0.212811,0.171508,0.325461,0.245593,-0.146964,0.233590,0.216300,-0.202324
0.068164,0.365117,-0.098685,-0.239929,-0.293233,0.029369,0.383209,-0.179731,0.100667,0.030520,0.327212,0.262485,-0.148775,-0.334150,0.005527,-0.244035,0.026335,-0.045328,0.378486,0.048298
-0.353957,-0.357478,-0.114274,-0.214651,-0.111794,-0.309453,-0.001127,-0.300125,-0.206058,-0.122996,0.326934,0.291343,0.018670,0.341156,-0.146044,0.161746,0.160063,0.002513,0.223889,-0.010966
-0.240975,0.229927,-0.258450,-0.259900,-0.209235,0.217003,-0.229204,-0.164226,0.243918,0.196463,-0.238393,-0.209889,0.090453,-0.257446,-0.256154,0.162482,0.279666,-0.155097,-0.243857,0.239075
