0.066077,0.224481,-0.307825,-0.105413,-0.225973,0.304000,-0.318398,-0.275448,0.071964,-0.134097,-0.078130,-0.108447,-0.146605,-0.219208,0.254414,-0.267931,0.248105,0.204917,0.329690,-0.243553
-0.184688,-0.273319,-0.314596,-0.201459,0.158087,-0.200932,-0.166285,-0.298299,0.165664,0.054149,-0.246570,0.304906,-0.230403,0.191844,0.185965,-0.331813,-0.219509,-0.216526,-0.182806,-0.149778
-0.061064,0.315033,-0.137881,0.253953,-0.015261,-0.162439,-0.025663,-0.049852,-0.263490,-0.152931,0.280320,0.308470,0.048094,-0.372764,0.202687,-0.058248,0.306985,-0.382450,-0.055017,0.296539
-0.367837,0.246976,0.554445,0.055082,-0.084530,-0.092475,-0.136088,0.062761,0.205731,-0.231387,-0.289774,0.306521,-0.129703,-0.061553,-0.008541,-0.144120,0.354844,-0.017024,-0.096466,0.065915
-0.149885,-0.133585,0.130503,0.327654,-0.322291,-0.192751,-0.068062,-0.132961,-0.205566,-0.295210,-0.159653,-0.124350,0.322705,-0.156559,0.279543,-0.273507,-0.131930,-0.306378,-0.329606,-0.009755
-0.049048,-0.060978,-0.299208,0.340512,0.333815,-0.319093,-0.165769,-0.006459,0.215763,-0.111656,-0.149252,0.344011,-0.229711,0.373719,-0.003050,0.238258,-0.095193,0.016801,0.297971,-0.025469
0.025391,0.185573,0.203186,0.267022,-0.262060,-0.058840,-0.136051,-0.156320,0.238512,0.149394,-0.027605,-0.318230,0.297745,-0.269904,0.192412,-0.322028,0.336254,-0.183362,0.147558,-0.292103
-0.069829,-0.094389,-0.327952,0.320083,-0.316085,-0.199835,0.309137,-0.227362,0.056082,0.228689,-0.000894,-0.124980,0.356439,0.171665,0.154212,-0.093031,-0.351638,0.055744,-0.223221,-0.229135
-0.070948,0.152718,0.327066,0.206171,-0.400930,-0.129142,0.306249,0.059614,0.254461,0.264432,0.364966,-0.169085,-0.213257,-0.014204,0.005503,0.104981,-0.121923,-0.028395,0.286434,-0.310626
0.195561,0.430121,-0.263091,-0.044461,0.131090,0.240821,0.121692,-0.121825,0.019428,0.258746,0.332136,-0.020587,0.309434,-0.489052,-0.254242,0.105523,-0.006987,0.068852,0.019067,0.082555
-0.040112,0.131093,0.362228,-0.213300,-0.254306,-0.338979,0.272182,0.020929,0.117007,-0.263151,0.183584,0.351204,0.068162,0.312650,-0.225164,0.141269,-0.122709,-0.318168,-0.145076,-0.005139
0.393970,-0.068781,0.270220,-0.022451,-0.119031,0.052132,0.198824,0.053159,0.390195,0.226723,0.237001,0.446528,0.113970,0.285260,-0.018912,-0.318887,-0.095038,-0.124088,0.139973,0.087446
-0.262781,0.325656,-0.088545,-0.230580,0.133195,-0.220208,-0.214534,0.235977,-0.262345,-0.221848,0.164214,0.217662,0.231651,-0.040098,-0.157786,-0.360172,0.311511,0.190873,0.243141,-0.032862
0.498031,0.059669,-0.153197,0.276538,-0.154812,-0.275813,-0.262434,0.017043,-0.196765,0.389931,-0.296798,-0.260331,0.160496,-0.031859,-0.017996,-0.101260,-0.168272,0.158159,0.007437,0.204694
-0.109770,0.349809,-0.304128,0.143601,-0.184168,-0.116571,0.196762,0.268098,-0.166747,-0.108279,0.416810,0.000152,-0.116853,-0.294606,-0.253361,0.128855,-0.017698,-0.103421,-0.339616,-0.271145
0.242404,-0.248045,-0.239757,-0.223027,-0.291185,-0.233709,-0.170396,-0.239688,0.045807,0.328932,-0.215364,0.142840,-0.087627,-0.125978,0.187800,-0.121621,0.348183,-0.202805,0.192606,0.310561
-0.076069,-0.233554,0.413527,0.197467,0.131020,-0.306887,0.286526,0.072327,-0.031774,-0.231115,0.269867,0.248514,0.058286,0.230269,-0.283529,-0.224910,0.256468,0.256571,0.033985,0.147747
-0.036193,-0.157753,0.329292,-0.205023,-0.289952,-0.301986,0.112872,0.092613,-0.146179,0.011980,0.417050,-0.179596,0.236443,-0.118158,0.105943,-0.074083,-0.269602,0.406105,-0.269349,0.048165
0.267818,-0.201989,-0.170195,-0.223948,-0.252962,-0.125445,-0.285313,0.236509,0.237386,0.159831,-0.277040,-0.223202,0.159015,0.260505,0.267085,0.156466,0.260563,-0.152685,-0.248648,-0.202051
-0.208704,0.128548,0.005825,0.341589,0.138361,0.320578,-0.218882,0.065219,-0.190658,-0.316133,0.326066,0.268169,0.290876,0.193361,0.087843,-0.188010,0.269711,-0.186923,-0.178311,0.173377
0.435584,0.090924,0.451182,-0.079298,0.280743,-0.215770,-0.031459,0.176643,0.210046,0.265660,0.037963,0.296840,0.159909,-0.258621,-0.000987,-0.009978,-0.063304,0.250300,0.264069,0.037226
-0.337690,-0.057884,-0.209761,0.232579,-0.276617,0.204494,0.182646,-0.328635,-0.182037,0.112530,-0.043532,0.200309,0.313692,-0.220314,0.134755,0.322328,-0.226860,-0.228041,0.212759,-0.138847
0.434036,0.069137,0.100719,-0.055537,-0.226489,0.063854,0.097515,0.157254,0.139647,0.171900,-0.049009,-0.513065,0.112727,0.314064,0.036631,-0.327168,0.231225,-0.207704,0.268638,0.028395
-0.243483,0.235301,-0.243615,-0.259416,-0.183033,0.268824,-0.244741,-0.137081,-0.235347,0.182921,-0.220271,-0.260324,0.127781,-0.252058,0.248532,0.216147,-0.097797,0.204544,-0.233920,0.273205
-0.034429,-0.228223,-0.277737,0.026101,-0.241880,-0.243503,-0.268984,-0.297993,-0.256023,-0.235946,-0.208235,0.200036,0.121896,0.222903,-0.209825,0.158304,0.310392,0.258753,0.243563,-0.170624
-0.086060,-0.018372,0.337972,0.286623,-0.253579,-0.283028,0.092633,-0.172790,-0.290591,0.147007,-0.007046,-0.261198,-0.097657,0.315982,-0.277531,0.354895,-0.096818,-0.309742,-0.142240,-0.028350
0.085065,0.156831,-0.041875,-0.255825,-0.063324,-0.115744,0.073281,-0.078901,-0.247919,0.360519,-0.337560,0.271114,0.324693,-0.229974,-0.309701,0.152936,0.352722,0.200176,-0.163804,0.155388
-0.141549,-0.309364,-0.043959,-0.357375,-0.051932,0.275691,-0.090773,0.083525,0.169971,-0.227006,0.341109,0.100406,0.181206,-0.266398,0.059616,-0.378373,-0.119854,0.115815,-0.295008,-0.297488
0.567897,-0.314608,0.071928,0.000150,-0.252302,-0.037474,-0.263126,-0.173294,-0.079709,-0.134011,0.186103,-0.208764,0.027676,-0.084517,-0.251490,-0.091221,-0.191438,-0.185102,-0.232903,-0.319144
-0.063117,-0.039463,-0.312982,0.344200,0.376286,0.160125,-0.061201,0.089860,0.023519,-0.149233,0.330516,0.259096,0.167719,-0.117006,0.331302,0.237457,-0.270512,-0.070806,0.311740,-0.128224
-0.070544,0.073603,-0.239879,0.248497,0.058936,0.329816,0.256760,0.457343,0.179621,-0.419048,0.390686,0.018596,0.093662,0.187156,-0.045628,-0.039891,-0.108237,0.116860,0.146320,-0.166950
-0.201798,0.260666,0.268183,0.197011,0.277036,-0.029608,0.222917,-0.203363,-0.242706,0.157394,0.134242,-0.288203,-0.225907,0.164021,0.140362,0.284077,-0.148279,-0.242298,0.260263,0.316844
