-0.245048,0.217258,0.192688,-0.132284,-0.155316,-0.194337,-0.336224,-0.284030,-0.247258,0.384005,0.275323,-0.091940,0.279845,-0.007318,-0.187128,-0.173959,0.113161,0.171458,0.303971,-0.106838
-0.125223,-0.159264,-0.067742,-0.322846,0.183600,-0.210276,-0.331915,-0.299353,-0.125969,0.223855,0.291531,0.039382,-0.368262,-0.378729,-0.120505,-0.085572,0.108571,-0.143686,0.201297,-0.214617
-0.227940,-0.252085,0.074712,0.364556,0.263012,-0.226100,0.253588,0.271345,-0.002444,0.003743,0.302902,0.304073,0.143912,0.209779,-0.131688,-0.207098,-0.146627,0.315957,-0.119713,0.207225
0.397986,0.373690,0.270704,-0.048882,-0.169083,-0.389693,0.081500,-0.050893,-0.142214,-0.269634,0.094715,0.115313,-0.233161,0.019693,0.074783,0.256218,0.350300,0.058988,0.010081,-0.262930
-0.135297,0.138654,-0.387901,-0.012987,-0.228413,0.322916,-0.012290,0.333922,0.338661,-0.231980,0.235516,-0.156133,-0.253793,-0.269530,0.029725,0.024935,-0.104345,0.095817,0.262564,0.260402
-0.112730,-0.325736,0.029807,-0.155969,-0.121819,0.331902,-0.270201,-0.184828,-0.260398,0.016541,0.356811,-0.221859,0.185985,0.299430,-0.311603,0.107652,0.226349,-0.048757,0.208846,0.221419
-0.157632,0.215525,-0.197267,-0.203319,-0.079537,0.367281,0.082163,0.372519,-0.337854,-0.371774,-0.199623,-0.019453,-0.131701,-0.272382,0.098194,0.172487,-0.102163,0.154817,-0.135563,0.292237
-0.238066,0.267396,-0.249785,0.329615,-0.299829,0.089727,-0.018312,-0.217342,-0.045012,0.173807,-0.133832,0.300698,-0.098407,-0.075088,0.183931,0.239700,0.389016,0.222248,-0.326377,-0.028995
-0.072786,0.003371,-0.087788,-0.320007,0.256110,0.009140,0.168979,0.269989,0.379737,-0.163864,0.261835,-0.243728,-0.336450,-0.161649,0.002170,-0.256087,0.293080,0.156501,-0.163793,0.276248
0.043879,-0.182233,-0.262689,0.306942,-0.160106,-0.310432,-0.118192,-0.087549,-0.140933,0.324205,0.095114,-0.135145,0.111057,0.413889,0.268414,0.139926,0.379566,-0.224089,0.018050,0.189351
-0.133067,0.192939,-0.215377,0.285266,0.150458,0.192856,-0.083073,0.239048,-0.293065,-0.165909,0.356953,-0.137526,0.021860,0.378915,-0.030128,0.048274,0.206222,-0.231218,-0.372694,0.226943
0.681020,0.114347,0.286511,-0.059658,0.012363,-0.139681,0.089591,-0.028391,0.361743,-0.299623,0.108038,0.202714,0.214714,0.199579,-0.034623,0.153943,0.028115,0.126387,0.010554,-0.088820
0.311754,0.271900,-0.237967,0.201138,0.217007,0.206481,0.149592,0.212940,-0.242248,-0.087308,-0.232053,-0.264319,0.284949,-0.206413,-0.145431,-0.209659,0.125020,-0.205496,-0.260635,0.263873
0.326984,-0.372508,0.250914,-0.181980,0.192201,-0.249176,-0.243768,0.179934,0.040954,0.053310,-0.252474,-0.328857,0.288400,-0.173145,-0.085364,0.273655,-0.110527,-0.171689,-0.157594,-0.170732
-0.013131,0.186342,0.227723,-0.019236,0.042145,-0.316128,0.304645,0.194685,0.118776,-0.325792,-0.057126,0.284385,-0.223866,0.173196,0.234144,0.152485,0.383809,-0.224341,-0.289257,0.191233
0.290131,0.060712,-0.208558,-0.288659,-0.244186,-0.228469,-0.208151,-0.266594,-0.259701,0.330902,0.123769,-0.035507,0.323341,-0.116711,0.121296,0.240190,0.242163,0.169917,-0.239313,0.173817
-0.351851,0.337245,0.134351,-0.246788,-0.327875,0.027018,-0.129003,0.070660,-0.078909,-0.077002,0.044985,-0.266470,-0.062636,0.374941,0.275608,-0.226701,0.158157,0.317937,-0.148040,0.220431
-0.084655,0.196803,-0.268402,0.203105,0.131366,0.199917,0.049780,0.384857,0.169980,-0.177018,-0.347307,0.324559,0.259618,-0.167311,-0.041375,0.195752,0.391633,-0.131144,0.100964,-0.174958
-0.290979,-0.195678,-0.258507,-0.252570,0.355823,-0.011524,-0.263451,0.278285,0.326156,0.149875,-0.162211,0.111988,-0.193680,-0.105119,0.223226,0.280159,0.167597,-0.116313,-0.084173,0.282055
0.168535,-0.203561,-0.154471,0.170240,0.332576,-0.195071,0.251245,-0.207368,-0.331406,0.352851,-0.009320,0.179493,0.308716,-0.192831,-0.011248,0.302703,0.057536,-0.086821,0.074929,-0.339390
0.491010,-0.189517,-0.064257,0.152034,-0.035495,-0.058030,0.110719,-0.423390,0.169831,0.437184,0.081073,0.235070,0.295888,0.090494,0.067604,-0.231030,0.241231,0.050053,-0.023742,-0.053440
-0.330648,0.296819,-0.241891,0.318224,-0.049042,-0.192623,-0.132326,0.364415,-0.211835,-0.046996,0.347813,-0.097654,-0.090372,0.145993,0.240315,0.061183,0.103323,-0.281230,-0.294691,-0.088304
0.337216,0.343253,0.172031,-0.013831,0.019945,-0.259338,0.120484,0.205363,0.324221,0.273971,-0.335744,0.142164,-0.170929,0.247400,0.025206,0.233330,0.212193,0.063695,0.306906,0.111544
-0.046421,-0.280517,-0.301500,0.256071,0.217943,0.205047,-0.098413,-0.292440,-0.219505,-0.255313,-0.168326,0.216473,0.236017,-0.147564,-0.299779,-0.190256,0.211623,0.057928,0.236050,-0.286296
0.049972,-0.241067,-0.167557,-0.139995,-0.238765,-0.144904,-0.226713,0.170953,0.147978,-0.282568,-0.275482,-0.281185,0.209187,0.196933,-0.259487,-0.249637,-0.307170,-0.267373,0.232661,0.210289
-0.098919,0.268316,-0.079124,0.301804,0.148818,0.409664,0.151494,-0.016682,0.051975,-0.227185,0.390364,0.180357,-0.364771,-0.235217,-0.165904,0.098488,0.018406,0.234435,0.289257,0.062220
0.457648,0.198407,0.252971,-0.159675,0.222955,-0.242597,0.125143,-0.038515,-0.093542,0.255178,-0.167142,-0.293187,0.253257,-0.311424,0.118257,0.009884,-0.189984,-0.208125,0.073343,0.297050
-0.162756,0.197609,0.233175,0.268409,0.061208,-0.180126,0.315533,-0.114804,0.332400,-0.215478,-0.261762,-0.249283,-0.060359,0.090459,-0.052979,0.328051,-0.293553,0.074366,0.346467,0.193751
-0.144416,-0.057772,0.161267,-0.184553,0.236666,-0.343333,-0.243819,-0.094876,-0.309251,-0.127329,-0.357638,0.176487,-0.146372,0.083803,0.327527,-0.229313,0.229832,-0.087859,0.391277,-0.023590
-0.380468,0.031327,0.240902,0.085443,0.353929,-0.021939,0.238998,0.165912,-0.228201,0.052758,-0.127895,0.360437,-0.232929,0.219090,0.082466,0.327119,0.297129,-0.002911,-0.215543,0.163054
-0.336800,0.038041,0.272436,0.315569,0.202307,0.210313,0.371162,0.199910,-0.301570,-0.181908,0.232201,0.298416,0.068448,0.115265,-0.046064,-0.132567,-0.308434,-0.003280,-0.125975,0.180961
-0.192861,0.202780,-0.112975,0.253916,0.241647,-0.295031,-0.250754,-0.252987,-0.268865,0.003980,-0.196519,0.280268,-0.034301,0.192783,-0.231989,0.283988,-0.246683,0.238017,-0.172754,-0.249997
