0.197234,-0.226258,-0.061799,0.121534,-0.438819,0.272278,-0.035683,0.377990,-0.186810,0.013036,-0.066730,0.279767,0.178639,-0.173390,0.240895,0.060366,-0.106076,0.263684,0.397482,0.015967
-0.108840,0.030798,-0.068707,-0.224212,0.176820,-0.191332,-0.221616,0.412265,-0.320942,-0.040285,0.110177,0.140901,0.365802,-0.291302,-0.215967,-0.069435,-0.254488,-0.232264,-0.159819,0.307021
0.078700,-0.062256,0.288246,0.367599,0.221660,0.224053,-0.323533,0.159954,-0.295846,-0.150572,-0.182910,0.089837,-0.295860,-0.177404,-0.216463,-0.270254,-0.137194,0.333298,0.144621,0.026008
0.169432,-0.311746,-0.323066,-0.327448,0.360871,0.250494,-0.113284,0.139745,0.300666,0.124157,0.286692,0.239591,0.026442,0.103351,0.137897,-0.355560,0.134867,0.084515,0.079683,0.057138
0.003967,0.028892,0.125394,-0.107315,0.283412,0.082268,0.336412,-0.157050,0.036469,-0.014645,0.296539,0.004738,0.329410,-0.117978,-0.108750,0.383568,-0.396913,0.050665,0.387442,-0.256673
0.022616,0.018698,-0.202913,0.356978,0.249987,-0.138725,0.233557,0.181459,-0.193302,-0.070090,0.427071,-0.238222,-0.028083,-0.250296,0.265577,-0.098185,0.220165,0.242401,0.060294,-0.354154
-0.172055,-0.298598,-0.037327,-0.224417,-0.266546,-0.045431,-0.265423,0.398063,-0.242389,-0.104534,-0.342903,-0.033472,-0.050599,0.193240,0.077102,0.317854,0.285661,0.098850,-0.158230,-0.275311
0.214412,0.381538,-0.013894,-0.113090,-0.131488,-0.288560,0.390348,-0.174891,-0.309011,-0.284004,0.291298,0.211000,0.266182,-0.058857,-0.124861,0.126702,-0.032151,-0.177706,0.110570,-0.235878
0.308813,-0.134453,0.030107,-0.111779,-0.241432,-0.230209,-0.285122,-0.296391,0.125272,-0.068448,0.320900,0.260102,-0.265450,0.090413,0.173833,-0.323183,-0.061730,0.224802,-0.207522,0.301672
0.148327,-0.278503,0.174831,0.286023,0.296597,0.336755,-0.124980,-0.058500,0.291528,0.381090,-0.032736,0.044891,0.001447,0.080744,0.208070,0.362612,0.110936,-0.112800,0.265951,-0.239325
-0.126663,0.314726,0.342100,0.094746,-0.224338,0.079125,0.259069,0.154451,-0.355156,0.330478,-0.185603,0.199052,-0.165085,-0.219177,0.001062,-0.024630,-0.309508,-0.134091,0.331990,0.044949
-0.046202,0.038718,0.099474,0.140531,0.157895,0.163789,-0.044254,-0.382541,-0.372971,0.373772,0.322843,-0.403436,-0.042843,-0.149076,0.106835,0.283178,-0.102610,-0.294723,0.086644,-0.017539
-0.253792,-0.104739,0.008051,-0.321468,-0.173633,-0.264738,0.038627,-0.046801,0.135534,0.192594,-0.177427,-0.262709,0.202024,-0.284686,-0.268463,0.383144,-0.297740,0.263741,-0.232543,0.091224
-0.290287,-0.149704,0.218884,-0.098958,0.012548,0.025775,-0.318781,-0.260457,0.318616,-0.330521,-0.048147,0.195835,0.301231,0.264949,-0.014822,0.342222,0.079686,-0.238896,-0.246197,0.107710
-0.241686,-0.095447,-0.205445,0.076474,-0.256810,0.260059,-0.339574,-0.238276,0.177489,0.191738,0.221046,-0.161023,0.099099,-0.307684,-0.192315,-0.064429,-0.335522,-0.252024,0.129345,-0.311851
0.269034,0.137352,0.168708,-0.219400,-0.178143,-0.061262,0.322583,0.366133,0.255448,0.288520,-0.170375,-0.198201,-0.228846,0.272261,-0.190595,0.110260,0.140745,-0.206115,0.181916,-0.267169
0.024504,0.024153,-0.195184,-0.266855,-0.161688,0.345028,0.216187,-0.350693,-0.101067,-0.065728,0.336319,0.209852,-0.266865,0.167140,-0.109385,-0.230481,0.322560,0.092675,0.352970,0.038130
0.030377,0.079637,-0.172723,0.163950,-0.227019,0.200842,0.341294,-0.237698,-0.329247,0.297183,-0.141621,0.264363,0.259784,-0.124737,-0.013141,-0.200572,0.335944,-0.294759,0.117303,-0.218058
-0.223530,0.219492,0.106115,-0.207730,0.314353,-0.288536,-0.095121,0.360085,-0.193559,-0.103985,0.248288,0.200897,-0.145893,0.269724,0.236771,-0.353526,0.255122,-0.187690,0.020894,0.023498
0.004979,-0.092505,0.161361,-0.138692,0.286038,0.190852,-0.335995,0.322022,0.017818,0.262796,0.226390,0.273545,-0.187204,0.025723,-0.173282,0.370876,0.089371,0.223649,-0.332661,0.209529
0.218964,0.004647,-0.402225,0.151042,0.265182,0.043494,0.099159,0.276488,0.025424,0.263909,0.327366,0.093264,0.080542,0.238127,-0.273095,0.031932,-0.360205,0.076538,0.160102,0.350358
-0.076268,0.362833,-0.249832,-0.249329,-0.189921,0.092451,-0.108259,0.152118,0.310182,-0.145856,0.164875,0.209781,0.151676,-0.017962,-0.264723,0.268985,0.350685,-0.244804,0.347706,-0.015196
-0.396851,0.071558,0.254139,0.225163,0.343653,0.336134,0.003064,0.176595,0.254541,0.144496,0.043971,0.140230,-0.158586,0.196436,0.175392,0.279104,0.276848,-0.015289,0.036110,0.319337
0.100409,0.180866,-0.240130,0.250979,0.119453,0.228901,0.225422,-0.262977,-0.259888,-0.284303,-0.215701,-0.152635,-0.132783,0.299129,0.304560,-0.077845,-0.132998,-0.268202,0.278614,-0.241968
0.247863,0.244529,0.230290,-0.261243,0.230050,-0.142759,-0.225382,-0.130720,0.225072,0.247946,-0.230925,0.250768,-0.164616,0.180988,-0.209325,-0.234801,0.243238,0.244855,-0.248441,-0.219793
0.294547,0.183918,-0.059647,-0.195955,-0.325591,-0.113095,0.007930,-0.146580,0.154472,0.031676,-0.051764,0.315864,-0.271033,-0.328210,0.107900,-0.035819,0.384991,-0.360047,0.191707,0.247159
0.087807,-0.035655,0.014769,-0.160558,-0.244465,-0.301723,0.060482,0.394461,-0.330297,-0.120000,-0.154534,0.304056,0.341005,0.313673,-0.125978,-0.246261,-0.248206,-0.002018,-0.243063,-0.057068
-0.325604,-0.188443,0.267480,0.282711,-0.297553,0.082928,-0.229518,-0.046992,0.069284,-0.065768,0.319127,-0.009744,0.265775,0.121516,-0.378998,0.201199,-0.298702,0.230116,0.106273,0.150475
-0.305348,-0.044074,0.282247,0.218872,0.052535,-0.261960,-0.222340,0.322555,0.067573,0.327949,-0.195981,-0.296571,-0.205215,-0.246915,-0.028772,-0.220132,0.151940,-0.271148,-0.249519,0.051765
-0.003767,-0.051730,-0.132761,0.239715,-0.202338,0.080150,0.140281,-0.309760,0.356741,-0.287164,0.358067,0.188285,-0.014525,-0.255535,0.003947,-0.138115,0.130035,0.309187,0.370167,0.227391
-0.188127,-0.356555,0.132740,0.139021,0.041057,-0.116267,-0.360718,-0.037493,0.070938,-0.059489,0.432135,0.117374,0.092252,0.385964,0.145808,-0.035398,0.186675,0.139845,0.163415,-0.428502
0.259668,-0.181138,-0.253163,-0.273919,-0.178071,-0.140263,0.173953,-0.115564,0.269053,-0.187821,-0.170564,0.250692,-0.200306,0.219520,0.255700,-0.244084,-0.221051,0.247047,0.245870,0.287085
