0.298866,0.192215,0.112097,-0.024762,-0.197047,-0.259165,0.283688,0.321313,0.197117,0.288143,-0.150272,0.103136,0.311261,-0.209914,-0.180164,0.197492,0.263139,0.190328,-0.243499,-0.196396
-0.275705,0.317062,0.265797,0.288950,-0.238421,0.171576,-0.094909,-0.248714,-0.187282,0.094110,-0.156756,-0.215477,0.277241,-0.057262,0.108852,-0.285704,0.208000,-0.215762,0.194146,0.310012
-0.310714,-0.227243,0.231107,0.143231,-0.303133,0.226062,0.256695,0.169058,0.202653,-0.029902,0.323443,0.322118,0.115623,-0.257795,-0.102279,0.254261,0.251574,0.215568,-0.093388,-0.129118
0.196207,0.015701,-0.327363,0.141250,-0.306394,0.179143,-0.062965,-0.133792,-0.340818,0.310559,0.395973,0.237845,-0.037051,0.124110,-0.236570,-0.211722,0.089286,0.331592,0.133112,0.084403
0.211137,-0.143273,-0.203582,0.237105,-0.042259,-0.284462,-0.201627,0.213841,0.294884,-0.223068,-0.154616,-0.181082,-0.189414,0.312966,-0.307721,0.283668,-0.309420,-0.224951,-0.102077,-0.094775
-0.344700,0.029813,0.372749,-0.138593,-0.264336,0.148146,0.336431,-0.108406,0.069265,0.201946,0.225009,0.129483,0.181440,0.148221,-0.284359,-0.179507,0.263064,0.018849,0.223120,0.324186
0.258382,-0.122972,-0.222576,0.280598,-0.184102,-0.235142,-0.215292,-0.086979,-0.226247,0.309244,0.018717,0.232749,0.245238,-0.192061,0.304960,0.239582,0.024765,0.252835,0.243733,-0.272073
-0.284552,0.152781,-0.289021,0.128967,0.276353,-0.365203,0.125639,0.273896,0.208324,-0.203454,0.210336,-0.318027,0.080903,0.342682,0.334656,0.012962,0.099536,-0.074485,-0.080961,-0.081553
0.301784,0.117542,0.204273,0.185468,0.267554,0.047717,-0.008947,0.156144,0.163608,-0.218508,0.349880,0.416591,-0.146371,-0.354524,-0.008953,-0.234938,0.347580,-0.031331,-0.126311,0.100237
-0.145355,0.065199,0.159108,-0.182376,-0.093542,0.159863,0.292638,0.145651,-0.060897,-0.329228,0.392882,-0.270750,0.046413,0.333128,-0.220965,-0.145261,0.386555,0.208682,0.228567,-0.082797
-0.207469,0.270432,-0.167910,0.363810,-0.028645,-0.218511,0.074250,-0.204864,0.052036,0.109291,-0.325484,0.231959,0.155105,-0.177704,-0.024475,0.286593,-0.329747,0.294004,-0.308841,-0.154594
0.353429,-0.072956,0.214145,0.096398,-0.030819,0.356089,0.081594,0.309001,-0.111255,0.064537,0.253750,-0.037999,0.397052,0.087780,-0.093697,-0.471976,0.063989,0.199569,0.194348,0.154144
-0.145437,-0.287518,-0.052112,-0.162175,-0.116446,-0.203205,0.187103,0.085955,0.305697,-0.122588,-0.217892,0.353713,-0.073330,-0.335296,0.280226,-0.231455,0.307238,0.314047,-0.182111,-0.112982
-0.116966,0.227348,0.024180,-0.287716,-0.049191,-0.237506,-0.045572,-0.011355,0.077624,0.279837,0.244675,0.257635,0.111098,-0.377065,0.011434,-0.370350,0.282628,-0.331498,-0.021937,0.312402
0.258737,0.248063,0.144246,-0.118910,-0.197667,0.281383,-0.203154,-0.308584,0.202278,0.201472,0.264630,0.266486,-0.084278,-0.300915,-0.114292,0.272824,-0.191834,-0.161141,0.285854,-0.172192
-0.026580,0.052227,0.366590,0.277789,-0.316428,-0.073682,0.193522,-0.122501,-0.272803,0.219658,0.066622,0.304961,0.228966,-0.070989,-0.283792,-0.220740,0.064810,0.123746,0.313408,0.320030
-0.207374,0.049622,0.252300,0.189716,-0.013749,0.262748,-0.306439,0.170399,0.258514,0.281083,0.289173,0.091321,-0.263959,-0.206243,-0.262563,-0.199956,-0.284741,0.207210,0.225808,-0.169670
0.016857,0.236220,0.333696,-0.324753,-0.167732,0.012913,0.087169,-0.191045,-0.240304,-0.108701,0.018481,-0.183012,0.067944,-0.292516,-0.345176,0.158615,-0.223794,0.349015,-0.221016,-0.309955
0.287830,-0.140502,-0.247767,-0.239424,0.210036,-0.162255,-0.179659,0.253942,-0.309551,-0.207596,-0.331098,-0.178562,0.202671,-0.105674,0.168011,0.113473,0.208048,0.202507,-0.238240,0.310916
-0.281766,0.138302,-0.197923,-0.284937,-0.228638,-0.240406,0.189556,0.014551,-0.325522,-0.021776,0.280408,-0.178016,0.270583,-0.099338,-0.207002,-0.238726,0.178562,-0.173084,0.226750,0.349236
-0.369258,-0.014373,0.054474,0.196711,0.062396,0.344151,0.055991,0.123401,-0.299366,0.256994,0.331877,-0.380979,0.160843,-0.031349,-0.001004,-0.067279,0.139146,-0.091764,-0.241755,-0.390540
-0.089831,-0.266499,-0.071583,-0.239281,0.336747,-0.279956,-0.301478,-0.060634,-0.011620,-0.133372,0.281756,0.381345,0.306043,-0.037096,0.012763,0.313125,0.341487,-0.077563,-0.047156,-0.106557
-0.461549,-0.156209,-0.058493,0.177506,0.076273,0.132104,0.196413,-0.065619,0.004769,0.115603,0.355677,0.269616,0.377733,0.057117,0.118745,0.448139,0.204544,0.017470,-0.181498,0.113773
0.225970,0.218271,-0.237557,-0.197433,-0.187461,0.276443,0.142373,0.040692,-0.255321,-0.240429,-0.281241,0.199392,-0.274506,0.220901,0.237223,-0.080936,-0.203555,0.248720,-0.266970,0.262680
0.253414,-0.225107,0.259488,-0.160522,-0.258733,0.220954,0.217900,-0.185688,-0.220341,-0.261593,0.178922,-0.230207,-0.242193,-0.215026,-0.197402,-0.206542,-0.249154,-0.212056,-0.197226,-0.244598
-0.049593,-0.265241,-0.326714,-0.313190,0.337769,0.131335,-0.170403,-0.076047,-0.248398,-0.262355,-0.318500,0.202569,0.052117,0.166002,0.297446,-0.161863,0.000369,0.156905,0.284337,0.181048
-0.232225,0.041396,0.256266,-0.049891,0.192400,-0.181103,0.280240,0.358179,-0.054115,0.252198,-0.297878,-0.176623,0.221722,-0.286813,-0.226067,0.206173,-0.240273,-0.074007,-0.258201,-0.241211
-0.131291,0.309214,-0.202423,0.071177,-0.048669,0.347341,0.239518,-0.242905,-0.230221,-0.155650,-0.199029,0.042262,-0.159657,-0.119983,0.291392,-0.262693,-0.296365,0.141552,-0.265163,-0.333333
-0.069748,-0.171042,0.170342,-0.113030,0.032891,-0.040661,-0.282315,0.302597,0.205459,0.278968,-0.055571,-0.229788,0.264187,0.203762,0.308155,-0.260729,-0.173558,-0.311817,-0.258746,0.324968
0.234658,0.020389,0.254827,0.338293,0.037914,0.160252,0.246005,-0.124239,-0.268833,-0.278353,0.241800,-0.232943,0.252680,-0.171806,0.327390,-0.278216,-0.167075,0.263440,0.062440,0.142906
-0.076812,-0.029689,0.193663,0.110774,0.279418,-0.236705,-0.277624,-0.363660,0.040566,0.220850,0.377419,0.243554,0.054181,0.139531,0.125879,-0.234969,-0.083560,-0.305491,0.377867,0.106207
0.263743,-0.180061,-0.256720,-0.270617,0.225930,0.180756,0.225225,-0.266071,-0.220368,0.267026,0.170547,0.030214,-0.255973,-0.267547,-0.229484,0.137931,0.295965,0.165245,-0.200159,0.200055
