0.320069,-0.147411,0.229280,0.066579,-0.177850,0.164596,-0.183691,0.414350,-0.088519,0.106887,-0.357875,-0.180293,0.192550,-0.023907,0.349210,0.306726,0.158174,-0.224324,0.161374,0.140622
-0.222997,-0.345950,0.134908,-0.074706,0.132441,-0.275954,-0.316632,-0.084194,-0.035098,0.003410,-0.372620,-0.045875,-0.223412,-0.081515,0.127612,0.405357,-0.133513,0.320801,0.074665,0.316402
0.272963,0.286358,-0.198366,-0.114557,-0.017048,-0.285545,-0.034350,-0.230914,-0.111391,-0.286245,0.302618,-0.224799,-0.273779,-0.110970,-0.179160,-0.360238,0.168101,-0.120855,0.297708,0.193908
0.189785,-0.256522,-0.084779,-0.019015,-0.000695,0.166292,-0.073598,-0.016306,0.139735,-0.265987,0.361657,0.440392,0.425177,0.012452,0.118293,0.014336,0.034989,-0.332782,0.211159,-0.300984
-0.265085,0.050818,-0.115912,0.310501,-0.151509,0.241485,-0.273257,-0.336127,-0.078238,-0.244246,-0.173463,-0.016842,-0.295323,0.270651,-0.251352,0.323537,0.135490,-0.144248,-0.291095,0.002847
-0.184210,0.268803,0.357089,0.012707,-0.216741,0.071689,-0.298810,-0.105401,0.202402,-0.121716,-0.177130,0.195799,0.376067,-0.152861,0.227508,-0.128197,0.226842,-0.301496,-0.332889,-0.044418
0.077468,0.259217,-0.345044,-0.298594,0.230222,-0.065646,0.052760,0.385158,0.249027,0.221971,-0.224877,-0.150732,0.059019,0.341336,0.208286,-0.107846,0.232963,0.284287,0.031136,-0.120441
0.010835,0.010416,-0.189340,-0.060858,-0.390937,0.143622,-0.329598,-0.168000,0.382375,-0.321089,-0.176408,0.106629,0.026697,0.303198,-0.045198,0.135322,-0.180806,0.173129,0.167748,-0.392814
0.083416,-0.048005,0.285063,0.152252,0.172990,0.103239,-0.055841,0.143173,0.077290,-0.442140,0.286682,0.437356,-0.056987,0.246417,-0.336534,-0.099357,0.324009,-0.228032,-0.055439,-0.004044
-0.204981,-0.112620,0.451657,-0.416724,0.353787,0.301109,0.121723,-0.018629,-0.041463,0.028644,0.117716,-0.066654,-0.160931,0.180881,-0.213460,0.086226,0.233564,0.345631,0.163526,0.058660
0.072107,0.256063,0.103918,0.280572,-0.356254,0.303125,-0.420046,-0.158517,-0.345782,-0.126552,0.198381,0.001984,0.015437,-0.329287,-0.299636,0.207914,0.013863,-0.049154,0.006653,0.008561
0.252734,0.136844,-0.206909,0.279721,0.151955,0.266817,0.250657,-0.278159,-0.171180,0.108338,-0.311027,0.224848,-0.149694,0.219063,-0.112364,0.240752,-0.355738,0.012410,-0.324774,-0.018986
0.133182,0.251837,-0.066743,-0.153702,0.141143,0.153387,0.186514,-0.032866,-0.241622,0.227429,0.256226,-0.232657,-0.165593,-0.199019,-0.339899,0.317411,-0.054795,-0.203874,0.372872,0.338596
0.147494,-0.050965,-0.078009,-0.087008,-0.270555,0.152813,0.035373,-0.153540,-0.016112,0.013820,-0.004489,-0.276448,0.408519,-0.380416,0.416219,0.100167,0.062710,0.072950,-0.350181,-0.370087
-0.165993,-0.283687,-0.297569,0.090241,-0.235974,-0.172124,-0.210808,-0.254136,0.222266,0.313333,0.219002,-0.014971,0.021376,-0.256969,-0.160012,0.281919,-0.246716,0.205535,-0.218343,-0.287779
0.220514,0.013173,-0.210162,0.194494,-0.055539,-0.221198,-0.208858,-0.295261,0.122457,0.147827,-0.182385,0.192788,-0.195234,0.353980,0.163582,0.334769,-0.056108,-0.298382,0.236936,0.358529
-0.149155,-0.046836,0.162492,0.091351,0.007370,-0.055322,-0.290629,-0.201388,0.155624,-0.348645,0.103772,-0.242274,0.070489,-0.321609,0.358743,0.272600,-0.343578,0.037967,-0.407857,0.013904
-0.015995,-0.371603,-0.117521,-0.085693,0.126918,0.046647,0.089815,-0.299863,-0.360190,0.073144,0.323422,0.223730,0.305758,-0.368963,0.077573,0.250064,-0.193543,0.197996,0.231959,0.076496
0.214397,0.281592,0.202084,-0.190242,-0.145654,-0.264879,0.261463,-0.180019,-0.161730,0.278417,0.237955,-0.169831,0.258301,0.269388,-0.247833,-0.122829,0.168327,0.251593,-0.268285,-0.192402
-0.208602,-0.061900,0.127443,0.093610,-0.189398,-0.353853,0.359327,-0.069252,0.139517,-0.293523,-0.122840,0.316085,0.285821,-0.201140,-0.271071,-0.054443,0.206201,-0.170892,-0.363408,-0.098242
0.343353,-0.064011,0.283021,-0.310419,-0.138330,0.133728,0.068926,0.279571,0.144830,-0.196256,0.440096,-0.331904,-0.054276,0.039833,-0.033068,0.247061,0.105523,-0.277036,0.225227,0.114047
-0.074653,0.119661,-0.336770,0.262275,0.211610,-0.307091,0.115801,-0.200917,0.344565,0.093596,-0.153858,0.298402,-0.282547,-0.189601,0.069693,-0.187195,0.214108,0.172460,-0.155684,-0.330668
0.308159,0.154617,-0.333709,0.177501,0.166869,0.247004,-0.058372,-0.270115,0.359471,0.338835,-0.260469,-0.173175,0.204753,0.250881,-0.079855,0.078359,0.106730,0.167895,-0.271448,0.022995
0.249721,0.166697,-0.290532,0.289801,0.244508,0.179243,-0.195073,0.309355,0.052306,-0.188719,0.160349,-0.189995,0.196257,-0.157646,0.206101,-0.165940,-0.250490,-0.216439,0.300759,0.286706
0.260346,-0.195176,-0.254202,-0.221195,0.187660,0.240029,-0.253447,-0.192321,0.251749,-0.263878,0.107713,0.013430,-0.182450,-0.279084,0.204740,0.221773,0.291457,0.273248,0.202257,0.197329
-0.192827,-0.107384,0.426305,0.019442,0.025947,-0.261216,-0.105093,-0.129600,-0.272548,-0.373578,0.292316,-0.247931,-0.124199,0.088927,0.178812,0.119284,-0.143918,-0.188269,0.327450,0.280618
-0.128206,-0.308468,0.137603,-0.028583,-0.151118,0.122329,0.156189,0.435192,0.223577,-0.054179,0.198594,-0.095395,-0.208719,-0.279274,0.275544,0.357668,0.211854,-0.191237,0.131978,0.302207
0.255772,0.413853,0.328339,-0.112745,-0.052159,-0.127095,-0.254576,-0.162016,0.203747,-0.077075,0.262445,-0.112933,0.307125,-0.254496,0.080389,-0.153946,-0.374222,0.070210,0.257854,-0.055280
0.215362,-0.225445,-0.009568,-0.181034,-0.097353,-0.308139,-0.123871,0.383217,-0.254655,-0.136082,-0.021833,-0.179496,0.255022,0.308929,0.109026,0.299321,-0.119986,-0.264505,-0.282762,-0.246925
0.198179,-0.228350,0.307587,-0.343261,0.010070,-0.124204,0.072445,-0.218720,0.153781,0.198370,0.279063,0.385999,0.106413,0.220887,0.320171,0.077853,0.013363,0.034173,0.406683,0.047270
-0.198425,0.162419,-0.211501,0.103271,0.189638,0.364281,0.008528,-0.434919,0.293537,0.274087,0.339960,-0.161322,-0.118109,0.168826,-0.003437,-0.369398,0.059589,0.047531,0.180408,0.028249
-0.188495,-0.207387,0.153043,-0.230810,0.202214,-0.203025,0.264466,-0.233053,-0.270957,0.186531,-0.273729,-0.273349,0.279653,0.184431,0.210422,-0.242422,-0.189017,0.252457,-0.243307,0.081327
