0.344325,-0.235244,0.260464,-0.176816,0.189287,-0.194948,0.010137,0.206428,-0.147104,0.314899,-0.116429,0.230922,-0.270966,0.176691,0.278302,0.212538,0.236209,-0.240256,-0.076150,0.276008
-0.284327,-0.270388,-0.022977,-0.190446,-0.130569,-0.300311,0.030148,-0.268956,-0.170180,-0.173616,-0.194942,0.261419,0.325987,-0.092785,0.186753,-0.298491,0.256230,-0.113969,-0.230413,0.304535
-0.066768,-0.174703,-0.291302,0.308606,0.127233,-0.305939,-0.281160,0.014462,-0.031226,0.085620,-0.297459,-0.016941,-0.307273,-0.022645,-0.182124,0.170879,-0.320049,-0.297784,-0.222552,-0.317601
-0.262394,0.033916,0.531605,-0.094384,0.066683,0.318924,-0.226744,0.129074,-0.277784,-0.326822,0.210751,-0.008902,0.225251,0.054711,-0.004564,-0.149530,-0.054702,0.372987,0.043881,-0.125042
-0.265889,0.303301,0.240461,-0.346793,-0.087240,-0.092868,-0.231685,-0.307203,-0.259064,0.042793,0.257787,0.232237,-0.139890,0.271977,0.159681,-0.093225,-0.109199,-0.345702,-0.022781,-0.214293
-0.058915,0.134450,-0.201425,0.338630,-0.297935,0.225020,-0.001468,0.134862,-0.013595,-0.025606,-0.023948,0.252935,0.117813,-0.368338,0.366661,-0.324170,-0.200012,0.139674,0.362562,0.142078
0.265849,0.151828,0.225197,0.204475,0.117591,-0.064658,-0.048215,-0.144499,-0.169970,-0.297183,-0.372195,-0.192585,0.260195,-0.203253,-0.193908,-0.176892,-0.005401,-0.348069,0.329700,-0.268183
-0.317636,0.264566,-0.249723,0.215263,0.068782,0.245066,0.267718,-0.228517,0.128493,-0.234852,0.098604,-0.162945,-0.282832,0.176287,-0.216591,0.342603,0.116591,-0.115134,-0.193205,-0.290265
-0.068805,-0.316267,0.131896,-0.237088,0.308759,-0.272154,-0.116532,0.218182,0.178266,0.118347,0.368218,-0.278634,-0.248550,0.237364,-0.311728,0.333993,-0.052554,-0.029884,-0.020558,-0.033502
0.245379,0.189289,-0.404108,0.217028,0.111791,-0.233142,0.145032,0.140080,0.156160,-0.079431,0.033001,0.090182,0.171920,0.125633,-0.211817,0.147246,0.312539,-0.420767,-0.396325,0.049413
-0.473761,0.287682,-0.213316,0.206597,-0.003889,-0.399756,-0.124591,0.036630,-0.067520,0.067313,0.390353,0.173172,0.154360,0.070864,-0.362364,0.228103,-0.107083,0.024187,0.078145,0.078223
0.208498,-0.265520,0.357566,-0.007372,0.125397,-0.139830,-0.109620,0.313566,0.361613,0.091052,-0.097809,0.315943,-0.004844,-0.414547,-0.178279,0.281192,0.161596,0.174311,-0.146875,0.057160
-0.006297,0.241468,0.140020,-0.032892,0.273846,-0.118370,-0.162013,-0.218944,-0.239740,0.335510,-0.303720,0.268271,0.302542,0.196750,-0.117073,0.163405,-0.157476,-0.202963,0.304684,-0.306672
0.067762,0.090639,0.111946,-0.249831,-0.102636,-0.151987,-0.172350,-0.243465,0.348555,0.279980,-0.069550,-0.193020,0.361919,0.314047,-0.061722,0.336209,0.228044,0.322731,-0.185707,-0.102736
-0.074283,-0.039218,-0.365049,-0.295071,-0.206747,-0.306173,0.333511,0.273863,-0.136449,0.165112,0.217875,-0.210841,-0.115359,-0.147883,-0.160545,0.311614,-0.073554,0.201840,0.228422,0.236041
0.250491,-0.215485,-0.147412,0.255380,-0.275154,-0.195949,-0.107264,0.104157,-0.252079,0.369691,0.210550,-0.306939,-0.196949,0.093198,0.093765,0.152451,0.258599,0.323886,0.157900,-0.228993
-0.051693,0.269515,-0.129155,-0.038225,-0.185253,-0.073543,0.379014,-0.000026,-0.286505,0.192998,0.367427,0.254688,-0.215727,0.278389,-0.304119,0.204212,-0.048030,-0.138400,-0.352235,0.014344
-0.390549,0.161517,0.245012,-0.261176,-0.210076,-0.310448,0.191901,-0.287706,0.122409,0.192106,0.108280,0.165977,-0.279676,0.133720,0.018267,0.255530,0.295152,-0.235554,-0.024590,-0.192182
-0.170530,0.167754,-0.148717,0.218619,0.288085,-0.245624,0.175174,-0.236795,0.168452,-0.300764,-0.251871,0.198719,-0.181132,-0.225622,0.267471,-0.265071,-0.239092,-0.112111,0.260646,-0.240488
0.172349,-0.053837,0.149755,0.289283,0.186437,-0.186692,-0.219522,0.191717,0.025653,0.337625,-0.163583,-0.211482,-0.018747,0.217609,0.337892,-0.171130,0.208457,0.394926,0.309235,-0.185436
-0.272211,-0.016663,0.410460,-0.037233,-0.346749,0.241764,0.007357,0.165781,-0.234188,0.256440,0.130179,0.240611,0.232440,-0.061056,-0.200349,-0.209154,0.303593,-0.099878,-0.309026,-0.121695
-0.186962,-0.112062,-0.337348,0.228603,0.074339,0.259164,-0.026372,0.302955,-0.285004,-0.143258,0.453372,0.120770,0.009208,-0.083133,0.026312,0.376119,-0.132439,0.241043,-0.257034,0.092258
-0.225349,0.033423,0.239377,-0.061899,0.198321,0.049227,0.344563,0.071970,-0.090265,0.249584,0.239351,-0.025135,0.408239,0.204046,-0.039431,0.325314,-0.405997,0.259569,0.200761,0.068966
-0.162384,-0.269036,-0.139726,-0.274072,-0.176833,-0.259431,-0.295394,0.160682,-0.274407,0.226033,0.192781,0.140709,-0.189747,-0.214375,-0.218680,-0.101184,0.264266,0.260080,0.212631,0.298159
0.203139,-0.220432,-0.183861,-0.250803,-0.285323,0.258308,0.245394,0.197368,-0.092457,-0.290632,-0.285661,-0.164325,0.203492,-0.193005,-0.262390,0.111011,0.258980,-0.181762,0.252139,-0.202479
-0.046640,-0.033476,0.377086,0.263843,0.223779,-0.027503,0.009375,-0.281343,-0.368543,-0.283353,-0.113372,0.238002,0.208430,-0.021604,-0.044845,-0.038724,0.319162,0.236450,-0.342269,0.216494
0.426083,-0.354733,-0.015235,-0.201012,-0.216940,-0.093786,-0.252336,0.295366,-0.221493,-0.262780,-0.070174,0.283775,-0.152623,-0.164606,0.287986,0.250825,-0.146529,-0.077617,-0.028347,-0.130784
-0.342273,-0.172307,0.377757,0.192205,-0.209634,0.045590,-0.296796,-0.284190,-0.045590,-0.212507,0.124937,0.253846,-0.362155,-0.193225,-0.169273,-0.294000,0.129978,-0.045275,-0.076936,-0.151362
0.527333,-0.232968,0.268835,-0.264683,-0.118650,-0.114963,-0.036492,-0.017690,-0.129447,0.106060,-0.242989,0.109543,0.360792,-0.091286,0.069003,-0.255290,-0.207722,-0.321746,-0.146382,0.144200
-0.072848,-0.218731,0.083900,-0.401256,-0.289013,-0.038458,0.213016,0.136953,-0.310312,0.050134,0.352144,0.061053,-0.002285,-0.437593,0.214196,0.148199,0.157565,-0.046550,0.155382,-0.304390
-0.323611,-0.260113,-0.227278,0.090810,-0.129535,0.237490,-0.030969,-0.075320,-0.178467,-0.219905,0.431910,0.293626,0.199141,-0.188107,-0.052681,-0.231533,0.080800,0.263467,-0.280593,0.220977
-0.191485,0.183231,0.284968,-0.092431,-0.180670,0.281472,0.262244,-0.040638,-0.258357,-0.282998,-0.263240,-0.289843,-0.280436,-0.167192,-0.102742,0.233971,-0.186722,-0.134506,0.274127,0.239957
