0.007284,0.134357,0.339637,0.031306,-0.064330,-0.191034,-0.329461,0.294839,0.082491,0.365426,-0.212213,-0.304325,0.235626,0.196704,-0.099693,-0.267437,-0.140942,-0.193646,-0.212708,-0.270526
0.450802,0.234538,0.278746,0.088462,-0.128969,-0.295938,0.172357,0.279008,-0.181516,0.286079,-0.207901,-0.205896,-0.043268,-0.094946,-0.003847,0.027566,0.348960,0.073286,0.274902,-0.172330
-0.134822,0.159279,-0.358476,0.329574,-0.104519,-0.355536,0.144427,0.254835,0.145476,0.275987,0.020467,-0.255334,0.053700,0.314765,-0.221127,0.295926,0.039650,-0.009913,-0.086754,0.292618
0.258406,-0.137578,0.343500,-0.309801,-0.049369,-0.207932,0.178084,0.140910,-0.266582,-0.051405,0.339454,0.281660,0.318315,-0.243116,0.002889,0.129361,0.238533,0.206119,0.226755,-0.082732
-0.234177,-0.104565,-0.032722,0.233713,-0.312743,-0.028236,-0.007227,-0.180416,0.275869,-0.191103,-0.304557,-0.255628,-0.121632,-0.267736,0.072691,0.379397,-0.115808,-0.184898,0.293879,0.327011
-0.076061,0.231093,-0.097444,0.170912,-0.272892,0.137925,-0.353835,-0.242697,-0.327428,-0.095498,0.069803,-0.216560,-0.107426,0.256057,-0.076721,0.210393,-0.200766,-0.074334,-0.339975,0.409557
-0.059290,-0.179843,0.131750,-0.202023,0.262023,-0.182398,-0.278576,-0.246419,0.250332,0.314529,-0.144281,-0.247247,0.268034,0.163274,0.234246,-0.251759,0.222890,0.262691,-0.212677,0.203721
-0.275701,-0.157275,-0.293228,-0.030238,-0.009075,0.042531,-0.331757,-0.370714,-0.317789,-0.051886,0.113065,-0.229310,-0.167202,0.039165,0.317687,-0.367500,-0.256564,-0.098022,-0.118953,-0.197154
-0.169635,0.261097,-0.297472,-0.254286,-0.209923,-0.067099,-0.161755,0.316476,-0.242852,0.006850,-0.229083,0.077092,-0.266738,-0.324259,-0.215041,0.178027,0.139012,0.141242,0.100361,0.392413
-0.188163,0.078164,0.241643,-0.030408,0.077173,-0.052634,0.334858,0.062272,-0.248902,0.208070,0.206630,0.192611,0.178339,-0.229966,-0.217016,0.450180,-0.030043,0.204951,0.203157,0.413240
-0.195637,-0.248438,-0.311998,0.083487,-0.305849,0.236396,-0.284498,0.094418,-0.238528,-0.268247,-0.236878,-0.056789,0.027503,-0.012443,-0.166265,0.370187,-0.137667,0.042603,0.134599,0.404654
0.131049,0.050752,0.370655,-0.136016,-0.003880,0.004045,0.065739,0.181501,0.141635,0.367067,-0.045078,0.488103,0.316155,-0.038242,-0.163936,-0.349261,0.329820,-0.082421,-0.092356,-0.132722
-0.133701,-0.046750,0.132426,-0.040153,0.345250,-0.334303,0.201825,0.197774,-0.182920,0.360310,-0.143512,0.161159,-0.262133,-0.243063,-0.072717,-0.081128,0.341337,0.221353,0.090913,-0.355947
-0.264293,-0.100995,-0.040477,0.239990,-0.265315,0.347099,0.043435,-0.174842,-0.140311,0.274470,-0.161328,-0.328093,0.130870,0.177720,0.158369,0.227276,-0.134369,-0.430723,-0.074962,-0.272128
-0.149956,-0.076024,-0.307345,0.143862,0.071398,0.286506,0.269433,0.328730,0.240700,-0.127821,0.255548,0.282121,0.231886,0.260679,-0.213838,0.065359,-0.209094,0.197366,-0.162360,-0.298002
0.464093,0.235651,0.154128,-0.107263,-0.152880,-0.273055,-0.206584,0.248161,-0.122513,0.292871,0.174029,-0.132861,0.232366,0.120960,-0.235106,-0.065922,0.284219,0.076535,-0.202244,-0.295173
-0.163073,0.333923,-0.204269,-0.086064,-0.120551,0.222020,0.153338,0.183508,-0.210369,-0.098023,0.176713,-0.008200,0.308126,0.299035,0.215267,0.304212,0.191976,-0.325256,-0.098455,0.361953
-0.119209,-0.045295,0.016051,0.037320,-0.011994,0.065240,0.000673,-0.214343,0.162727,0.255628,0.265155,-0.270731,0.229446,0.119564,-0.352976,0.468063,0.262743,0.331000,-0.325364,0.035250
0.182874,-0.213737,-0.046038,0.269123,0.293354,-0.308249,-0.211368,0.249963,0.221097,-0.276690,0.200927,0.077526,-0.257854,-0.205753,-0.231972,-0.268293,-0.238528,-0.205261,-0.122729,0.193822
-0.219661,-0.417632,-0.476665,0.180631,0.130035,0.138316,0.159391,-0.259235,-0.165169,0.074862,-0.170866,0.019138,-0.214783,-0.216643,-0.222942,0.038674,0.224139,-0.301234,0.193655,-0.060439
0.065715,-0.310206,-0.202028,0.323335,-0.386596,-0.073444,-0.292272,0.294720,-0.080500,0.353172,0.199027,-0.211954,0.099114,0.069615,-0.025479,0.112034,0.399007,0.084778,0.108578,0.071825
-0.247097,-0.018984,-0.281032,-0.062402,0.050573,0.384716,-0.238429,0.200763,-0.370313,-0.179357,0.062924,-0.175154,-0.113121,0.291166,0.226523,-0.099605,-0.260949,0.279215,-0.101387,-0.298179
-0.237134,0.052730,0.298388,0.199786,0.076781,-0.035968,-0.357552,-0.323355,-0.025897,0.002582,0.176775,0.211872,-0.025036,-0.379243,-0.229843,0.146032,0.235506,0.239373,-0.349847,0.204620
-0.021292,0.321405,-0.210420,-0.274049,-0.302257,0.167325,-0.202332,0.292388,-0.206459,-0.131641,0.198530,0.002227,-0.220413,0.258844,-0.250407,-0.279816,0.222669,-0.208131,-0.169437,-0.231332
-0.049695,-0.237381,-0.228800,-0.170103,-0.174828,0.272520,0.282316,-0.238228,-0.163532,-0.138257,-0.241675,0.224963,0.247547,-0.197355,0.283633,-0.214382,-0.291444,0.243144,0.215469,-0.215904
-0.066225,-0.374049,-0.256901,0.109265,-0.148173,-0.216285,0.284912,-0.043082,0.224795,-0.327768,-0.046592,-0.135062,0.034527,0.282709,0.093255,-0.339586,0.076022,-0.294054,-0.207943,0.327113
0.454342,0.071137,0.097964,0.212182,-0.057117,-0.231982,0.284458,0.199109,0.242334,-0.243683,-0.250326,-0.247422,0.212568,-0.222634,-0.103998,-0.195699,-0.236282,0.019049,0.067932,-0.331054
-0.272980,0.096683,0.359418,0.318713,-0.313421,0.355058,0.228051,-0.132946,-0.343855,-0.031471,0.087075,-0.040767,-0.159863,-0.277075,0.034234,0.071998,0.217703,0.292880,-0.103380,0.101885
-0.088232,-0.295302,-0.121032,-0.126254,0.240101,-0.267495,-0.312348,-0.224421,-0.032983,0.342434,0.224771,-0.260004,0.082490,0.287359,-0.034718,-0.023571,0.353279,-0.314331,0.211686,-0.035512
-0.035748,0.051319,-0.222750,-0.196917,-0.094318,0.247415,0.215464,0.234191,0.096178,-0.182768,0.212428,0.385841,0.161704,0.068157,-0.366240,0.215959,-0.280572,0.347577,0.216984,0.203681
-0.227875,0.055630,0.199804,0.270011,-0.144427,0.157402,0.198269,0.292201,0.147744,0.015629,0.284599,0.272688,-0.220469,0.209590,0.188516,0.426189,-0.237958,0.065908,0.211696,0.262492
-0.307037,-0.225434,-0.294044,-0.185253,-0.278467,0.248722,0.271760,0.204192,0.259322,-0.243075,-0.106915,-0.169215,-0.257671,-0.156216,-0.132533,-0.273483,-0.165147,-0.218910,-0.143619,-0.183841
