-0.230618,0.133135,-0.065980,0.199694,-0.187771,-0.150744,-0.154209,0.030291,-0.304949,-0.113418,-0.127560,0.078124,0.286306,-0.147327,0.373718,0.328006,0.341349,-0.202044,-0.279306,0.296084
0.422866,-0.185058,-0.117010,-0.105985,0.288371,-0.180649,-0.274765,0.301347,0.101256,0.268853,-0.093646,-0.136637,0.215700,-0.303886,-0.194479,0.066049,0.293931,-0.163581,-0.244355,0.126579
-0.040853,0.342577,0.353821,0.403424,-0.156143,-0.032583,0.074335,0.295862,-0.332818,-0.198180,0.116184,-0.198271,0.160771,0.023248,-0.067505,0.228670,0.170586,0.350211,0.189518,-0.027879
0.356410,0.256713,0.446480,-0.032284,0.082845,-0.079876,-0.050617,0.164121,-0.135916,0.315001,0.083294,0.304240,-0.376541,0.264633,-0.106427,-0.013499,0.339344,-0.008881,0.043700,0.079236
0.166096,0.108628,0.109659,-0.304847,-0.340745,0.263897,-0.189755,0.137791,-0.268820,-0.229861,-0.049042,0.315245,0.280593,-0.099956,-0.180354,0.011296,0.179874,-0.314651,-0.139624,-0.340285
0.088429,-0.149667,-0.204420,0.416548,-0.214329,-0.313599,-0.281814,0.052546,0.049669,0.222279,0.335261,0.207393,0.061141,0.373049,-0.161515,-0.027388,0.274613,-0.138401,0.235910,-0.027739
-0.279976,0.236227,0.024972,0.262223,-0.172515,0.374834,0.245522,-0.091001,0.017130,-0.265178,-0.285714,-0.284911,-0.234980,-0.113103,-0.176098,-0.180847,0.342741,-0.139676,-0.226913,-0.063146
-0.186848,0.199201,0.172492,0.265555,0.224357,-0.258051,-0.297878,-0.042532,0.110382,-0.296069,0.376660,-0.028412,-0.202869,0.275632,0.294025,0.210724,-0.193361,0.010230,-0.225242,0.197316
-0.225825,0.312833,0.073059,0.289650,-0.275723,-0.017574,0.290934,-0.051151,-0.095384,-0.175440,0.303032,0.225925,0.078063,0.238854,-0.183812,-0.256000,-0.148768,0.263653,-0.350033,-0.197306
-0.261347,0.294843,0.191480,0.111543,-0.142337,0.211846,0.144244,-0.142342,0.019165,0.209931,0.134772,0.284856,0.354498,-0.049708,-0.018313,0.354743,0.283817,0.140877,0.286630,-0.329901
-0.321221,-0.198536,-0.312353,0.332449,0.312647,-0.282752,-0.153434,0.143783,-0.035883,0.281112,-0.134370,-0.086140,-0.277628,-0.033554,0.225594,0.053932,-0.376080,0.164949,-0.144225,-0.012845
-0.092521,0.119979,0.174689,-0.328148,-0.027279,-0.153305,-0.030088,0.124935,-0.019032,0.192538,0.319510,0.203493,0.270430,0.253739,0.282188,0.306462,0.306529,-0.395207,0.230179,0.054426
0.412595,-0.274734,-0.295647,0.014928,0.206426,-0.206732,0.057852,-0.165083,0.203047,-0.144223,-0.063656,0.102254,-0.148548,0.301919,-0.189763,-0.156932,0.314720,-0.168358,-0.333320,-0.248632
0.087170,-0.086757,-0.312347,0.160508,0.180524,-0.192104,-0.236203,0.342601,-0.035542,-0.176051,-0.267399,0.227868,-0.178089,0.060348,-0.353201,-0.096818,-0.306025,-0.247036,-0.314704,-0.200024
-0.177640,-0.162402,0.195950,0.269643,0.170907,-0.310031,0.236011,-0.081094,-0.333576,-0.344860,0.055694,-0.105399,0.299414,0.124487,-0.284556,-0.031813,0.134363,0.115412,0.338585,0.256524
0.421356,-0.192007,0.218304,-0.084385,-0.022808,0.232302,-0.116814,-0.229003,0.021570,0.052135,-0.163974,0.270287,-0.249819,-0.191316,-0.235605,0.253425,0.183912,-0.304920,-0.272318,-0.295658
-0.224626,-0.076740,0.343787,0.245596,0.324068,-0.385276,0.348438,0.205400,-0.092008,0.229250,0.371425,0.175962,0.117943,-0.068353,0.049064,0.074461,-0.224201,-0.009006,-0.141254,0.146004
-0.268462,-0.279811,-0.158068,-0.204805,-0.080238,-0.043805,-0.115770,-0.064741,-0.070716,0.097561,-0.220155,0.354401,0.326048,0.300796,0.236844,0.069763,-0.223825,0.284590,-0.276080,-0.321106
-0.216982,0.171936,-0.244435,-0.255956,0.176222,-0.128362,-0.144267,-0.238205,0.234606,0.288150,0.159569,-0.288883,-0.290797,-0.254049,0.128367,-0.141620,0.243289,0.244018,0.229393,0.262736
0.363399,-0.064064,-0.166882,-0.196469,0.052945,0.228211,-0.266565,0.263930,-0.135570,0.286928,0.170212,0.212026,-0.156833,-0.192921,-0.200081,-0.156435,-0.218600,-0.294564,0.301526,-0.274520
0.503376,0.041114,0.381408,0.054020,-0.020896,-0.158208,-0.008089,-0.071429,0.377810,-0.300326,0.096407,0.164644,0.230696,0.176281,-0.060270,0.040355,-0.425420,0.144283,-0.070703,-0.014338
-0.271306,0.203611,-0.005569,-0.111450,-0.318537,-0.230907,-0.348052,-0.083533,0.217536,-0.145687,0.381256,-0.127030,0.260012,-0.214217,-0.139137,0.353534,0.269413,0.120639,0.005911,-0.120540
0.293750,0.081136,0.259932,-0.078425,0.134183,0.185055,0.299365,-0.042498,-0.277349,0.262097,0.380871,-0.242410,0.151230,-0.229842,0.136471,-0.171480,0.172755,0.134000,-0.214930,-0.350103
-0.244447,-0.191073,-0.234317,-0.275932,0.283296,-0.278827,0.258745,-0.223720,-0.271853,0.051664,-0.258630,0.245942,0.219671,0.268477,0.090722,-0.307347,0.033438,-0.183050,0.186335,0.036990
0.288956,0.140679,0.238061,0.229060,-0.278660,0.294259,0.023945,0.146843,-0.262906,0.149107,-0.233296,-0.234497,-0.196330,0.205029,0.208412,-0.060933,0.256779,0.301339,-0.203279,0.273193
-0.280365,-0.279072,0.030074,0.262597,-0.079639,-0.277903,0.299364,0.058814,-0.182282,-0.127093,-0.280416,0.259457,-0.329825,-0.083748,-0.250241,-0.240305,-0.147424,0.123065,0.325602,0.150368
0.308740,-0.090876,-0.156212,-0.226782,0.283172,0.125417,-0.264679,-0.026163,-0.170559,0.212186,0.308182,-0.177567,0.224455,-0.322658,-0.176814,-0.297053,0.116744,0.127663,-0.116051,0.368683
-0.180200,0.354492,0.420023,0.222219,-0.246750,0.348424,0.256216,0.025940,-0.280923,-0.092320,0.199332,-0.251398,-0.036501,-0.223279,-0.050901,0.094731,0.108592,-0.197455,-0.251874,-0.010564
0.103348,-0.254888,-0.062905,-0.384581,0.000043,0.172411,0.032186,0.187152,-0.340202,-0.100004,0.106974,0.374011,0.306507,-0.157005,-0.346477,-0.096497,-0.263343,-0.289250,-0.158539,-0.059445
-0.284019,0.160088,0.240493,-0.266686,0.078891,-0.028915,0.295152,0.157966,0.007366,0.329202,-0.138425,0.232477,-0.321278,0.025971,0.000495,0.290888,-0.353741,-0.149089,-0.275112,-0.228971
-0.022063,0.033274,0.401534,0.057422,-0.233610,0.381513,0.030642,-0.383611,-0.086769,0.229180,-0.208033,0.249975,-0.378216,-0.036394,-0.106308,-0.014353,-0.239354,-0.277085,0.152991,0.080544
-0.100603,-0.203333,-0.014993,-0.296872,-0.265669,-0.239117,-0.302084,-0.216099,0.240362,0.252738,0.115799,-0.149087,-0.241484,0.206794,-0.191325,-0.303232,-0.169330,0.298281,0.217653,0.206228
