-0.278226,-0.301165,0.202646,-0.037717,0.236583,-0.228373,-0.362558,0.389600,0.102185,0.241314,-0.128643,-0.330511,0.109829,-0.132039,-0.266650,-0.193075,0.126549,-0.095308,-0.189068,-0.069700
-0.188837,0.266129,0.120950,-0.315278,0.093595,-0.358719,-0.199744,-0.214175,0.254288,-0.021306,-0.200734,0.024084,0.201614,-0.242183,0.120484,0.225683,-0.304247,0.338661,-0.262946,-0.095601
0.239092,0.227160,0.185201,-0.314526,0.155983,0.268793,0.036965,-0.206808,0.062203,-0.137838,0.409445,0.362456,-0.029911,-0.247674,0.204017,0.105571,0.172758,-0.261568,0.215112,-0.189373
-0.202699,0.227647,-0.117457,0.334773,0.174119,0.281320,0.028677,0.410684,0.117403,0.245832,0.147621,-0.378044,0.362569,0.035727,-0.024965,0.115215,-0.050712,-0.094793,-0.236069,0.222342
-0.068343,0.235880,-0.222895,0.278594,0.303604,-0.196160,0.273137,-0.000605,0.299598,-0.178515,-0.231068,-0.146711,-0.253079,-0.060525,0.301451,0.342208,0.265238,0.089447,-0.036553,0.234973
-0.118628,0.005746,0.247407,0.341359,-0.329004,0.206259,-0.236284,-0.335181,0.289223,-0.112967,-0.133734,0.111784,-0.101365,-0.337975,-0.184703,-0.196625,0.008978,-0.239324,-0.319161,0.076836
-0.033964,-0.181908,0.143736,0.203645,0.166955,0.323417,-0.190317,0.320467,-0.229227,0.261024,0.229771,-0.299296,0.130883,-0.299642,0.051687,-0.169941,0.240457,-0.237050,-0.174470,-0.293704
-0.070951,0.187726,-0.061770,0.393201,-0.036803,-0.285808,0.170834,-0.312341,0.146648,0.293953,-0.314405,-0.291180,0.001184,-0.041199,-0.165309,0.407939,0.192454,-0.168815,0.150434,-0.127917
-0.121555,-0.082558,-0.172365,-0.226068,0.250564,-0.316718,0.280384,-0.093359,-0.031429,-0.024684,0.029614,-0.296025,0.070383,-0.311969,-0.024777,-0.139302,-0.301546,-0.364063,0.398755,0.228667
0.207383,-0.384032,-0.271772,0.029341,0.248997,0.167770,-0.361537,0.015181,-0.207104,0.177961,0.390207,0.284103,0.253289,-0.087037,-0.157750,0.132433,-0.005588,-0.257412,0.154955,0.041332
0.094942,0.177781,0.244660,-0.054723,0.289759,0.433635,0.147313,-0.188519,0.200277,0.294565,-0.290708,0.236997,-0.215497,0.072140,-0.293943,-0.049158,0.035398,-0.271005,-0.284414,0.060651
0.198932,-0.301096,-0.016056,-0.360453,0.120289,-0.184618,0.129256,0.225333,-0.326296,0.069879,0.371478,0.062639,0.339850,0.244126,0.027117,0.263126,0.098182,-0.326141,0.090639,0.031413
0.399921,-0.267816,0.090751,-0.129572,-0.332325,-0.393110,0.172102,-0.010792,-0.278171,0.397453,0.100461,0.213278,-0.163506,0.233536,-0.039864,0.022928,0.199530,-0.002634,-0.126000,0.136345
-0.012337,-0.173351,-0.016755,0.175352,-0.301510,0.174163,0.247007,0.159052,0.137972,-0.371421,-0.093139,-0.247819,0.226599,-0.101209,-0.195931,-0.062012,-0.391818,-0.139730,-0.178912,0.441880
-0.049176,0.163191,0.160177,0.340083,-0.321015,0.129068,-0.279646,-0.175711,0.299985,-0.282637,-0.195442,-0.251735,0.333788,-0.105790,-0.206180,-0.059494,-0.046863,-0.249753,-0.125477,-0.283612
0.311065,-0.204094,-0.029134,0.229370,-0.265163,0.193227,0.301938,-0.335463,0.127070,-0.155500,-0.259950,0.005853,0.128061,-0.223440,0.119299,0.358888,-0.116458,0.255400,0.148266,0.280546
0.368185,0.334893,-0.111108,0.239700,0.115521,-0.113204,-0.381409,-0.079339,0.045585,-0.038421,0.349391,-0.072950,-0.150628,-0.033077,-0.111748,-0.234847,-0.364613,-0.303575,0.101290,0.216389
0.352250,0.257424,-0.315219,-0.217134,-0.290083,0.318216,-0.155423,0.064229,-0.115404,0.070052,0.395089,-0.122022,0.098409,0.154281,0.038658,-0.122719,-0.296028,0.031138,-0.308017,-0.163472
0.059846,-0.292506,0.193183,0.096621,-0.215292,0.247029,0.213390,0.273370,-0.272008,0.263901,-0.307820,-0.228396,0.202488,-0.231020,0.244011,0.202647,0.121142,0.259875,-0.190208,-0.180677
-0.156613,-0.111724,0.142993,-0.197015,-0.289772,0.235576,0.062668,0.344923,0.021273,0.172565,-0.304052,0.172684,0.312589,0.208861,-0.127087,0.320594,-0.229942,-0.203830,-0.192044,0.311929
-0.367512,0.156348,-0.302011,0.198915,0.008058,-0.204656,0.459413,0.123895,0.159872,0.146191,0.030754,0.124114,0.147086,-0.095051,0.089035,-0.451409,0.085342,-0.063562,0.341797,-0.086932
-0.208897,-0.182117,-0.007951,0.176810,0.294039,-0.115473,-0.267896,-0.345124,0.136027,-0.013860,-0.186606,0.062368,0.345025,0.373477,-0.073483,0.355329,-0.038665,-0.307677,0.223852,-0.085648
0.172675,0.371647,0.192261,0.327410,0.327197,-0.071945,-0.048562,0.049216,0.108777,0.308007,-0.337571,0.141939,-0.364865,-0.085655,-0.340781,0.161562,0.048850,0.112242,0.147880,0.102633
-0.106970,0.067553,-0.264180,-0.283450,-0.258558,-0.258204,-0.246263,-0.223494,0.265728,-0.277943,0.191524,0.248206,0.120331,-0.157772,0.209335,-0.131106,-0.245587,-0.259855,0.268990,-0.207405
0.314506,0.260248,-0.287766,-0.271264,0.296490,-0.267874,0.118773,-0.049603,-0.158818,-0.183585,-0.130974,-0.226537,0.251161,-0.181344,0.292277,0.253056,0.184924,0.243675,-0.130090,-0.131926
0.236712,0.132689,-0.074270,-0.247898,0.038002,0.043664,-0.300250,-0.025466,-0.381363,-0.128193,-0.346122,0.374460,-0.404948,0.165743,0.281650,-0.211617,0.024574,0.025701,-0.109704,-0.120372
0.347638,0.295373,-0.175570,0.266008,-0.065149,0.193202,-0.156436,-0.221835,-0.092661,0.028674,-0.349784,-0.083924,0.205390,-0.128444,-0.279093,0.327120,-0.036089,-0.246653,0.240000,-0.270073
0.086184,0.107533,-0.152120,0.261366,-0.333777,0.281479,-0.351407,-0.359830,0.085680,0.328883,0.142806,-0.051307,0.242104,-0.027223,0.310969,0.173975,-0.096859,0.115223,-0.230131,0.213261
-0.091700,-0.200754,-0.241013,0.236930,0.222333,0.258379,-0.163553,0.366371,-0.259415,-0.141370,-0.254188,0.066069,-0.273463,0.234092,-0.206552,0.128836,0.219309,0.281288,0.067177,0.288207
0.374027,0.008797,-0.019350,-0.276115,0.068654,-0.285833,0.009865,-0.147781,-0.313593,-0.020769,-0.132907,0.308374,-0.357098,0.407241,0.232361,-0.073893,-0.035664,0.079273,-0.145071,0.286555
-0.019647,0.060364,0.402755,0.114024,0.004119,0.078512,-0.261470,-0.212957,-0.365618,-0.084432,0.326226,0.407233,0.080902,0.053778,-0.005500,-0.345617,0.297240,0.006196,-0.213574,-0.157704
0.198104,0.223982,0.083474,0.172003,-0.230509,0.268965,-0.156332,-0.142544,-0.203570,0.183785,-0.267650,0.213564,-0.238897,-0.282287,-0.210601,0.160464,0.289973,-0.271938,0.272420,-0.268754
