0.124715,-0.017193,0.153308,-0.081549,0.220819,-0.072482,-0.348133,0.326628,-0.127751,0.363712,-0.141728,-0.214935,-0.349329,-0.118410,0.208952,-0.405140,-0.076042,0.227731,0.217054,-0.092751
0.262601,-0.102564,0.307124,-0.206793,0.228907,0.331307,0.051030,0.238661,0.103360,0.318404,0.190304,-0.223667,-0.253923,-0.144512,-0.154947,-0.148117,0.244115,-0.104427,-0.318375,-0.245424
-0.345448,0.227483,0.142813,0.181202,0.341813,0.096508,-0.245581,-0.042226,-0.076658,0.092925,0.415604,-0.057320,0.029873,0.346738,-0.291408,0.053805,0.331708,0.251721,0.077802,-0.092418
0.498420,-0.002607,-0.077541,-0.087995,0.384654,-0.011362,0.317422,0.256822,-0.034144,-0.015893,0.266244,0.305756,0.275425,0.061226,-0.108480,-0.077489,-0.148526,-0.280550,0.126734,-0.207395
-0.063168,0.072560,-0.173251,-0.305111,0.111246,0.360960,0.054145,-0.338399,0.261545,0.336857,0.296395,-0.002503,-0.023533,0.145364,-0.175310,-0.041179,0.316270,0.082271,0.350345,-0.232673
-0.140110,0.160860,0.098126,0.270951,-0.245289,0.134828,-0.285991,0.109977,-0.171176,0.116183,-0.175741,0.406508,0.271698,0.188489,-0.290678,0.257792,-0.219979,-0.306548,0.218941,0.098435
-0.160671,-0.066556,0.270855,-0.055406,0.109298,-0.186784,0.178755,-0.001452,0.190097,-0.349106,0.309619,-0.245101,-0.196099,0.356756,-0.219053,0.089738,0.250136,-0.250945,-0.299391,-0.252268
-0.041811,-0.166061,-0.135631,-0.190813,0.354321,-0.254786,-0.094639,0.306313,0.216052,-0.339508,0.247684,-0.179688,-0.128631,0.172430,0.007398,0.393656,-0.171970,-0.267534,-0.013434,0.253809
-0.162632,0.327366,-0.365097,-0.123202,-0.272710,-0.223874,-0.239197,-0.312650,0.311410,-0.016300,0.297558,0.071567,0.055696,-0.158816,-0.320945,0.207042,0.173552,0.015408,0.068534,0.195697
-0.301524,0.136255,-0.062713,-0.360384,-0.089459,0.086154,-0.024716,-0.041955,-0.237136,-0.130446,-0.060821,0.433819,0.353409,0.216813,-0.044442,0.211740,-0.143184,0.387644,0.257078,0.134874
-0.016400,-0.325665,-0.327241,0.064947,-0.013550,0.234088,0.169405,-0.237950,0.319327,0.004564,0.277724,0.133067,0.240965,-0.222420,0.226310,0.423240,0.047189,-0.078288,-0.036055,0.312576
0.606941,0.117340,-0.009663,-0.071780,-0.279472,-0.063884,-0.279752,0.170947,0.198689,0.122064,0.102779,-0.223489,0.332462,-0.135758,-0.093920,0.222299,0.191785,-0.267053,-0.043226,-0.104324
0.279182,-0.226355,0.155591,-0.210756,-0.316722,-0.271932,-0.203420,-0.336942,-0.150438,-0.124160,0.101722,-0.054549,-0.299807,0.181378,0.029860,-0.175251,0.172324,0.214074,-0.335020,0.281969
0.479418,0.009028,-0.240304,-0.241846,-0.285817,0.053326,-0.056288,-0.180636,0.059341,0.296651,0.240634,-0.302896,-0.129867,-0.064073,-0.244634,-0.212100,0.144540,-0.213246,0.201755,-0.243848
-0.257263,-0.292479,-0.063606,0.301523,-0.024754,-0.201475,-0.166599,-0.293021,0.205467,0.230025,-0.292785,0.280557,0.087031,-0.315012,0.134207,0.056648,-0.232778,0.211691,-0.231369,0.241593
0.217774,0.325234,0.249345,-0.105693,-0.250309,-0.073235,0.276495,-0.124370,0.308492,0.222733,0.246833,-0.088949,-0.027507,0.284679,-0.228088,0.175349,0.183449,0.283013,-0.181981,-0.297431
-0.323520,0.007259,-0.242950,-0.046477,-0.082828,-0.102491,0.067061,0.499738,-0.020717,-0.143455,0.538566,-0.133481,0.167944,0.018194,0.135793,0.340718,0.104019,0.030875,0.226384,0.086780
-0.142989,-0.238761,-0.157985,-0.000099,0.109233,-0.310485,0.009872,0.373981,0.290461,0.010863,-0.169908,-0.170675,0.377355,-0.003531,-0.005933,-0.311426,-0.147508,-0.419630,0.191022,0.181780
0.288311,0.174812,0.327673,0.229191,0.211810,-0.219091,0.231401,0.170267,-0.293931,-0.206759,-0.235913,-0.090701,-0.250375,0.231925,-0.167878,-0.194809,0.212041,0.263558,0.217042,0.117682
-0.156552,0.227124,-0.140805,0.353209,0.085023,0.274628,-0.249477,-0.060279,0.333760,0.100976,-0.222116,-0.208721,-0.279950,0.213312,-0.101571,0.310979,0.267796,0.295458,0.071840,0.145737
-0.175955,0.010905,-0.024449,0.113624,-0.100470,-0.018881,0.009702,0.140245,0.008517,-0.029833,-0.052884,-0.309827,0.093168,0.318569,0.741652,0.225441,-0.319302,0.092846,-0.061829,0.003507
-0.266790,0.130654,0.044639,0.137181,0.208524,0.291250,-0.013864,0.265422,0.310363,0.269451,0.301663,-0.241636,-0.235708,-0.155512,0.065307,0.260337,-0.029820,0.106525,-0.201813,0.411006
0.490671,-0.360858,-0.123733,-0.133090,-0.100288,-0.028852,0.186445,-0.201710,-0.097223,-0.230096,-0.053780,-0.221439,0.101096,-0.365305,-0.265030,0.332819,-0.095971,-0.186953,0.162696,0.005347
-0.237069,-0.226759,0.194397,0.127048,-0.254033,0.281300,-0.219441,-0.261343,0.182160,-0.178577,-0.250612,-0.245977,-0.257612,-0.157392,-0.250650,0.111404,-0.251015,0.257792,0.256332,-0.168530
-0.296774,0.266505,-0.177088,-0.299616,-0.209505,-0.219530,-0.234885,0.110227,0.260569,-0.279481,0.111339,0.099312,-0.186449,0.254060,-0.116375,-0.270899,-0.210942,0.247274,0.247884,0.196908
-0.055652,0.195460,-0.079249,-0.079490,-0.212186,-0.293914,-0.094533,-0.233362,0.326528,0.085600,0.262483,0.367391,0.207453,0.034944,0.097835,-0.288642,0.319035,0.324104,0.221811,0.200761
0.501571,-0.232423,-0.097263,-0.255765,-0.076937,0.045560,-0.167261,0.297816,0.241194,0.291847,-0.158781,-0.226386,-0.236270,0.283612,-0.074112,-0.159788,0.004637,-0.198269,-0.254806,-0.059245
0.049826,0.237561,0.025646,0.204639,-0.269253,0.163143,-0.000910,0.277888,-0.041529,-0.355223,0.095005,0.234836,0.212424,-0.376106,-0.300816,0.190274,0.281463,0.041870,-0.038210,0.366636
0.172491,0.144975,0.402907,-0.122572,-0.317516,-0.181675,0.350662,0.205913,-0.059326,0.083996,-0.183881,-0.214972,-0.025037,0.111174,0.031971,-0.204461,-0.278367,-0.116516,0.407450,-0.263046
-0.044812,-0.280268,-0.392666,-0.151890,0.151324,0.176146,-0.044751,0.058103,0.096315,-0.056573,0.207305,0.395735,-0.159742,-0.344032,0.250921,0.407678,0.286983,-0.038806,-0.041454,0.110448
-0.045858,-0.124175,0.224204,-0.360060,-0.021676,-0.353262,0.103798,-0.020546,-0.045651,0.199306,0.006441,0.403183,0.192801,-0.183473,-0.037613,0.385433,-0.344183,0.058135,-0.301216,0.168293
-0.230767,0.196350,0.269541,0.222751,-0.254606,0.255410,0.219459,0.248229,0.251859,0.229474,0.107372,-0.014071,-0.216930,-0.223313,-0.243904,-0.204428,0.245768,-0.236925,-0.248785,0.204035
