-0.146344,0.241676,-0.268232,0.002460,0.092829,-0.094304,0.108500,0.151730,0.255807,0.360786,-0.156363,0.385057,0.082242,0.145391,-0.408030,-0.296753,-0.203811,-0.175184,0.257380,-0.081663
0.425120,-0.279543,0.149357,-0.191919,0.222962,0.105798,-0.239664,0.035455,-0.239181,-0.174429,-0.087105,-0.172029,0.319274,0.256409,0.279306,0.240940,-0.280144,0.045123,-0.092797,-0.211423
-0.215488,0.060206,0.023946,0.261847,-0.283328,-0.223770,-0.316398,-0.277483,0.312175,0.177917,-0.344744,0.005512,0.035480,0.205920,0.343403,0.188144,0.174310,-0.126522,0.136112,-0.251913
0.347435,-0.004468,-0.179682,0.115241,-0.003134,0.080316,-0.014059,0.224979,0.370520,0.248457,-0.422678,0.013816,-0.147267,0.106656,-0.004997,0.385360,-0.162377,-0.422845,0.070690,0.082547
-0.008500,-0.272542,-0.146900,0.243736,0.134886,0.210952,-0.012982,0.234150,0.141082,0.286092,0.083479,-0.213997,0.294377,0.001536,0.344343,-0.070485,0.331080,-0.262113,0.303376,-0.303152
-0.041611,-0.366691,-0.294067,0.351685,-0.211590,0.012860,-0.015618,0.345024,0.103678,0.184662,-0.163939,-0.113149,0.254351,0.154245,0.079023,-0.278389,-0.335060,0.022737,-0.266423,0.221142
-0.256328,-0.060614,-0.211888,0.172095,-0.184964,-0.083076,0.269493,0.256545,-0.239320,-0.249891,0.215117,-0.187994,-0.243827,0.256379,-0.231147,0.240861,0.303471,0.239187,-0.121683,0.272911
-0.279264,-0.303194,-0.160308,0.053220,0.308986,-0.345709,0.295863,-0.252856,0.032963,-0.126750,0.305249,-0.269797,-0.257649,0.067611,0.200897,-0.159878,-0.092442,-0.117675,-0.303329,-0.026474
0.001751,-0.331645,0.266382,-0.243959,0.092182,0.342251,-0.035744,-0.073696,0.331698,0.242861,0.343140,-0.200034,0.131360,-0.275569,0.001886,-0.315984,-0.027925,0.146442,-0.276875,-0.092198
0.165603,0.190736,0.155214,0.121397,0.198482,0.168241,0.268900,-0.018756,0.009369,0.220353,-0.229257,0.405601,0.272068,-0.215878,-0.156899,-0.106569,0.228583,-0.401442,0.344155,-0.053354
-0.295855,-0.129095,0.108007,0.051820,0.046319,-0.045568,0.162042,-0.030182,0.388422,0.043795,-0.369118,0.117772,0.346560,-0.124208,-0.051346,0.152974,-0.337540,0.400175,-0.007988,-0.333840
0.096403,0.349602,0.171115,0.052498,-0.109656,-0.161891,-0.376223,0.090468,-0.131293,-0.340382,0.258036,0.236563,0.108610,-0.219097,-0.062959,0.255342,0.063257,-0.365782,0.121627,0.333602
-0.181481,-0.113087,-0.128860,-0.357009,0.241383,-0.170686,-0.123133,-0.232044,0.290859,0.332242,0.224356,-0.212586,-0.262998,-0.235736,-0.258488,0.052697,0.363341,0.057506,-0.155259,-0.097659
-0.123981,0.080225,0.280575,-0.240133,-0.394495,-0.065810,-0.297497,0.153389,-0.191880,0.018487,0.072797,-0.138034,0.180892,0.176960,-0.277034,-0.146018,0.314175,-0.395969,-0.164960,-0.251970
0.214694,-0.290161,-0.222547,0.316689,-0.100637,0.160725,0.191574,0.009197,0.304250,0.244639,-0.271017,0.306868,0.166903,0.116581,-0.160322,0.269067,-0.192528,0.199000,0.251970,0.217737
0.202534,0.210698,0.290363,0.170028,-0.287727,0.237556,-0.261898,0.265503,-0.114002,-0.158533,0.237107,-0.152646,-0.037807,0.183614,-0.329217,-0.081358,-0.144165,-0.277141,-0.341347,-0.202880
0.039121,0.092798,0.418978,0.029173,-0.024604,-0.225877,-0.206652,-0.108300,-0.346670,-0.014788,0.187204,-0.240251,-0.321833,0.347391,-0.145201,-0.272161,-0.132092,-0.169013,-0.345017,-0.098876
0.105673,0.280920,-0.256207,-0.173065,0.206729,-0.259697,0.082302,-0.201844,0.172193,0.265209,0.320471,0.354638,0.194505,-0.262150,0.049838,0.346709,0.046301,-0.201235,0.229297,-0.060920
0.202082,-0.247780,-0.092149,-0.250858,-0.227278,-0.228015,0.242154,-0.244362,0.223660,0.245435,-0.260018,0.183276,0.232620,-0.257023,-0.225046,0.206448,-0.208052,0.250420,-0.238254,-0.129177
0.045626,-0.258727,0.043886,0.231472,-0.291948,-0.216047,-0.129322,-0.231415,-0.187754,-0.249049,0.208673,-0.262888,-0.279690,-0.023997,0.196073,0.174981,-0.256087,0.296191,-0.275864,0.293393
0.314994,-0.406018,0.312900,0.052447,0.070509,-0.125938,0.036256,0.090903,-0.095246,0.172751,0.236490,0.298260,0.043514,0.474845,0.214777,0.038050,0.071017,0.030913,0.363854,0.087886
-0.343277,-0.300575,-0.292419,0.277792,-0.263925,0.005110,-0.179657,0.198816,0.205321,-0.189169,-0.115545,-0.137770,-0.168163,-0.151501,-0.041325,0.343974,-0.296533,0.113977,-0.266844,-0.184372
0.156158,0.141276,0.186165,0.224614,-0.084636,-0.117515,-0.296992,-0.112101,0.016807,0.079301,0.427981,0.334372,-0.182791,0.323361,-0.247933,0.016771,0.089468,-0.214818,-0.439158,-0.022809
-0.262932,0.227159,-0.192804,-0.248265,0.277644,0.198109,0.224438,-0.156841,-0.280371,0.234302,0.027239,-0.242767,0.250030,-0.272197,0.258108,0.191210,0.256193,0.121985,-0.259577,-0.091023
-0.195257,-0.201815,-0.263607,-0.155812,-0.267539,-0.100056,-0.291305,-0.065440,0.272005,-0.288425,0.118146,-0.272287,0.199195,-0.282308,0.255865,0.188843,0.292033,0.210235,0.002280,-0.247758
-0.172142,0.258814,0.278732,-0.169301,-0.299866,-0.006655,0.141833,-0.241269,0.302321,0.187738,-0.077685,0.176890,-0.350307,0.356033,0.118395,0.246442,-0.200313,-0.037033,0.252992,-0.187190
0.320932,-0.182135,-0.012078,0.314011,-0.061168,-0.221210,-0.042975,-0.167301,0.251623,0.271574,-0.342942,-0.164815,-0.167415,0.246603,-0.240080,-0.338938,0.290335,-0.063223,0.138213,0.178819
-0.341085,-0.162146,0.425869,0.041135,0.233241,0.061165,0.270967,-0.100391,0.260585,0.055541,0.209906,0.090990,0.272232,0.364072,-0.335399,0.108418,0.084113,0.000467,0.145335,0.224136
0.412507,-0.241128,-0.187087,-0.129810,-0.014411,-0.285356,-0.275561,0.155858,-0.331252,-0.060556,0.234873,-0.065279,-0.082702,-0.141230,-0.016622,-0.279054,-0.306895,0.190723,-0.185693,0.308521
0.095762,-0.196702,-0.344063,-0.088465,0.210486,-0.248177,0.227689,-0.001781,0.336785,0.108993,0.186598,0.138836,-0.246280,-0.323509,0.264394,0.310593,0.061549,0.345585,-0.082574,0.164539
-0.241184,-0.148130,-0.061983,0.192803,0.051472,-0.405577,-0.003085,-0.011811,-0.216347,-0.064308,0.235378,0.386064,0.222320,-0.145376,-0.289038,0.227003,-0.005851,-0.186409,0.241439,-0.396842
-0.230336,-0.151416,0.168640,0.293951,-0.300738,-0.291936,0.253471,-0.175995,0.259406,-0.229362,0.116170,0.260260,0.272090,0.247090,0.155172,0.208233,-0.135076,-0.287496,0.175917,-0.052715
