-0.138519,0.280156,-0.225339,-0.263078,0.147036,-0.223028,-0.067821,0.187971,0.218118,0.377317,-0.142927,-0.225948,0.354295,-0.162198,-0.092837,0.233420,-0.249740,0.141024,0.223954,-0.249537
0.446435,-0.244507,-0.149480,-0.193996,-0.168716,0.125786,-0.248010,0.272203,-0.164086,0.287992,-0.139004,-0.139579,0.272067,-0.260644,-0.159794,0.228393,0.201475,-0.141000,-0.163885,-0.213051
-0.060680,-0.011277,-0.243676,0.395874,-0.083364,0.217314,-0.055017,-0.358951,0.121652,0.158810,-0.361541,0.278252,0.022538,0.082681,-0.001477,-0.113059,-0.321667,0.002931,-0.320370,-0.345904
-0.427724,0.437161,0.347928,0.031850,-0.110457,-0.045353,-0.059051,0.045446,0.285900,0.337423,0.325275,0.252153,0.186312,-0.036970,0.001757,0.253311,0.134883,-0.012860,0.007018,-0.020720
-0.227261,-0.212011,-0.230442,-0.261933,0.059737,0.015571,-0.120082,0.328474,0.223225,-0.122585,-0.155911,-0.096323,-0.285891,0.291587,0.331293,-0.101092,0.324994,0.329537,-0.116208,-0.206569
-0.291238,0.034118,-0.219408,0.279408,-0.080421,-0.032135,-0.242656,0.190009,0.353278,-0.280885,0.342194,-0.130454,-0.139284,0.333417,-0.326713,-0.068127,0.164904,0.134911,-0.172764,-0.174107
0.196688,0.121648,0.286768,-0.213257,-0.266878,0.253640,-0.188163,0.263162,0.099292,0.326658,-0.188557,-0.019124,-0.160018,-0.197374,0.296445,0.149426,0.244385,0.277959,0.276490,-0.194675
-0.294776,-0.258483,-0.087892,0.296481,0.319233,0.071834,-0.037957,-0.160417,-0.102625,0.025461,-0.301226,-0.352674,0.001468,-0.076378,-0.127088,-0.238850,-0.216740,-0.277931,-0.267158,-0.339847
-0.208207,0.057074,-0.054555,0.299873,0.258343,-0.073171,-0.212062,-0.219623,0.219080,0.035215,0.359886,-0.128080,-0.292425,0.312321,-0.300519,-0.126248,0.167299,0.272773,-0.140612,-0.297594
0.209237,-0.500831,0.006034,0.360126,0.132328,0.065629,0.216123,0.158724,0.068373,0.022089,-0.165932,0.287236,0.206782,0.330669,-0.197146,0.254123,-0.262441,-0.015465,0.170794,0.113618
-0.067756,0.351450,-0.286913,-0.066149,0.121961,-0.058967,0.158956,-0.322016,-0.112284,-0.063842,0.470146,-0.269213,0.052546,0.083886,-0.136948,0.210072,0.372768,0.318754,-0.092822,0.076347
0.077231,0.298531,0.191407,-0.264893,-0.101292,-0.060974,0.109153,-0.054569,-0.507283,-0.011240,0.203307,0.232283,0.115534,0.208325,0.155079,0.148939,0.121751,-0.019729,0.041361,0.544596
0.508323,0.058695,0.225641,-0.165091,-0.286560,0.123085,-0.258820,-0.153320,-0.132829,-0.137091,-0.181589,0.213304,0.272133,-0.251574,0.215322,-0.028581,-0.212782,-0.184291,-0.132163,-0.275841
0.164284,-0.145797,0.306794,-0.219905,0.046994,0.126543,-0.022597,0.324564,-0.125105,0.341153,0.081750,-0.166172,0.257560,0.213235,-0.292806,-0.176143,-0.403540,0.201098,0.257020,-0.144757
-0.151329,0.047298,0.241044,-0.266782,-0.043192,0.228935,-0.008296,-0.127513,0.259457,0.139595,-0.337395,-0.216376,-0.348834,0.329833,0.141952,0.088509,0.341365,-0.089615,0.348037,-0.152883
0.523898,0.228227,-0.038997,-0.255657,0.266925,-0.164224,-0.034339,0.267990,-0.271280,0.274627,-0.109433,0.020902,0.279896,0.142789,0.167466,0.163503,-0.176390,0.178542,0.159427,-0.178896
-0.301056,-0.138351,0.290157,-0.179336,0.371275,0.324837,0.329754,-0.051201,-0.284041,-0.156390,-0.085427,0.024116,-0.395190,-0.144726,-0.013556,0.045586,-0.041522,0.031433,-0.249159,-0.248913
-0.090868,0.270828,-0.060772,0.380860,0.198350,-0.018442,0.227455,0.274174,-0.017518,-0.295466,0.336759,-0.270463,-0.023285,-0.171724,0.281095,-0.152890,-0.094760,0.207052,-0.226584,0.305421
0.288680,-0.279214,0.262325,-0.275162,0.197057,-0.228506,-0.270317,0.259658,-0.053224,-0.270673,-0.301218,-0.152194,0.231687,0.019366,0.036736,0.126089,-0.243929,0.254293,-0.114280,-0.253210
0.100541,0.353502,0.306296,-0.193494,0.005634,-0.210793,-0.221760,0.318333,0.080357,-0.213717,-0.111992,0.008188,-0.139869,-0.234732,0.216765,0.252966,-0.155229,-0.347231,0.289706,-0.244365
0.605910,0.005218,0.389211,0.124974,-0.071936,-0.040161,-0.041471,-0.084788,0.263756,0.088251,-0.403896,0.177376,0.105286,-0.084667,0.063531,0.219734,0.098368,0.064679,0.305962,-0.007191
-0.268424,-0.268850,0.197313,-0.022751,-0.069672,0.062577,0.305091,-0.188592,-0.185383,-0.134329,0.161892,-0.284715,0.043547,-0.279464,0.318959,0.320285,0.162224,0.260621,-0.323769,0.189043
0.425538,0.200665,-0.034595,0.031196,-0.090388,0.054376,0.232179,0.168974,-0.319606,0.390618,0.158690,-0.002765,-0.209191,0.387975,0.113457,-0.051080,0.040926,-0.382841,-0.079032,-0.196773
-0.270802,-0.043384,0.250527,-0.196505,-0.194779,0.104424,-0.198449,0.260162,-0.281768,-0.256756,-0.243245,-0.191003,-0.234232,0.233574,-0.065547,0.278968,-0.247057,-0.205132,-0.263295,0.250094
-0.246949,0.216117,-0.273575,0.172245,0.182154,0.281642,-0.236301,-0.216174,-0.241406,-0.110754,-0.296837,-0.267334,-0.190003,0.266794,-0.173425,-0.171267,-0.277840,-0.261685,-0.019122,-0.172845
-0.212505,-0.220609,0.202951,0.327117,0.359767,-0.104536,0.202711,-0.023468,0.308540,-0.297826,-0.317186,0.192595,0.033518,0.177198,0.209339,-0.042564,-0.285768,-0.128564,-0.091521,-0.263919
0.180272,0.021768,-0.156405,-0.165073,-0.293920,0.194745,-0.096925,-0.231856,0.288603,0.386387,-0.066103,0.230140,0.346695,-0.217047,-0.302350,-0.122191,-0.138353,-0.067391,0.201854,-0.315987
-0.021450,-0.350093,-0.209083,-0.329851,0.131892,-0.285882,0.106306,-0.214917,-0.315459,-0.390699,-0.095723,0.219118,-0.311301,0.002258,-0.056217,0.048324,-0.193769,-0.286486,0.151031,0.116901
0.530803,0.307561,0.224509,-0.230697,0.244222,0.088365,0.093040,-0.077973,-0.089547,-0.241480,-0.167424,0.234866,-0.191146,-0.176148,-0.132012,-0.232006,0.262947,-0.182871,0.184123,-0.114076
-0.084666,0.025634,-0.330536,0.394000,0.017419,-0.350945,0.129845,0.070142,0.210918,-0.188895,-0.287769,0.251118,0.181267,-0.321492,0.235109,-0.032705,0.133626,0.358218,-0.101668,0.085597
-0.284724,-0.321397,0.130513,-0.235006,-0.154276,0.313983,-0.237796,-0.163274,-0.024031,0.129197,0.437047,0.227364,-0.179257,-0.094583,0.161205,0.340494,0.276344,0.077788,-0.108379,0.025378
-0.186562,0.198831,0.248352,-0.276406,0.270141,0.267801,0.246531,0.175350,-0.206182,-0.281421,-0.222040,0.250051,-0.245412,-0.005369,-0.214768,-0.112073,-0.184959,-0.221863,-0.269692,-0.206684
