-0.164928,-0.149799,0.313840,-0.221020,0.163768,-0.171901,-0.309667,0.115318,0.166664,0.327492,-0.220150,-0.225737,0.300439,0.195612,0.202510,0.180788,0.269134,-0.061405,-0.250012,-0.249136
-0.237776,0.321861,-0.333072,0.130235,-0.262994,0.113653,-0.187324,0.253545,-0.166770,-0.298704,-0.184699,0.006737,0.360509,0.081949,0.327338,0.174125,-0.118798,-0.261699,0.065607,-0.135130
-0.307862,-0.201630,0.322091,-0.297646,-0.067089,0.089167,-0.227905,-0.055098,-0.005770,0.139158,-0.260454,0.187545,-0.368188,0.233692,0.370459,-0.117792,0.048815,-0.196938,-0.203538,-0.241889
0.389540,0.064666,0.365124,0.118457,0.332187,0.005216,-0.247961,-0.258703,0.025008,0.289898,0.274378,-0.038133,-0.177853,-0.181678,0.231129,0.111093,-0.383479,0.040932,0.099291,0.086872
-0.171729,-0.204428,-0.227975,-0.193782,-0.227243,-0.222085,0.277161,-0.225081,-0.247887,0.153670,0.147038,0.301795,-0.267553,-0.266064,-0.230046,-0.170674,-0.123693,0.177353,0.277346,-0.254736
0.165613,0.176499,0.396077,-0.313973,0.019650,0.118158,-0.045552,-0.207982,0.036576,-0.303912,-0.135909,0.315582,-0.170248,-0.107447,0.167311,-0.098994,0.031991,-0.372446,0.266751,-0.353983
-0.218512,-0.191432,-0.255322,-0.129487,0.082575,-0.263006,-0.289928,-0.224128,-0.170561,0.227703,0.204018,0.212631,0.210877,-0.250240,0.286015,-0.213582,0.268388,0.154163,-0.174013,0.308224
-0.262111,0.133970,0.127091,-0.094409,-0.096401,-0.272470,0.109144,0.041526,0.346998,-0.359694,-0.297004,0.156320,0.334993,0.092019,0.108710,0.136776,-0.136487,0.268494,0.351936,-0.250779
0.010858,0.084841,0.364347,-0.355543,0.163013,-0.150291,0.108433,-0.153829,0.353586,-0.044251,0.249199,-0.254511,0.175308,-0.372028,0.190040,0.286833,0.246392,0.213368,-0.028090,-0.023133
0.271701,0.069788,0.188214,0.208721,0.137110,-0.173938,-0.344939,0.075335,-0.107700,0.285247,-0.167778,-0.311743,-0.308556,0.202013,-0.077872,0.362962,0.001419,-0.369535,-0.025307,0.198215
0.004715,-0.022569,-0.461806,-0.294142,0.040968,-0.149009,-0.002136,0.245527,-0.176695,0.097097,-0.379809,-0.115236,0.369747,0.172580,-0.036454,-0.147840,-0.396347,0.216648,-0.136663,-0.070319
0.091343,-0.264257,0.249599,-0.106750,0.172269,-0.049630,0.278291,0.320358,-0.068933,0.454490,0.369639,0.075554,0.013262,0.261448,-0.029556,0.215821,-0.074934,-0.101699,0.387609,-0.008866
0.303076,0.163973,0.217420,-0.202680,-0.233568,0.283770,-0.098366,-0.254580,-0.046744,0.095693,-0.130373,-0.331821,-0.310354,-0.205385,-0.196129,0.197840,-0.253874,0.139612,0.176084,0.337397
0.208181,0.077114,0.340968,-0.152916,-0.315023,0.160518,0.182708,0.229850,-0.263796,0.316820,-0.013368,-0.262961,-0.092758,0.172297,0.175826,0.005411,0.361565,0.320242,-0.166198,-0.174419
-0.133957,-0.316779,-0.184407,0.217903,0.210125,0.053388,0.207945,0.210961,0.210467,0.117168,0.336022,0.296023,0.263145,0.230964,-0.279731,-0.213332,0.215489,0.303194,-0.119379,0.089121
0.230616,0.330055,0.039628,-0.217820,0.341585,0.053562,0.028022,0.164786,0.320266,0.051133,-0.138867,-0.329233,0.332654,0.057095,0.135231,0.129411,-0.294722,-0.289390,-0.114269,-0.275490
-0.034533,0.028841,0.108323,0.285477,0.144083,-0.264583,0.346580,-0.168588,-0.137262,0.396489,-0.205780,-0.036601,0.053775,-0.331341,0.269099,0.296700,-0.369459,-0.008350,0.163792,0.095863
0.238518,-0.007437,0.318780,0.330524,0.324551,0.246843,0.206965,-0.240073,-0.045039,-0.044773,0.109165,0.341729,0.129724,-0.303468,0.039393,0.110724,0.006279,-0.130534,0.349860,-0.265538
-0.166234,0.227977,0.305570,-0.090229,-0.242563,-0.183193,-0.290538,-0.244909,0.117598,0.285381,-0.227698,-0.198824,0.159761,-0.233651,-0.230793,-0.276162,-0.056943,0.221324,0.225423,-0.287663
0.148741,0.182988,0.166579,-0.188739,0.093397,0.279405,-0.281812,-0.071499,-0.118097,-0.339415,-0.317971,0.288577,-0.249759,0.181853,0.158855,-0.016846,-0.288376,0.163758,-0.231293,0.334254
0.192609,-0.397652,0.280624,0.140093,0.002520,-0.033042,0.048419,0.083859,0.122572,0.160784,0.293243,0.510441,0.369065,0.112004,0.271916,0.094334,0.141345,0.053154,-0.160115,0.168745
-0.116001,-0.227332,0.232549,-0.006092,0.148427,0.272125,0.187382,-0.201395,0.267907,-0.010205,-0.124203,0.370732,-0.276024,0.175907,-0.233084,0.323786,-0.288226,-0.125931,0.339214,-0.062842
0.182435,-0.367581,-0.265336,0.253524,-0.531158,-0.139740,0.102687,0.249121,-0.041400,0.050352,0.151311,0.387476,0.118493,-0.046079,0.002004,0.086822,0.225888,-0.217087,-0.144783,-0.050595
-0.140291,-0.295108,0.003678,-0.263044,0.297422,-0.298008,0.275509,-0.025385,-0.326488,0.185240,-0.253830,0.194455,-0.115174,-0.268264,0.212101,-0.282806,-0.204990,-0.109403,0.227691,-0.105001
-0.043048,-0.163040,-0.126938,-0.225112,-0.248649,0.246170,0.272185,0.253364,-0.235778,-0.227511,-0.276683,0.118715,-0.276345,0.158785,-0.157285,-0.211867,-0.213438,-0.269605,-0.285322,0.274255
-0.083944,0.215983,0.238625,-0.363068,0.151907,0.249998,-0.068040,0.202402,0.026566,0.386873,-0.017880,-0.121208,-0.400334,-0.354612,-0.043251,0.373872,-0.102360,-0.014537,-0.141616,0.050724
0.015690,-0.045330,-0.132755,-0.149637,0.111892,-0.079041,0.251982,0.321642,-0.283235,-0.266305,0.226953,-0.245558,-0.031112,0.243539,0.203767,0.233396,-0.265922,-0.262525,-0.305813,0.345821
-0.247307,0.143328,-0.281540,0.178450,0.309830,0.114799,0.201075,0.238858,-0.261455,0.250932,0.179187,-0.000830,-0.311650,0.273942,-0.233902,0.187241,-0.284634,-0.074625,0.276172,-0.110901
-0.347790,0.122702,-0.064995,0.321219,0.362575,-0.110603,-0.140143,0.254032,0.167025,-0.085558,-0.344967,0.120536,-0.070266,-0.206815,-0.172524,0.283509,-0.338938,0.210812,-0.057915,0.198595
0.011731,0.173815,-0.103822,0.205718,-0.265673,-0.209140,-0.019699,-0.171702,0.237387,-0.241883,-0.106967,0.240711,-0.327669,-0.311589,0.165374,0.020779,-0.331043,-0.282957,0.370754,-0.169617
-0.193710,-0.016751,0.097756,0.438651,0.281086,-0.404838,-0.028071,-0.000141,0.442524,-0.153713,0.320891,0.263614,-0.189442,0.113610,-0.017512,-0.241997,0.002965,-0.072137,0.055523,-0.093039
-0.247206,0.238099,-0.255122,-0.248228,-0.212280,-0.153919,0.205084,0.273933,-0.272134,-0.062522,-0.276178,-0.133221,0.205634,0.158480,-0.227002,-0.232735,0.207612,0.222362,-0.251540,0.262177
