0.514405,0.298808,-0.159019,0.293815,0.031142,-0.235151,0.176989,-0.280448,0.299572,-0.146415,-0.145569,-0.019550,-0.031656,0.218823,-0.123859,-0.131596,-0.272103,-0.065526,-0.094985,-0.258052
0.481221,-0.079749,-0.095359,0.242035,0.082373,-0.237768,-0.192462,0.170024,0.112278,0.371665,-0.069388,0.207696,0.176476,-0.135621,0.057402,0.305304,0.271006,-0.131112,0.260399,0.248889
-0.420653,0.112258,-0.094867,-0.197333,0.243325,-0.302712,0.081219,0.012537,-0.347590,0.039054,-0.088984,0.209615,0.192014,0.382899,0.058121,0.338746,0.330426,0.111259,-0.083868,0.022621
0.155116,-0.266095,0.240873,0.192301,0.011279,-0.195840,0.101945,-0.001196,0.020836,-0.142296,0.337553,0.368243,0.492490,-0.172343,0.375849,0.094845,0.188462,0.120067,0.113999,-0.074802
0.040714,0.149833,-0.319728,-0.232834,-0.280096,0.301158,-0.308210,-0.239381,0.246398,0.025180,-0.311834,0.220938,-0.170475,0.158609,-0.251072,-0.162232,0.005149,0.241807,0.211262,-0.209534
-0.160369,0.209052,-0.285839,-0.284314,-0.134997,0.075790,0.116122,-0.220505,0.279934,-0.260672,-0.134598,-0.265542,-0.340710,0.171858,-0.141834,0.272746,0.261567,0.171291,0.280326,-0.174804
-0.223414,-0.186214,0.076361,0.182469,0.267736,-0.294628,0.198442,-0.187200,-0.122647,0.070666,-0.114288,-0.067949,-0.254115,-0.229696,-0.308221,-0.348134,0.313984,0.159719,0.296451,-0.245249
-0.028839,-0.213381,0.069398,-0.063226,-0.330202,-0.133657,-0.265533,0.271031,-0.282244,-0.178564,0.070628,0.173354,-0.293624,0.287662,-0.243870,-0.302991,0.166664,-0.236282,0.245320,0.251681
0.128909,-0.081946,0.207486,0.319849,0.312191,-0.262163,0.338131,0.053391,-0.035547,-0.089666,-0.232107,-0.076172,-0.327865,0.034142,0.048966,-0.274973,0.158155,-0.369775,0.137337,-0.334187
0.364129,0.138413,0.247052,-0.051222,0.023491,0.298501,0.057265,-0.330911,0.133820,-0.268113,0.277226,0.053555,0.122037,0.245037,-0.127892,0.448231,0.265642,0.079310,-0.161611,-0.132154
-0.100026,0.160634,-0.015932,0.354604,-0.324096,-0.166752,-0.353785,-0.304248,0.318065,-0.164791,-0.176190,-0.070703,0.020356,-0.041597,-0.388474,0.311641,-0.006544,-0.268359,0.023373,0.021748
0.404188,-0.073903,-0.084983,-0.090990,-0.137378,0.041774,-0.346443,-0.068668,-0.407225,0.258859,0.115906,-0.413006,0.104056,-0.238141,-0.108941,-0.056747,0.341092,0.193406,-0.015232,0.129830
0.290544,0.298943,0.108288,0.304332,0.339557,-0.176402,0.164084,-0.181467,-0.161701,0.042318,0.086346,0.244847,-0.286424,-0.287663,0.241543,0.291312,-0.024676,-0.193208,0.142294,0.232548
0.056607,0.122955,0.234483,-0.332579,0.134014,-0.037096,-0.294554,-0.173510,0.015059,0.431556,0.336959,-0.028139,-0.228552,0.235175,0.275018,0.237161,-0.340647,-0.074302,0.073560,-0.112636
-0.113607,-0.247975,-0.319936,0.277644,-0.212116,0.311218,-0.241154,0.265413,-0.174768,0.104619,0.296374,0.255224,-0.197295,-0.112362,-0.217632,-0.140878,0.057462,0.209160,-0.214587,0.263406
0.474922,0.042084,-0.026970,-0.264343,-0.211018,-0.239300,-0.108821,0.187623,0.209749,-0.077599,0.305653,0.219778,0.135268,-0.338420,0.130365,0.338101,-0.060703,-0.204332,-0.160061,-0.162187
0.047789,0.121088,-0.026444,0.391672,0.011478,-0.198099,0.300754,0.276626,0.299538,-0.219759,-0.099804,0.261467,0.237658,-0.264133,0.290197,0.287594,0.078217,-0.063232,-0.045323,0.317669
-0.027658,-0.083223,0.011922,0.305660,-0.088038,0.377799,-0.166917,-0.222089,0.377296,-0.093021,-0.101013,0.124205,0.066369,0.007900,-0.227962,-0.234083,-0.077722,0.044037,-0.432428,0.433859
0.205632,0.224501,0.169632,0.102830,-0.126189,0.151441,-0.233669,0.218312,-0.215965,0.211802,-0.066109,-0.284095,-0.290050,0.256043,-0.310574,-0.199182,0.221808,-0.133539,0.304305,-0.323753
0.178273,-0.253840,-0.368776,0.269641,-0.210728,-0.165442,0.283574,-0.194180,-0.033214,0.398924,0.036107,0.166414,0.159777,-0.111023,0.305309,0.284126,0.081605,-0.166299,-0.161507,-0.209160
0.329875,-0.103011,-0.361218,0.106716,-0.199328,-0.319641,0.335888,-0.112155,0.043585,0.314797,0.037390,0.217426,-0.205470,0.304052,-0.019568,0.351827,-0.067015,-0.214575,0.024797,0.108421
-0.225023,-0.120435,0.049238,-0.143757,0.212670,-0.238981,0.212658,-0.097497,0.303101,-0.291504,-0.257257,0.273150,0.162856,-0.282713,-0.265519,0.291554,0.162086,-0.339541,-0.177443,0.045435
0.384413,-0.211021,0.304166,0.142741,0.000609,0.076878,-0.272408,0.066872,-0.219574,0.315131,-0.067730,-0.167993,0.216435,0.189422,-0.170338,0.257288,0.400473,0.206725,0.150026,0.162259
-0.311882,-0.237885,-0.223955,-0.284518,0.233822,-0.212052,0.103856,-0.155752,0.095020,-0.229184,-0.301706,0.187017,-0.150538,-0.242766,-0.303833,-0.161232,-0.312083,-0.191372,0.232058,0.070830
0.246708,0.284566,-0.267423,0.203242,0.306657,-0.106569,-0.175424,-0.022858,-0.213624,0.191681,-0.243005,-0.255966,-0.209390,-0.193077,0.242237,-0.244082,-0.311629,-0.132746,-0.206288,-0.212202
-0.108939,0.312293,-0.033772,0.278133,-0.268125,0.030790,0.229487,-0.291552,-0.211768,-0.165289,-0.245624,0.335930,0.047268,0.175354,-0.326753,-0.204145,-0.121302,-0.016950,-0.282119,0.283261
0.487488,0.068858,0.147957,0.180931,-0.220416,0.225236,0.067476,0.119292,0.257086,0.288674,-0.147035,0.098815,-0.179242,0.241982,0.229035,0.321003,-0.168261,0.217191,-0.094399,-0.271110
-0.332992,0.088159,-0.252116,-0.144352,-0.232828,0.281593,0.206505,-0.202926,0.196068,-0.282982,-0.225721,0.192375,-0.126068,0.236996,0.170413,0.345367,-0.150472,0.316301,0.014945,-0.172763
0.385805,0.103406,-0.082226,0.080166,0.140360,-0.189376,-0.233993,0.257757,-0.242393,0.384175,-0.220611,-0.135287,0.238207,-0.274473,-0.179228,0.237071,-0.179772,0.116629,0.210315,-0.258157
0.183638,-0.049739,0.137115,0.036270,-0.083224,0.266346,0.288191,0.073827,-0.020718,-0.054112,0.289591,0.390701,-0.082375,0.290323,0.345027,-0.288437,-0.383983,0.095706,-0.107613,0.275595
0.163721,-0.362624,0.097208,0.259915,-0.044386,0.260257,-0.212538,-0.104950,-0.221556,0.249199,0.189899,0.108281,0.082063,-0.349423,0.387243,-0.327009,-0.052773,-0.239956,-0.037598,-0.179803
-0.175070,-0.290379,0.000668,-0.231488,-0.170034,-0.206577,-0.185059,0.219632,0.302753,0.015760,-0.147493,-0.275415,0.267241,-0.212255,-0.294611,0.280654,-0.294925,-0.151145,-0.202894,0.234167
