-0.063387,-0.008614,0.007582,-0.039388,0.011463,0.002507,0.043887,0.004387,0.001267,0.016541,0.010755,0.086647,-0.005997,-0.004232,-0.044535,0.148737,0.174656,0.011048,-0.024745,0.963804
0.059287,-0.009257,0.016590,0.069502,-0.013090,0.035921,-0.033681,0.007613,0.038760,0.024294,0.805566,-0.032309,0.011172,0.045350,0.566907,-0.032096,-0.013628,-0.030308,0.099921,-0.029714
0.972733,0.019184,0.036962,0.019481,0.043501,0.035848,0.015057,0.049770,0.030121,0.031616,0.111140,-0.029745,-0.000137,0.105905,0.008194,-0.000253,-0.010328,-0.045812,0.124946,-0.039388
0.066894,0.021132,0.060648,0.172848,0.047284,0.061189,0.064125,0.091788,0.040606,-0.014585,0.069606,-0.006409,-0.023275,0.038396,0.041623,0.019496,0.037997,-0.001293,0.964598,0.015358
-0.072946,-0.010668,0.028146,0.049234,0.011139,0.065923,0.047987,-0.040135,0.084012,0.021818,0.971950,-0.015257,0.053120,0.020080,-0.028349,-0.086398,-0.019359,-0.016424,0.113928,-0.073451
0.941778,0.012060,0.056696,0.039739,0.007852,0.067589,0.061993,0.006224,0.108474,-0.012702,0.236079,-0.037055,0.056534,0.073430,0.012267,-0.059931,-0.037359,-0.000660,0.099101,-0.083794
0.965184,-0.014067,0.042391,0.080015,0.025837,0.058393,0.068829,0.025862,0.101232,0.022382,0.118750,-0.053124,-0.001093,0.043495,0.069485,-0.029737,0.009318,-0.042642,0.108330,-0.040252
0.111934,-0.007394,0.066542,0.107679,0.013035,0.061916,0.046620,0.037021,0.128752,-0.004556,-0.075246,-0.031425,0.014085,0.935192,0.142866,0.025659,-0.018812,-0.037676,0.207096,-0.009205
0.102568,0.001708,0.005069,0.027262,0.026672,0.049003,-0.011056,-0.022561,0.269468,-0.018932,0.891594,-0.081460,0.033576,0.036455,0.262016,-0.068248,-0.014542,-0.056068,0.167615,-0.056564
-0.016643,0.025787,0.006273,0.066150,0.015020,0.084511,0.025746,0.042718,0.055460,-0.010092,0.978529,0.003969,0.024964,0.049534,-0.012412,-0.028944,0.015936,-0.012445,0.137131,-0.028142
0.007877,0.028467,0.036731,0.106443,0.042910,0.059086,0.063845,0.021661,0.051237,0.001741,0.976657,-0.033506,-0.021795,0.067194,0.034419,0.004957,0.032443,-0.011962,0.105503,-0.020843
-0.085377,0.069500,0.005246,-0.025918,0.007332,0.054960,0.349485,0.020413,0.040393,0.879431,0.032281,0.150135,-0.014889,-0.026219,-0.034586,-0.034105,0.192750,-0.007905,-0.066202,0.134429
0.910876,-0.014303,0.020784,0.060402,0.021090,0.039026,-0.000372,-0.019710,0.060549,0.030652,0.287356,-0.016402,0.052292,0.056670,0.186966,-0.085754,-0.014642,-0.029593,0.144087,-0.078155
0.972143,0.015040,0.048700,0.097836,0.026890,0.036026,0.063557,0.020395,0.078146,-0.002766,0.080135,-0.046505,-0.022342,0.063125,0.062087,-0.004801,0.019693,-0.011716,0.111360,-0.017457
0.977766,0.021745,0.030392,0.063426,0.044326,0.042630,0.062738,0.030373,0.038848,-0.004480,0.042952,-0.019548,-0.028117,0.097752,0.052407,0.052867,0.033111,-0.034272,0.085922,-0.024828
0.055816,-0.003844,0.011383,0.021386,0.017866,0.054013,-0.006020,-0.010221,0.044297,-0.012657,0.073105,-0.061398,0.021523,0.063282,0.972267,-0.034436,0.015474,-0.046188,0.164117,-0.037485
0.958624,0.030750,0.031523,0.085161,0.025098,0.072280,0.063211,0.037530,0.028980,-0.001585,0.169922,0.011521,0.011276,0.051905,0.017415,0.000918,0.046183,-0.022895,0.154428,-0.033333
-0.021351,-0.018640,0.048076,0.169045,0.042116,0.073805,0.081921,0.034472,0.076850,-0.035199,0.114452,-0.048919,0.014080,0.047184,0.955597,-0.055125,-0.002471,-0.017040,0.081510,-0.070585
-0.058250,-0.000333,0.011375,-0.027794,0.003397,0.013177,0.080212,0.004062,0.023926,0.074853,0.006403,0.091155,-0.011541,-0.010822,-0.043758,0.959562,0.191256,0.004615,-0.033299,0.117943
-0.081160,0.037624,-0.008317,-0.026430,0.009134,0.049493,0.159134,0.026010,0.034088,0.137981,0.156318,0.224070,-0.035654,-0.045615,-0.060393,-0.011005,0.161281,0.000813,-0.060577,0.911620
0.963773,0.026237,0.027522,0.068115,0.025302,0.048787,0.056348,0.026080,0.042431,-0.038177,0.175226,-0.021803,0.013472,0.078345,0.025813,-0.019499,0.009389,-0.031370,0.108159,-0.060049
0.015533,-0.005218,0.026961,0.097656,0.042667,0.083337,0.038510,-0.001864,0.256386,-0.038737,0.937839,-0.043473,-0.007953,0.058837,0.106746,-0.036862,0.018882,-0.035823,0.099635,-0.051995
0.968404,0.013928,0.022302,0.045926,0.031157,0.047163,0.052214,0.044860,0.065951,0.012394,0.018987,-0.021439,-0.008265,0.079490,0.029602,0.013598,0.009636,-0.043958,0.185377,-0.047945
-0.069636,-0.010362,0.007607,-0.047584,-0.000264,0.002374,0.042629,0.006248,0.009961,0.017369,0.007025,0.063632,-0.003567,-0.009256,-0.032200,-0.039507,0.078334,0.026265,-0.029925,0.987898
0.004929,-0.020483,0.017612,0.067432,-0.000570,0.056903,-0.002066,0.011776,0.115329,-0.003666,0.952244,-0.038326,0.020246,0.050707,0.197832,-0.040027,-0.015762,-0.031942,0.142300,-0.067280
-0.050725,-0.003705,0.012158,-0.047441,0.001868,0.000520,0.095159,0.007443,0.029426,0.060585,0.054521,0.158997,-0.014865,-0.026453,-0.067393,0.036845,0.078825,0.028112,-0.029768,0.968711
-0.083198,0.006191,0.041395,0.116390,0.019801,0.091995,0.042770,0.073614,0.046006,-0.004299,0.967210,0.055160,-0.025213,0.015275,-0.019747,0.055873,0.084316,-0.017248,0.096003,0.000112
0.122908,-0.009450,-0.006402,0.040363,0.033047,0.037470,-0.009318,0.059007,0.038665,0.022088,0.959274,-0.056900,-0.012059,-0.032205,-0.026741,-0.041267,0.000906,-0.053820,0.212122,-0.012211
0.973788,-0.001593,0.031220,0.081126,0.013189,0.083505,0.058010,0.027273,0.050325,-0.009053,0.064926,0.042970,-0.005731,0.037815,0.014626,0.059368,0.024119,-0.022308,0.131865,-0.024010
-0.180525,0.018010,0.053109,0.095329,0.029499,0.099646,0.079643,0.037467,0.054400,-0.017135,0.947415,-0.003617,0.070692,0.047182,0.017347,-0.063731,0.042710,-0.019775,0.137556,-0.055201
-0.070402,-0.019861,0.027431,0.076499,0.018014,0.082944,0.046395,0.061891,0.061387,0.007406,0.973962,0.064681,-0.028043,-0.029943,-0.015482,0.008086,0.026660,-0.036326,0.119192,0.004783
-0.092836,0.050581,0.006590,-0.035280,0.011038,0.058516,0.232407,-0.008265,0.047096,0.149209,0.189420,0.103544,-0.038371,-0.027649,-0.046649,-0.043809,0.139404,0.002693,-0.077564,0.909415
