0.032235,0.001433,-0.010899,-0.002579,0.002796,0.001941,0.053628,0.023390,0.019596,0.019293,-0.033247,0.087920,-0.028965,0.008375,-0.025860,0.969862,0.009946,-0.001094,-0.024484,0.207115
-0.004023,0.059211,0.051632,0.039416,-0.001681,0.012363,-0.013991,-0.078170,0.037590,0.964103,0.081638,0.035282,-0.007929,0.138954,0.127485,0.020548,0.017171,0.013515,0.090279,0.048025
-0.020401,-0.013842,0.054856,0.006856,0.009687,-0.031495,0.009655,0.022602,0.067875,0.023895,0.976955,-0.003014,0.019540,0.148942,0.015929,-0.021568,0.081897,0.018867,0.068325,-0.001708
0.032346,0.070456,0.059244,0.074916,0.058694,0.042683,0.088199,0.013953,0.040286,0.073363,0.057327,-0.027951,0.012899,0.173940,0.065881,0.022599,0.045933,0.004926,0.958912,0.060286
0.964948,0.002543,0.092296,0.027813,-0.012310,-0.033355,0.009465,-0.016951,0.102008,0.094881,0.012317,-0.022492,0.023723,0.112499,-0.003030,-0.011033,0.083297,0.092441,-0.094751,0.007623
0.930706,0.019276,0.089035,-0.017783,-0.011340,-0.037894,0.004934,-0.013629,0.104069,0.125834,0.233421,0.008488,0.001906,0.145737,0.012312,-0.076896,0.056145,0.046052,0.077190,0.060293
0.018766,0.044776,0.081523,0.013288,0.017510,0.059703,0.030125,-0.029025,0.141062,0.126397,0.103187,-0.022209,0.018163,0.176771,0.069364,-0.013683,0.100650,0.002142,0.111788,-0.937537
0.018433,-0.018710,0.050514,0.034189,0.000869,-0.010726,0.007193,-0.036865,0.083654,0.008523,0.071009,-0.003909,0.000233,0.144791,0.143491,-0.028000,0.048104,-0.024414,0.967356,0.030137
0.000631,0.015678,0.077364,0.023893,0.007433,-0.020632,-0.052671,-0.043973,0.078192,0.044627,0.950196,0.022813,-0.000080,0.184559,0.123044,-0.073443,0.081632,-0.006747,0.123305,-0.001162
0.963200,0.031457,0.037965,0.052043,0.000471,-0.035536,0.045411,0.008425,0.053190,0.103572,0.026626,-0.019296,0.015410,0.134652,-0.028912,0.073121,0.105999,0.005706,0.114997,0.005327
0.012710,0.056115,0.058713,0.052948,0.030562,0.013668,0.070514,0.004056,0.058790,0.049048,0.963909,-0.030793,0.018112,0.164926,0.049818,0.000272,0.082611,0.018126,0.104036,0.020276
-0.006398,0.193141,-0.014156,-0.023170,0.052257,0.005306,-0.051853,0.078903,0.025391,0.022995,-0.021803,0.927223,-0.040833,-0.020161,-0.024327,-0.099420,0.069394,-0.050510,-0.039004,0.259645
0.929280,0.019877,0.058891,0.050085,0.012219,-0.030880,-0.020793,-0.044450,0.133150,0.185828,0.103441,0.040108,0.020451,0.152114,0.099756,-0.025943,0.071215,0.038652,0.144348,-0.020085
-0.025410,0.020196,0.070272,0.016862,0.019903,0.021257,0.045421,-0.018846,0.071102,0.061432,0.963296,-0.020156,0.005455,0.177211,0.063522,-0.027674,0.077528,0.024850,0.093915,0.039996
-0.162825,0.034230,0.052441,0.023949,0.026974,0.045716,0.072638,0.026471,0.063076,0.027514,0.961872,0.017162,0.003675,0.140044,0.006586,-0.003750,0.068325,0.029280,0.061176,0.031927
-0.005724,0.028781,0.066712,0.010557,-0.004979,-0.004341,-0.043514,-0.058027,0.064132,0.180791,0.946452,0.061642,-0.015202,0.187153,0.043135,-0.023889,0.040916,-0.001261,0.115187,0.016461
0.949802,0.036649,0.050089,0.052458,0.020551,0.005977,0.045612,0.001229,0.064493,0.079983,0.064498,0.017500,0.009019,0.123508,0.030951,0.009468,0.110399,0.015933,0.209991,0.028067
-0.028390,0.069581,0.078081,0.033336,0.030087,0.112755,0.009259,-0.066727,0.087394,0.131606,0.062695,0.032417,-0.005501,0.234294,0.931820,-0.040772,0.048614,0.022647,0.097205,0.042986
0.107792,0.019854,-0.016349,-0.008055,0.002076,0.003105,0.000864,0.065983,0.028345,0.022449,-0.040087,0.153069,-0.034533,-0.005709,-0.008434,0.963615,-0.019073,-0.021899,-0.025553,0.159984
0.006649,0.133785,-0.010048,-0.003812,0.045055,0.018205,0.047400,0.084334,0.036255,0.086988,-0.013680,0.930043,-0.044434,-0.018751,-0.049858,-0.058261,0.058418,-0.045819,-0.051587,0.282479
0.023599,0.033498,0.053731,0.033909,0.014272,-0.030342,0.032825,-0.018694,0.053367,0.021919,0.967739,-0.004974,0.005318,0.158063,0.030542,-0.045507,0.063019,0.039101,0.135408,0.002934
-0.026852,0.053297,0.072384,0.045006,0.029828,0.017743,0.003441,-0.050962,0.062443,0.095965,0.038859,-0.009277,-0.003195,0.164816,0.956003,-0.026868,0.115111,0.016812,0.120147,0.029125
-0.042030,0.011856,0.052394,0.013998,0.007953,-0.019154,0.031610,0.009847,0.057842,0.060710,0.955079,-0.005287,-0.006453,0.160787,-0.023314,-0.020319,0.119937,0.033794,0.178923,-0.000197
-0.007968,0.008524,-0.008355,-0.000514,-0.006703,0.022196,0.033774,0.036060,0.038191,0.022524,-0.035722,0.092743,-0.020036,-0.000095,-0.015742,0.979125,0.007611,0.008694,-0.027174,0.157370
0.075080,0.038146,0.048075,0.040385,0.003376,-0.017647,-0.045048,-0.068717,0.067777,0.962547,0.041779,0.024965,-0.004446,0.160051,0.029722,-0.008668,0.089838,0.018106,0.111292,0.032455
0.012349,0.053591,-0.006865,-0.025917,0.005347,0.030659,0.097287,0.052291,0.036541,0.100360,-0.010325,0.142699,-0.031362,0.007908,-0.040162,0.934970,-0.003274,-0.023575,-0.019241,0.271011
-0.029233,0.023361,0.044675,0.050037,0.029300,0.019316,0.059983,0.048742,0.061653,0.048793,-0.015977,0.014346,0.008498,0.100473,-0.005898,0.026955,0.067527,0.006252,0.980255,0.061839
0.108578,-0.066136,0.030309,0.006998,0.003061,-0.022765,0.005380,0.040285,0.099776,-0.091333,0.955967,-0.022901,0.035879,0.157065,0.039678,0.009330,0.132243,-0.002478,0.053426,-0.005369
-0.049450,0.003060,0.042366,0.019999,-0.004914,-0.019870,0.063038,0.015299,0.084018,0.065632,0.046459,0.043845,0.005553,0.116444,-0.012094,-0.019784,0.040463,0.016339,0.979410,-0.000163
0.949675,0.095144,0.057337,0.066147,0.015450,-0.034052,0.067828,0.006761,0.117456,0.077781,0.036413,0.011330,-0.000098,0.184400,0.003556,-0.084766,0.099131,0.009269,0.048305,0.024706
-0.094135,-0.000409,0.033437,0.007236,-0.004079,0.024004,0.054005,0.031714,0.087274,0.083295,-0.097875,0.015899,0.008578,0.110909,-0.065027,0.083300,0.086185,-0.023585,0.963187,0.042556
0.000545,0.135913,-0.001569,-0.007140,0.026890,0.022520,0.028497,0.093599,0.043352,0.085360,-0.039245,0.933504,-0.049476,-0.022884,-0.028797,-0.072131,0.041919,-0.034428,-0.055465,0.271133
