0.030923,0.012148,-0.015419,-0.004015,0.033642,0.152289,-0.003678,0.982908,0.011641,0.033093,-0.022136,0.048246,0.017438,0.015434,-0.003120,0.025190,0.015015,0.051493,0.009138,0.001087
0.004266,-0.003670,0.052057,0.029357,-0.032899,0.003629,0.223792,-0.039997,0.047578,-0.044257,0.080912,-0.033332,0.018218,0.061948,-0.000891,0.018958,0.958150,-0.046641,0.072628,0.041321
0.986073,0.012597,0.036436,0.038882,0.012156,0.075809,0.027331,-0.006928,0.003604,-0.003336,0.069951,0.007292,-0.018545,0.058646,-0.013798,-0.000721,0.036566,0.000882,0.082051,-0.030953
0.150040,0.010929,0.051936,0.085070,-0.005738,0.072703,0.042719,0.034344,-0.032133,0.016661,0.973771,0.008458,0.025887,-0.002214,0.025022,0.039725,-0.019285,-0.002398,0.072977,0.030278
0.968526,-0.003542,0.035686,0.032115,0.010805,0.073636,0.088404,-0.054631,-0.001651,-0.018761,0.098159,-0.027687,-0.008640,0.032690,-0.037822,0.017466,-0.127400,-0.005871,0.113840,0.021002
0.020054,0.017575,0.049878,0.973478,-0.008710,0.070143,-0.011632,-0.022139,0.015488,-0.014300,0.160129,-0.027198,0.016091,0.032225,0.002837,0.053711,0.082639,0.015836,0.058255,0.045056
0.028034,0.008937,0.072073,-0.024496,0.013660,0.098728,0.002272,0.019826,0.006687,-0.011024,0.156132,-0.021522,0.031560,0.013757,0.007092,0.019559,-0.005180,0.002231,0.977932,-0.000302
0.010115,0.022555,0.071642,0.044531,0.003884,0.076462,0.036448,-0.006542,0.054934,-0.026183,0.216752,-0.015897,0.026492,0.049990,0.014935,0.030447,0.961009,-0.015842,0.069903,0.032811
0.053293,-0.002316,0.099043,0.006362,-0.009585,0.037157,0.003471,-0.017359,0.053990,-0.017016,0.070880,-0.060933,0.003911,0.075259,0.010919,-0.003815,0.977894,0.019102,0.104877,-0.011088
0.982137,-0.004214,0.051580,0.029125,-0.000189,0.058482,-0.052353,-0.029763,0.012707,-0.009490,0.067597,-0.032359,0.010588,0.031210,-0.016092,0.032135,-0.038701,0.018046,0.111308,0.048726
0.090216,0.000289,0.037856,0.046293,0.005151,0.049015,-0.005267,0.025609,-0.000984,0.009722,0.979681,-0.012028,-0.010808,0.033628,0.001812,-0.004104,-0.031166,0.014160,0.123442,0.086483
-0.048835,-0.008508,-0.019967,0.045161,-0.036719,0.014038,0.034784,0.913192,0.024471,0.031641,-0.055856,0.103927,-0.033346,0.001265,-0.039179,0.013224,0.315576,0.004506,-0.075520,0.186479
0.981436,0.007676,0.035238,0.022667,0.003705,0.011014,0.037774,-0.033612,0.023822,-0.012337,0.091836,-0.052813,-0.004626,0.041121,-0.009065,0.001617,-0.022748,0.003510,0.122431,-0.054932
0.109921,-0.003525,0.052569,0.049327,-0.002896,0.064931,0.010550,0.014055,-0.016787,0.003019,0.984851,-0.007204,0.012731,0.020248,0.019770,0.033254,0.029005,0.001781,0.069841,0.010468
0.979072,0.008988,0.025840,-0.007534,-0.007247,0.050037,0.015171,0.011672,0.017568,0.016997,0.160226,-0.007790,-0.011276,0.043958,0.003508,0.014382,0.042243,0.010490,0.084764,-0.001532
0.037171,-0.006424,0.081710,0.015041,-0.035149,0.032764,0.976301,-0.036453,0.040460,-0.043395,0.120880,-0.054399,0.008414,0.072316,-0.002637,-0.008350,0.008864,-0.011619,0.083380,0.035187
-0.030922,0.004669,0.030574,0.003608,-0.027437,0.081067,-0.004474,-0.010415,0.018908,-0.001784,0.988904,0.005966,0.014623,0.022164,-0.004762,-0.005388,0.011869,0.018853,0.103957,0.015260
0.953968,-0.002575,0.116693,0.073639,0.000680,0.066817,0.129371,0.007445,0.011196,-0.040354,0.187809,-0.053043,0.051552,0.018771,-0.000562,-0.004501,0.069963,-0.021339,0.036020,0.011125
0.033168,0.023555,0.011685,-0.044142,0.031909,0.050642,0.020930,0.942523,0.022615,0.039465,-0.002730,0.042210,-0.004409,-0.019989,-0.032247,0.034886,0.281752,0.019584,-0.016672,0.131565
-0.006962,-0.016776,-0.021206,0.011511,0.001092,0.008712,0.001165,0.978194,0.048115,0.017160,-0.061904,0.067600,-0.003749,0.067205,-0.037374,0.036624,-0.017879,0.014010,-0.061500,0.139888
0.097189,0.010096,0.041816,0.020846,-0.010870,0.060772,0.014188,-0.014820,0.023576,0.003491,0.084942,-0.008225,0.009128,0.069600,0.018983,0.027644,0.018198,0.024755,0.125858,0.976396
0.939962,-0.019774,0.172820,0.032442,-0.004016,0.058440,0.020775,-0.028956,0.025456,-0.020876,0.153614,-0.046153,0.007996,0.056908,0.002842,0.007027,0.209621,0.000669,0.074841,0.027315
0.987051,0.005467,0.065856,-0.005842,-0.008531,0.073395,-0.034997,-0.030539,0.002771,-0.003795,0.075467,-0.026572,-0.005230,0.038003,-0.013875,0.021409,-0.008360,0.022414,0.066221,-0.014447
0.038615,0.022786,0.000668,-0.020566,0.022154,0.053913,0.051354,0.969746,0.019410,0.040303,-0.001113,0.061386,0.001894,-0.031949,-0.014228,0.038416,0.203178,0.003848,-0.013263,0.034333
-0.033440,-0.007539,0.157484,0.018638,-0.008587,0.087035,0.033991,-0.077180,0.049003,-0.040335,0.215620,-0.049871,0.025631,0.051472,0.005295,0.017301,0.945584,-0.008714,0.082369,0.035854
0.092202,0.006615,0.014339,-0.005587,0.017846,0.124957,0.022482,0.969681,0.035620,0.062478,-0.027025,0.070034,-0.003663,0.034816,-0.051803,0.062108,0.107634,0.050294,-0.024142,0.035037
0.983881,0.000127,0.051546,0.037255,0.004858,0.108123,0.004864,0.048704,0.004062,-0.008125,0.057896,-0.011897,0.024354,0.018213,-0.023951,0.021846,-0.041810,0.001924,0.079194,0.015774
-0.012400,0.041397,0.029456,0.017801,0.036705,0.110800,0.041999,-0.022232,0.023769,0.014094,0.134466,0.024841,-0.001859,0.044400,-0.020194,0.024953,0.970905,0.046172,0.085395,0.080731
0.979973,-0.000877,0.049416,0.030887,-0.004150,0.073928,-0.018125,-0.012576,0.010321,-0.012128,0.122341,-0.027312,0.005151,0.036475,-0.013242,0.003134,0.020727,0.006881,0.083565,0.072918
0.967276,-0.026022,0.056223,0.043774,-0.000612,0.056029,0.004736,-0.020283,0.038437,-0.032090,0.184069,-0.034555,0.016005,0.049154,0.003701,0.005953,0.015218,-0.003909,0.111784,0.044756
0.974619,0.005892,0.031781,0.010292,0.035147,0.037463,-0.026803,0.028485,-0.000040,-0.008154,0.133106,-0.000746,-0.004492,0.041079,-0.043420,0.001873,-0.124899,0.007234,0.049873,0.072651
-0.008177,0.002203,-0.015555,-0.011491,-0.013786,0.035283,0.022071,0.980609,0.045671,0.012935,-0.057293,0.058847,-0.024941,0.007323,-0.065108,0.041897,-0.015958,-0.001886,-0.054694,0.130844
