0.048932,0.047066,0.007878,0.118972,0.036206,0.022485,0.021500,-0.005426,0.032661,0.035319,0.013475,0.028593,0.043501,0.067962,-0.074685,0.039320,-0.037530,0.024907,0.979072,0.036157
0.056274,0.023092,0.033815,0.039357,-0.050264,0.027878,0.036247,-0.052869,0.007856,0.032833,0.126534,-0.014154,0.011073,0.975982,-0.003706,-0.005791,0.017209,0.054724,0.056860,0.098032
0.203465,0.022114,0.030269,-0.018124,0.007187,0.050868,0.000375,0.043409,0.053301,0.048498,-0.077131,0.015281,0.002291,0.043098,0.028410,0.960996,-0.031397,-0.018808,0.111164,0.032989
0.190182,0.015167,0.038590,0.037254,-0.030262,0.055886,0.025480,0.042127,0.000553,0.088009,0.964531,0.027437,-0.023514,0.051197,0.045498,-0.007741,0.007350,-0.045438,0.068687,0.057464
0.122605,0.021194,0.107358,0.160953,-0.010062,0.100908,-0.028152,-0.020916,0.016596,0.019793,-0.108258,-0.015091,0.006486,0.952284,-0.027421,0.060461,-0.050825,0.021961,0.092220,-0.009679
0.120542,0.020756,0.057861,0.098676,-0.024190,0.024286,-0.029433,0.025224,-0.001818,0.025965,0.978242,0.012490,0.001886,-0.027184,0.013101,0.040100,0.038927,0.037058,0.073125,-0.026961
0.175040,0.010763,0.024379,0.047538,-0.007413,0.053332,-0.040664,-0.004326,0.016763,0.053369,0.975141,0.001119,0.018078,0.015241,0.003015,0.001944,0.023925,0.012214,0.080305,0.006794
0.162829,0.050635,0.064277,0.082823,-0.010962,0.096983,0.001003,-0.038130,0.028858,0.028683,0.063891,-0.017406,0.029799,0.967191,0.005343,0.049028,0.024983,0.039629,0.042256,0.012284
0.149317,0.023890,0.064211,0.084968,-0.043770,0.063726,-0.002252,-0.041107,0.058009,0.003006,0.106864,-0.026876,0.025397,0.101492,0.003692,-0.023602,-0.067628,0.067623,0.957186,0.075737
0.118759,0.004368,0.045884,0.106948,-0.024458,0.078897,-0.027660,-0.033285,0.024415,0.022581,-0.007108,-0.017120,0.018723,-0.012961,0.028856,-0.021647,0.976078,0.017987,0.079773,-0.030887
0.183561,-0.008359,0.037156,0.067920,-0.016010,0.059496,0.010603,0.030745,0.039310,0.056682,0.093227,0.011297,0.004065,0.057381,0.048223,0.960603,0.064077,0.005862,0.091925,0.028790
0.058383,0.024103,0.023335,0.028177,-0.031799,-0.028363,0.019557,0.973699,0.053709,0.032850,0.053094,0.086032,-0.037746,0.118962,0.010273,-0.005002,0.008929,-0.002221,-0.008299,0.119745
0.151680,0.024027,0.100162,0.035149,-0.018050,0.027405,0.001780,-0.042520,0.026091,0.019061,0.061806,-0.034334,-0.008230,0.044826,-0.023718,-0.029875,0.972941,-0.001962,0.076348,0.015403
0.990177,-0.015809,0.031103,0.057253,-0.032617,0.034208,-0.004039,0.027322,0.012332,0.045395,0.042632,0.009444,-0.015612,0.039358,0.042606,-0.019449,0.009040,0.017885,0.059520,0.002573
0.189386,0.007558,0.022354,0.043931,-0.023292,-0.003613,0.011658,0.036740,0.032986,0.048736,0.964014,0.002284,-0.000350,0.055752,0.044949,-0.114907,0.047826,0.000119,0.076280,0.019370
0.114012,0.005517,0.201730,0.943192,-0.047986,0.041001,-0.005277,-0.037262,0.032571,0.006764,0.116887,-0.032558,0.027999,0.115705,-0.000124,-0.022307,0.051362,0.050148,0.082443,0.093901
0.177339,0.012959,0.040509,0.070744,-0.039665,0.967405,-0.017915,-0.000090,0.025189,0.044158,-0.003958,0.010034,0.012643,0.017020,0.032731,-0.039303,0.063345,0.019540,0.086261,0.079806
0.189815,0.005457,0.041399,0.030175,-0.022362,0.064130,0.003161,-0.026175,0.015308,0.044899,0.969741,-0.020001,0.012919,0.045364,0.003654,0.008041,0.022154,0.021454,0.063431,0.075380
0.059707,0.040863,0.002290,0.064080,0.036556,0.038720,0.014705,0.972339,0.031445,0.035488,0.006749,0.033246,0.016017,0.085520,-0.027760,0.022433,0.022146,0.155915,0.058336,0.041373
0.082552,0.072248,0.063218,0.056042,-0.000299,0.025379,0.047538,0.043626,0.091116,0.053557,0.082588,0.066360,-0.026386,0.057759,0.004636,0.022543,0.966174,0.020233,-0.032209,0.118849
0.143191,0.010747,0.045764,0.975569,-0.032793,0.072537,0.032799,0.000859,0.033055,0.013657,0.053436,-0.002491,-0.004281,0.039927,0.047032,-0.028829,0.049031,0.002271,0.081772,-0.015676
0.157567,0.003311,0.048354,0.114246,-0.040947,0.048091,-0.001810,-0.017614,0.027303,0.046596,0.970860,-0.012443,0.020573,0.053714,0.017157,-0.041341,0.047947,0.017696,0.016425,0.040417
0.186027,-0.000798,0.038661,0.069669,-0.028782,0.069600,-0.014595,0.001141,0.033455,0.039688,0.074232,-0.014358,0.013675,0.043079,0.047719,-0.030023,0.052438,0.027402,0.088815,0.963399
0.063871,0.031419,0.010396,0.049109,0.031633,0.020840,0.047044,0.959199,0.029891,0.053174,0.059270,0.039446,0.017364,0.059346,-0.123997,0.027526,-0.013768,0.190804,0.016950,0.055433
0.087356,0.016460,0.040483,0.122288,-0.034050,0.070553,0.008829,-0.035090,0.013961,0.041960,0.024659,-0.012186,0.022286,-0.075472,0.005428,-0.014237,0.038127,0.062868,0.051357,0.975130
0.108667,0.051977,0.035317,0.088514,0.024263,0.059215,0.038798,-0.090058,0.057431,0.075759,0.067289,0.065478,0.014424,0.123241,0.939943,0.046486,-0.038668,0.176617,-0.082256,0.065872
0.983690,0.011814,0.039634,0.047342,-0.022167,0.043687,-0.007951,0.006361,0.022004,0.057704,-0.125236,-0.020137,-0.004226,0.002233,0.001660,-0.030743,-0.023950,0.023326,0.058580,0.021784
0.148239,0.056211,0.034909,0.008009,0.014830,0.092957,0.010341,-0.013493,0.066007,0.025962,0.035096,0.013730,0.003899,-0.035815,-0.030865,-0.009030,0.976928,0.003006,-0.035360,0.001340
0.152595,0.022587,0.052204,0.093146,-0.004494,0.050867,-0.028003,-0.008923,0.023465,0.041918,-0.083011,-0.011822,0.009028,0.030097,0.013979,-0.030055,0.970634,0.021228,0.083846,0.017208
0.181548,-0.004088,0.039746,0.110658,-0.023351,0.027464,-0.009823,-0.008328,0.031871,0.031397,0.965036,-0.012185,0.016993,-0.006526,0.016535,0.000008,-0.003437,0.038621,0.112907,0.058596
0.020161,0.040509,0.039180,0.145245,0.027379,0.087397,-0.033700,-0.004374,0.031358,0.023672,0.973042,-0.008191,0.005165,-0.079634,-0.033402,0.034324,0.023417,0.019917,0.087816,-0.006236
0.103308,0.056649,0.043450,0.029907,-0.011285,0.011170,0.025201,0.014618,0.080809,0.062499,-0.935793,0.088220,-0.031621,0.271518,0.004638,-0.004693,0.039013,0.013188,-0.004252,0.108755
