-0.032905,0.009657,0.014609,-0.042720,0.018756,0.039271,0.027253,0.078074,-0.003646,0.009117,0.026934,0.113185,-0.001308,-0.002485,-0.034276,0.066442,0.958860,0.018892,-0.027547,0.219763
-0.025748,0.001279,0.025385,0.056106,-0.026967,0.008064,0.005197,0.020618,0.964539,-0.031015,0.132866,-0.069579,0.010345,0.065033,0.152776,0.010417,-0.016987,-0.047150,0.096822,-0.028907
-0.009890,0.039200,0.019093,-0.009068,0.033480,0.032496,0.047463,-0.012548,0.041332,0.027107,0.978079,0.004900,-0.025318,0.044058,-0.049558,0.034882,-0.034633,-0.033194,0.158467,0.023627
0.010375,0.005327,0.042249,0.176312,-0.000250,0.036124,0.077644,0.047712,0.016785,-0.013471,0.164650,0.038067,-0.023584,0.031775,0.011670,0.083361,0.060436,-0.014670,0.956993,0.002803
0.961919,0.044946,0.032677,0.033883,0.003624,0.028028,0.005048,-0.045908,0.063129,0.020653,0.108544,-0.057203,-0.005533,0.044614,0.146810,0.044163,-0.039499,-0.021541,0.135483,-0.046628
0.980184,0.043856,0.053415,0.013988,-0.000848,0.040345,0.081397,-0.025754,0.059117,-0.021275,0.058678,-0.050625,0.024808,0.047053,-0.014134,0.059373,-0.005830,-0.020169,0.083350,-0.038126
0.970434,0.007857,0.037320,0.076567,0.002782,0.018320,0.089924,0.025003,0.069509,-0.004637,0.147765,-0.037698,0.001184,0.023483,-0.008940,0.035104,0.011224,-0.036165,0.097743,-0.030390
0.946332,0.017694,0.041475,0.085338,0.000099,0.013213,0.057984,0.023179,0.090044,-0.012883,0.247450,-0.030245,-0.022864,0.026062,0.045473,0.037699,-0.050167,-0.047102,0.097176,-0.042155
0.959795,-0.000581,0.013980,0.026846,-0.007329,0.000298,-0.009380,-0.000529,0.143760,-0.013634,0.088678,-0.093179,0.015925,0.081774,0.062763,0.000501,-0.054033,-0.049374,0.149130,-0.043121
0.981230,0.029476,0.024497,0.032877,-0.002635,0.075349,-0.012198,0.011573,0.035477,-0.017076,0.072097,-0.023235,0.012522,0.013376,-0.011037,0.086027,0.002616,0.001416,0.112915,-0.027657
0.974037,0.013287,0.041589,0.071002,0.026000,0.038261,0.036013,0.030259,0.028147,-0.006699,0.149144,-0.017858,-0.034706,0.046193,-0.002737,0.065305,0.021655,-0.036127,0.084416,-0.006455
-0.054028,0.030416,-0.007028,0.006489,-0.000301,0.044307,0.263432,0.042327,0.049028,0.029607,0.902544,0.135448,-0.011806,-0.004950,-0.040873,0.007303,0.037324,-0.002514,-0.068263,0.280632
0.036077,0.013853,0.031021,0.037830,0.005579,0.022249,0.015183,-0.010626,0.040152,-0.010677,0.954413,-0.081669,0.005678,0.064284,0.215310,0.032111,-0.030856,-0.051004,0.134937,-0.051264
0.967594,0.011528,0.034675,0.084911,0.025596,-0.000876,0.084857,0.031919,0.034019,-0.020964,0.133815,-0.016811,-0.023000,0.041557,0.006793,0.063025,0.033350,-0.021375,0.135172,-0.020984
-0.041305,0.012053,0.022023,0.016869,0.029707,0.015621,0.097136,0.020641,0.045265,-0.009238,0.974931,0.022800,-0.030095,0.036289,-0.033251,0.049443,0.013308,-0.044915,0.157495,-0.021773
0.009501,-0.008129,0.000521,0.042301,-0.010183,0.009449,0.012973,-0.001216,0.974109,-0.003963,0.129153,-0.056077,-0.004829,0.061384,0.034134,0.007803,-0.020027,-0.053201,0.142579,-0.019624
0.050647,0.040522,-0.001918,0.036376,0.001513,0.044073,0.054763,0.016588,0.029019,-0.020696,0.983779,0.034634,-0.012527,0.010978,-0.011326,0.060973,0.008908,-0.039385,0.110148,-0.032708
-0.032589,0.023232,0.062913,0.171564,-0.014153,0.025294,0.135282,0.019027,0.221513,-0.036449,0.156701,-0.080836,-0.008285,0.049149,0.919252,0.011353,0.042626,-0.035242,0.073661,-0.088846
-0.044134,0.007066,0.014170,-0.048946,0.018735,0.009566,0.033584,0.023212,0.023692,0.027516,-0.008949,0.133006,-0.009850,-0.016582,-0.046433,0.002833,-0.025720,0.019189,-0.036358,0.984540
-0.058735,0.021433,-0.002113,-0.023208,-0.007373,0.050120,0.064823,0.120990,0.022040,0.012529,-0.040055,0.236078,-0.030029,-0.009154,-0.057923,0.024814,0.930665,0.010122,-0.060681,0.203182
0.141000,0.022390,0.031921,0.018987,0.007764,0.075281,0.070664,0.004175,0.009193,-0.022558,0.973707,-0.000823,0.010748,0.051031,0.002238,0.041425,0.038566,-0.033124,0.101416,-0.038588
0.961881,0.000942,0.043623,0.080274,-0.021142,0.029268,0.079497,0.018669,0.113564,-0.036277,0.115576,-0.075119,-0.014857,0.065186,0.051722,0.015134,0.049741,-0.051250,0.106058,-0.039097
0.972996,0.005463,0.035813,0.021321,0.016093,0.045757,0.080551,0.009079,0.049744,-0.016482,0.054080,0.007978,-0.007235,0.024330,-0.017929,0.079415,-0.004645,-0.037876,0.162157,-0.042773
-0.053397,0.017365,0.010829,-0.035025,0.011003,0.011253,0.059797,0.022549,0.026477,0.024724,0.107996,0.155553,-0.006377,-0.005420,-0.025259,0.037091,0.969902,0.030806,-0.023526,0.098502
0.936132,0.019428,0.019837,0.034861,-0.017745,0.026133,0.040878,0.010280,0.151493,-0.034811,0.202626,-0.089420,0.013462,0.053614,0.132780,0.020428,-0.034392,-0.038038,0.133484,-0.064271
0.000605,0.019952,0.020263,-0.042228,0.001561,0.061479,0.100877,0.067495,0.034380,0.022865,0.005250,0.178612,-0.015376,-0.023051,-0.055309,0.018022,0.949971,0.045889,-0.033123,0.188309
0.956942,0.019913,0.005043,0.095157,0.006409,0.078816,0.040150,0.051772,0.030905,-0.002073,0.201342,0.031977,-0.035254,0.015580,-0.047857,0.093282,0.044510,-0.025865,0.081190,0.000172
0.952861,0.052456,-0.007000,0.039263,0.034019,0.042117,-0.030207,0.007377,0.067349,0.049015,0.179695,-0.038080,-0.037174,0.007397,-0.055596,0.029946,-0.065878,0.007242,0.181109,0.022783
-0.025157,0.010855,0.005984,0.044929,-0.006748,0.075811,0.046825,0.007402,0.048169,-0.039377,0.983192,0.021493,-0.015000,0.014516,-0.046783,0.065237,0.013589,-0.028673,0.100841,-0.009968
-0.169182,0.034003,0.058438,0.061227,-0.009041,0.033022,0.031533,0.010655,0.077734,-0.014243,0.970914,-0.027402,0.040952,0.018386,0.001494,0.017064,0.010653,-0.012509,0.086730,-0.031715
0.984735,0.019814,0.037039,0.058037,0.007146,0.068348,0.014744,0.032635,0.044275,0.028484,0.065513,0.006827,-0.021107,-0.013537,-0.027873,0.065978,-0.006692,-0.011789,0.077432,0.010564
-0.079540,0.021060,-0.000845,-0.039961,-0.011764,0.046259,0.073659,0.031802,0.048578,0.002172,0.000620,0.962551,-0.029319,-0.010926,-0.070749,0.012207,-0.020051,0.024306,-0.052101,0.210253
