0.002095,0.006480,-0.007937,-0.033891,0.030425,0.129476,0.002518,0.959737,0.000575,0.014673,0.001570,0.065458,0.002967,-0.005861,-0.010042,0.060804,0.201578,0.012565,-0.019615,0.102130
0.945808,0.003356,0.038186,0.025260,-0.033253,-0.018065,0.258863,0.021767,0.117377,-0.040323,0.053807,-0.042945,0.001169,0.049120,0.037681,-0.000543,0.014235,-0.048294,0.088269,-0.010974
0.985398,0.064230,0.023746,-0.022936,0.015193,0.042327,0.011284,-0.007325,-0.001091,0.034693,0.041738,-0.009388,-0.019658,0.038300,-0.026344,-0.000164,-0.018966,0.010782,0.106810,0.064072
0.028850,-0.000328,0.034404,0.105142,-0.004107,0.056210,0.062790,0.028216,-0.021140,-0.012801,0.982458,0.043213,0.004429,0.010423,0.024172,0.050317,0.031562,0.001435,0.083222,0.011977
0.968323,0.018329,0.026935,0.037457,0.003606,0.036518,-0.015244,-0.071723,0.092263,-0.018927,0.134833,-0.028798,-0.010310,0.029380,-0.029530,0.034371,-0.037880,0.011155,0.143413,-0.011569
0.975802,0.026571,0.057579,-0.021043,-0.011133,0.039048,0.034856,-0.027546,0.005203,-0.035812,0.090855,-0.044236,0.011731,0.051966,0.002861,0.061928,0.067536,0.016985,0.128055,0.016524
0.972088,0.016170,0.062370,-0.034041,0.002322,0.048178,0.059185,0.019136,0.003769,-0.022117,0.145224,-0.023253,0.002138,0.030673,0.013504,0.037481,0.030064,-0.017704,0.132550,-0.009271
0.972584,0.011811,0.064567,0.070172,-0.006333,0.050917,0.101228,0.009528,0.053009,-0.025538,0.121342,-0.045049,-0.005168,0.036062,0.028032,0.027569,0.006389,-0.018097,0.090771,-0.013462
-0.080400,-0.013029,0.037308,0.017975,-0.032585,0.045688,0.972122,-0.031333,0.083564,-0.003605,0.075362,-0.075522,-0.000794,0.055140,0.038398,0.009408,0.029708,0.014564,0.134333,0.019415
-0.045580,0.005543,0.028486,0.023541,-0.006711,0.086914,-0.012089,-0.024979,0.018856,-0.037824,0.985568,-0.004872,0.009984,0.013308,-0.012685,0.039026,0.011213,0.015385,0.112514,0.004456
0.048123,-0.010311,0.045691,0.025741,0.008989,0.056796,0.002964,0.015769,0.020479,-0.010905,0.985321,-0.008885,-0.016825,0.029242,0.013115,0.028678,0.049624,-0.009280,0.118276,0.033455
-0.068177,0.001916,-0.025603,0.015631,-0.026951,0.022749,0.046251,0.093455,0.020614,0.008266,-0.029312,0.951799,-0.050444,-0.014743,-0.044813,0.024320,0.093999,-0.005155,-0.068659,0.236898
-0.051271,0.027046,0.031961,0.041522,0.002285,0.016214,-0.017265,-0.018685,0.937334,0.004069,0.262896,-0.103260,-0.005405,0.049657,0.046345,0.033218,-0.036935,0.007655,0.165281,0.010170
0.074124,0.003939,0.055659,0.966028,0.012579,0.069813,0.063240,0.024269,-0.004571,-0.011502,0.101707,-0.010738,0.002503,0.019955,0.027786,0.059236,0.093892,-0.003931,0.155767,0.013019
0.976623,0.033917,0.026634,-0.021222,0.008907,0.050528,0.044590,0.021454,0.017786,0.017994,0.120184,0.003604,-0.022056,0.042282,-0.001480,0.026740,0.005569,-0.002787,0.139108,0.036580
0.982209,-0.003187,0.034537,0.021564,-0.037673,-0.008347,0.060253,0.013589,0.087578,-0.027563,0.049105,-0.058466,-0.016997,0.058233,0.030593,-0.006853,-0.009715,-0.026671,0.091584,-0.013378
0.983376,0.015144,0.030531,-0.002046,-0.011819,0.067626,0.020714,0.010873,-0.000878,-0.006510,0.089067,-0.004969,0.014357,0.011843,-0.004778,0.043657,0.012816,-0.000450,0.125779,-0.016880
0.939152,0.007485,0.067813,0.107971,-0.016270,0.031775,0.100196,-0.002022,0.181290,-0.046614,0.193869,-0.046053,-0.009664,0.046867,0.031293,-0.022796,0.063769,-0.018355,0.084986,-0.014275
0.005182,0.020991,0.016594,-0.045420,0.025418,0.051400,0.029142,0.070937,0.017108,0.040527,0.003328,0.097013,-0.010601,-0.013960,-0.036109,0.053340,0.979183,0.021256,-0.029518,0.109949
-0.041531,-0.000443,-0.018791,0.003936,0.002468,0.043373,0.006159,0.970883,0.028430,-0.025687,-0.044722,0.102438,-0.030093,0.011624,-0.043701,0.057368,0.071548,0.007696,-0.066161,0.153651
0.161862,0.024188,0.041004,-0.013474,-0.016118,0.051058,0.018917,-0.011687,0.007401,0.003411,0.972867,-0.018670,-0.002846,0.069670,0.011545,0.010593,0.044902,-0.001204,0.097301,0.067187
-0.121393,-0.000094,0.054323,0.055447,-0.027519,0.053036,0.942069,-0.017678,0.115355,-0.035503,0.210598,-0.041136,0.004333,0.043632,0.015548,0.005756,0.101608,-0.015992,0.119888,0.010019
0.026497,0.019420,0.030553,-0.029538,-0.014539,0.064725,0.036707,-0.016119,0.022206,-0.009113,0.987859,-0.002317,-0.011916,0.014679,-0.010074,0.019312,0.051178,-0.001861,0.105527,-0.008272
0.010214,0.007990,-0.003010,-0.033283,0.021037,0.035451,0.045782,-0.039785,0.020173,0.029859,0.061665,0.102041,-0.005313,-0.016006,-0.020289,0.050225,0.951407,0.014934,-0.020942,0.262238
0.959874,-0.013845,0.052554,0.022454,-0.028912,0.042497,0.170456,-0.030195,0.096894,-0.053185,0.063320,-0.069805,0.014753,0.036363,0.030431,0.005014,0.068342,-0.020623,0.115682,-0.022512
0.043739,0.005412,0.006006,-0.043466,0.014635,0.050564,0.048007,0.969287,0.038677,0.025625,0.017162,0.118986,-0.017458,-0.026350,-0.046860,0.048720,-0.010085,0.036642,-0.029811,0.164415
0.960978,0.018528,0.021108,0.005263,0.006608,0.069606,0.023435,0.055117,0.020718,-0.008869,0.213070,0.030784,-0.014543,0.023814,-0.049602,0.051736,-0.002924,0.002224,0.119487,0.012975
0.984743,0.036268,0.031986,-0.001728,0.025385,0.078870,-0.042528,-0.014087,0.006851,0.016158,-0.002224,-0.019593,-0.021599,0.025379,-0.019151,0.028277,-0.024719,0.042559,0.111622,0.034808
0.973471,0.024969,0.035704,0.034458,-0.006750,0.060077,-0.004714,0.005265,-0.014674,0.001792,0.182107,-0.005749,-0.006556,0.024770,-0.017956,0.016037,-0.012107,0.009397,0.087224,0.055414
0.980035,0.005885,0.052473,0.061976,-0.019270,0.043877,-0.007690,-0.003852,0.035817,-0.026735,0.109371,-0.034619,0.001078,0.037863,0.024933,-0.004011,-0.010497,0.009031,0.114455,0.003041
0.957896,0.008767,0.037403,0.054249,0.012735,0.065570,-0.073801,0.013994,0.046993,0.006323,0.212285,0.009357,0.000584,0.018172,-0.048365,0.046070,-0.023138,0.010306,0.116459,0.038924
-0.029637,0.022184,-0.015009,0.004046,-0.014225,0.057891,0.024997,0.246034,0.046233,-0.000767,-0.059211,0.092458,-0.031944,-0.007003,-0.059242,0.043965,0.938209,0.029640,-0.062298,0.167260
