0.044045,0.031527,-0.001588,0.040994,0.040202,0.072550,0.007508,-0.003505,0.026804,0.043233,-0.025720,0.045679,0.026791,0.034776,0.003222,0.009570,0.027754,0.987556,0.070607,0.006906
0.036716,0.005872,0.976034,0.037220,-0.032507,0.031705,0.047396,-0.076369,0.015441,-0.012897,0.091747,-0.026255,0.015379,0.065491,-0.018000,0.032241,0.062842,-0.007247,0.062035,0.105825
0.018729,0.005941,0.024580,-0.004585,0.019649,0.067305,-0.019336,0.003064,0.032278,0.015357,0.175505,0.021577,-0.004617,0.065309,-0.002884,-0.005429,0.974652,-0.009952,0.080761,0.015890
0.199453,0.016080,0.052236,0.066863,-0.018429,0.072172,0.032764,0.038130,-0.023672,0.055715,0.965545,0.006975,0.010191,0.011966,0.028255,0.026893,-0.037005,-0.024510,0.063136,0.031143
0.185432,-0.002888,0.050066,0.041151,0.016313,0.096595,-0.058483,-0.056052,0.004927,0.002190,0.095434,-0.021579,0.007887,0.002396,-0.024154,0.038843,0.951541,-0.003185,0.104620,-0.130764
0.158711,0.000866,0.071971,0.969471,-0.010295,0.083420,-0.035608,0.006422,0.001942,0.008850,0.069439,-0.009962,0.007755,-0.026380,-0.004248,0.058402,-0.033516,0.014956,0.100598,-0.026958
0.182222,0.012120,0.046123,-0.015802,0.009578,0.067196,-0.036192,-0.000081,0.013722,0.019083,0.973688,0.009403,0.022789,0.001997,-0.001513,0.000508,-0.043020,0.005692,0.083106,-0.018141
0.208875,0.035902,0.091616,0.031688,0.019939,0.073567,-0.026655,-0.061811,0.031114,0.007863,0.136663,-0.020273,0.029389,0.022833,0.000833,0.062632,0.949633,-0.004637,0.076308,0.047642
0.113772,0.012893,0.171216,0.053647,-0.025236,0.049341,-0.016721,-0.060050,0.067545,-0.005735,0.164613,-0.045578,0.024920,0.055219,-0.014058,0.012968,0.943024,0.035605,0.115416,0.077788
0.157986,-0.003329,0.039061,0.059320,-0.004226,0.124837,-0.010772,-0.039738,0.015705,0.006847,0.076938,0.001630,0.021782,-0.001504,0.008781,0.018442,-0.015163,0.032913,0.113238,0.965112
0.988837,-0.019804,0.038356,0.055543,-0.010350,0.048647,0.000954,0.025776,0.011234,0.024124,0.043214,-0.013718,-0.004320,0.028325,0.020124,-0.010597,-0.039235,0.017640,0.089802,-0.009807
-0.009094,-0.002278,-0.009445,0.024287,-0.030990,-0.005797,0.023258,0.977333,0.051585,0.041027,-0.045453,0.078594,-0.018959,0.029354,-0.033939,0.014124,-0.001901,-0.011136,-0.058557,0.154276
0.153311,0.019803,0.045924,-0.018677,0.001005,0.062790,0.118960,-0.054640,0.006447,0.001950,0.160213,-0.032448,-0.004017,0.047397,-0.019222,-0.001778,0.955925,-0.004654,0.090106,-0.035062
0.153037,-0.003449,0.032665,0.038610,-0.014609,0.059569,-0.013968,0.021937,-0.003762,0.036326,0.976528,0.005045,-0.011308,0.030770,0.016839,0.036623,-0.041143,0.024333,0.095828,0.020924
0.981064,-0.003494,0.040319,-0.017331,-0.013377,0.070854,0.008322,0.024173,0.015251,0.030547,0.049025,-0.009784,-0.001455,0.041159,0.017534,0.018670,-0.124156,-0.003739,0.082918,-0.037430
0.108877,0.001629,0.075116,0.029788,-0.028981,0.030827,-0.002147,-0.028512,0.035051,-0.024435,0.122041,-0.043910,0.027766,0.092615,0.002816,-0.002605,0.968050,0.012060,0.094933,0.068673
0.988282,0.002209,0.036308,0.011226,-0.032197,0.056171,-0.029245,-0.017430,0.008003,0.014373,0.078113,-0.012949,-0.006080,0.018843,0.006771,0.001058,-0.030990,0.023881,0.088293,0.013928
0.105386,0.005959,0.074638,0.066249,-0.005039,0.062214,0.052337,-0.015831,-0.005330,-0.004015,0.982162,-0.038243,0.044767,-0.000415,-0.021449,0.004094,0.014892,-0.024177,0.050750,-0.000700
0.060138,0.038970,0.011266,0.000394,0.032624,0.141904,0.009356,0.977419,0.029899,0.044295,-0.027091,0.030813,0.008477,0.020789,-0.034040,0.031417,0.088122,0.048219,0.000466,0.028651
0.040348,0.007526,0.013528,0.037794,-0.000071,-0.000996,0.006131,0.027494,0.087684,0.051958,-0.035361,0.084869,-0.017495,0.979268,0.012044,0.008611,0.008004,-0.050610,-0.004332,0.122204
0.141627,0.013603,0.041962,0.076682,-0.017904,0.051786,0.012691,-0.020260,0.043640,0.007496,0.104210,-0.003598,0.006089,0.052792,0.063388,0.027783,0.964463,0.020107,0.130350,0.022610
0.177136,-0.015486,0.106958,0.094805,-0.021972,0.105734,0.020067,-0.033681,0.024913,0.018805,0.147231,-0.029459,0.041116,0.949333,-0.013772,-0.000137,-0.047940,0.010558,0.075484,0.004062
0.194898,0.002447,0.054301,0.028397,-0.017695,0.108516,-0.022836,-0.033820,0.017850,0.026570,0.176926,-0.014053,0.009822,0.037090,0.013215,0.018221,-0.016243,0.021994,0.103368,0.947926
0.061045,0.032296,0.005870,0.009637,0.023665,0.231205,0.041985,0.964531,0.025146,0.058041,-0.011728,0.042560,0.011770,-0.005816,-0.023822,0.022923,0.005153,0.001392,0.005817,0.041551
0.143384,-0.004044,0.023465,0.079683,-0.018085,0.066340,-0.019172,-0.082652,0.014816,0.004630,0.177576,-0.038674,0.022287,0.953200,-0.036105,0.033907,-0.082838,0.020354,0.081098,0.043968
0.088547,0.017097,0.013200,0.025872,0.016520,-0.001850,0.028641,0.981707,0.066542,0.078394,-0.008334,0.060010,0.003584,0.028562,-0.009252,0.030803,0.043673,-0.071383,0.040926,0.037325
0.212511,0.014774,0.042992,-0.001971,-0.011733,0.071053,-0.021924,0.022316,0.009712,0.031765,0.960054,-0.000594,0.008998,0.015063,-0.014292,-0.024252,-0.120722,0.022281,0.085500,-0.017747
0.173582,0.051246,0.020642,0.092205,0.048246,0.124405,-0.015749,-0.027181,0.038505,0.018531,0.067500,0.032251,-0.007520,0.006199,-0.041036,0.033481,0.959379,0.003450,0.089705,0.027097
0.147990,0.006710,0.042781,0.964821,0.009899,0.093445,-0.017030,-0.007756,0.005782,0.016289,0.094469,-0.011878,0.012779,0.055546,-0.011121,-0.000529,-0.091500,0.020089,0.086402,0.084771
0.135347,-0.020573,0.053255,0.054167,-0.000490,0.093696,-0.005299,0.007396,0.032562,0.017389,0.129245,-0.011466,0.045509,0.000279,0.000728,0.025004,-0.028927,-0.000395,0.118249,0.964837
0.273054,-0.001671,0.043722,0.037162,0.044165,0.116815,-0.041095,0.026262,0.014714,0.015028,-0.140000,-0.007897,0.022744,-0.015765,-0.034112,0.030670,0.935962,0.001810,0.059369,-0.040535
0.049628,0.006346,0.009835,-0.003370,-0.019247,-0.022504,0.015768,0.982932,0.073299,0.045915,-0.040263,0.062873,-0.014541,0.059978,-0.030402,0.010291,-0.021273,-0.016850,-0.046971,0.096288
