0.978044,0.023472,0.125111,0.013172,-0.021680,-0.006044,0.024031,-0.049034,0.021664,0.084865,0.012470,-0.062684,0.002588,0.050028,-0.025912,0.068105,-0.001958,-0.008872,0.060501,0.015697
0.249760,-0.129101,-0.062626,-0.028947,0.100804,-0.030615,0.075603,0.705148,0.011806,0.161313,0.062475,0.293745,-0.103688,-0.082871,0.090453,-0.014700,0.175939,-0.103852,-0.074760,0.460921
-0.010213,-0.021916,-0.029548,0.007572,-0.003128,0.104694,-0.046219,0.971219,0.015354,0.009179,0.093037,0.039881,-0.061417,-0.020703,0.009919,0.010408,-0.124551,0.026564,-0.004052,0.104418
0.988142,0.005668,0.011568,0.022873,-0.008171,0.074106,0.027268,0.004556,0.022984,0.032044,-0.005476,-0.095676,0.013818,0.015566,-0.042755,-0.020351,-0.000840,-0.021857,0.043607,0.027738
0.956268,-0.033695,0.065902,0.014328,-0.028043,-0.029989,-0.008355,-0.007706,0.023012,-0.040281,0.231564,-0.057825,0.087474,0.070257,0.002928,0.042094,0.055789,-0.014021,0.033504,-0.011598
0.049029,0.018884,0.052362,0.005600,-0.023986,0.071261,0.079767,-0.013243,0.987085,-0.004559,0.019889,-0.066730,0.037547,0.018848,-0.016772,0.010860,0.009972,-0.004713,0.026473,-0.009104
0.977277,-0.013664,0.039012,-0.036585,-0.016260,0.103607,0.048828,-0.046472,0.024724,0.025917,-0.042512,-0.079123,0.039102,0.044515,-0.018338,0.050343,-0.011571,-0.044062,0.089562,-0.022611
-0.058216,-0.017939,-0.068869,-0.064944,-0.003607,0.004168,-0.053743,0.972671,-0.004697,0.065386,0.065337,0.071855,-0.076276,-0.035137,0.005564,-0.016294,0.095754,0.021029,-0.030888,0.081711
0.986998,0.016787,0.020409,0.019384,-0.016018,0.100733,-0.046222,-0.001036,-0.032167,0.006969,-0.038202,-0.056077,0.001651,0.006508,-0.033253,0.014019,0.032235,-0.038776,0.048350,-0.017464
-0.222756,-0.088711,-0.169866,-0.100127,-0.087455,-0.122158,0.080279,0.144675,-0.096520,0.182712,-0.036733,0.627011,-0.187645,0.040137,0.363124,0.123943,0.332142,-0.232011,-0.161076,0.205807
0.988224,-0.036828,0.038847,-0.001254,-0.015300,0.045041,-0.066999,-0.009339,0.034460,0.018144,0.011394,-0.062191,0.018605,0.047120,0.020352,0.058272,-0.011936,-0.011087,0.038651,-0.007651
-0.060995,-0.139020,-0.092701,-0.065960,0.238501,-0.112461,0.114999,0.019673,-0.097056,0.240500,-0.073286,0.254587,-0.056091,-0.037047,0.234200,-0.000214,0.548536,0.330764,-0.136821,0.505011
0.930244,0.019569,0.036108,-0.011870,0.033237,-0.080518,0.143168,0.044284,-0.047478,0.013081,-0.069273,0.048103,0.105469,-0.069564,0.125827,0.011094,0.194400,-0.008479,-0.033547,0.149425
0.065026,-0.166432,-0.056149,-0.089674,0.177018,-0.076440,-0.110871,0.585998,-0.020688,0.065020,-0.117190,0.547349,-0.150193,-0.123256,0.184950,0.036165,0.353593,0.088219,-0.128623,0.153019
0.034082,-0.076149,-0.080108,-0.063217,-0.012873,-0.014499,0.009667,0.074910,-0.094745,0.126497,0.158831,0.270464,-0.074054,-0.036133,-0.004696,0.027159,0.913039,0.013146,-0.068749,0.084263
0.114160,0.011032,0.032057,0.007141,-0.017477,0.078262,0.061902,0.021431,-0.001027,0.000015,0.124135,-0.032423,0.020197,0.041110,-0.022309,0.000904,-0.051414,-0.021241,0.971727,0.092950
0.962554,-0.035124,0.023518,-0.046721,-0.029809,-0.028678,0.067825,-0.089867,0.018029,0.021739,0.122830,-0.118448,0.033438,-0.011744,-0.059161,0.006421,0.116502,-0.045438,0.063222,0.028048
0.054196,0.031476,0.047966,-0.029552,-0.008801,0.076220,0.050084,-0.047412,0.967708,-0.014142,0.090948,-0.095441,0.048117,0.074882,0.110976,0.017145,-0.034190,-0.020860,0.071197,-0.031785
0.951892,0.012598,0.047259,-0.004234,-0.028459,0.059982,0.217957,-0.037639,0.100980,0.006559,0.089392,-0.069666,-0.005950,0.000409,0.052325,0.080182,-0.033104,-0.045155,0.032947,0.040668
-0.011153,-0.027246,-0.024615,0.012446,0.018298,0.116780,-0.076293,0.161168,0.032692,0.038861,0.089577,0.053778,-0.053326,-0.009603,-0.010046,0.013231,0.966427,0.023426,-0.010396,0.035493
-0.002451,0.039075,0.049424,0.008635,-0.017073,0.053773,0.993674,-0.009159,0.017224,-0.002908,0.016252,-0.047980,0.021817,0.005665,0.003209,-0.000217,-0.005056,0.008893,0.040939,0.011204
-0.070536,-0.026727,-0.091891,-0.049461,0.059204,-0.057655,-0.036891,0.067105,-0.022105,0.062984,0.201975,0.168431,-0.070026,-0.019540,-0.006636,0.014741,0.058610,0.018553,-0.048105,0.940993
0.115952,-0.003912,0.047058,0.715386,-0.023354,0.039500,0.047426,0.068108,0.243674,0.035848,0.106799,-0.061171,0.035068,0.046910,0.091267,0.064334,0.599320,-0.018531,0.095687,0.056231
0.807373,-0.183758,0.106985,-0.070783,0.077176,-0.128166,0.021587,-0.133128,0.160946,-0.055108,0.092430,-0.181251,0.135121,0.033013,0.059344,0.326750,0.128421,-0.120727,-0.086425,0.137285
0.032180,0.012821,0.095446,0.008141,-0.038619,-0.010130,0.039096,0.073704,0.042377,0.012629,0.975617,-0.005418,0.032927,0.041200,-0.039623,0.057768,0.046004,-0.017731,-0.101192,0.083045
-0.067296,0.031813,0.175906,-0.037855,-0.022582,0.063546,0.026319,-0.108602,0.022374,-0.005352,-0.014740,-0.083359,0.029808,0.034639,-0.050122,0.126889,0.953128,-0.019253,0.044672,0.076369
0.950153,-0.032756,0.073670,0.076482,0.000767,-0.019312,-0.001363,-0.011822,-0.009749,-0.059984,0.219326,-0.053303,0.047962,0.046387,0.096068,0.041635,-0.073398,-0.063139,-0.049412,-0.049765
0.072887,0.010803,0.040172,0.029843,-0.020238,0.027547,0.033648,-0.040548,0.988525,-0.004602,0.055390,-0.044069,0.032274,0.009806,0.001348,-0.026337,-0.025617,-0.009646,0.043358,0.038038
0.901068,-0.049646,0.174729,-0.080568,-0.065478,0.012254,-0.126698,-0.114190,0.011647,-0.115185,-0.033666,-0.160210,0.063636,-0.102831,-0.080750,-0.150864,0.074819,-0.115444,0.106575,-0.025876
0.988666,-0.000444,-0.012726,0.012749,-0.004915,0.003061,0.035656,0.035083,0.015932,-0.005776,0.109308,-0.039510,-0.010320,0.020924,-0.011601,0.015871,-0.051454,-0.020756,0.002205,0.043236
-0.069385,-0.069155,-0.060961,-0.013885,0.006234,-0.044071,-0.058172,0.963114,-0.014449,0.049391,-0.061822,0.082909,-0.077404,-0.064436,0.032376,-0.048653,0.079997,-0.043225,-0.039873,0.129535
0.995092,0.045372,0.039348,0.008048,-0.010447,0.028325,0.013758,0.010531,0.002885,-0.005637,0.006795,-0.042089,0.018333,-0.001972,-0.000826,-0.012393,0.013380,0.008168,0.043392,-0.020674
0.944129,0.005372,0.129131,0.095271,0.014130,0.074671,0.016475,0.043807,0.055032,0.040023,0.043323,-0.144524,0.068439,0.019328,-0.012338,0.144585,-0.052850,0.026396,0.108187,-0.078557
0.316634,-0.073448,0.157644,-0.087277,-0.401224,0.223459,-0.118078,0.096263,0.121489,-0.022660,0.081759,0.093006,0.190344,0.620389,0.370216,0.067254,0.147759,-0.099209,0.041053,0.033044
-0.067231,0.027396,0.011727,0.010007,-0.029859,0.050853,0.050202,0.033886,-0.005498,-0.020750,0.990065,-0.016703,0.004181,0.037243,-0.045522,-0.002100,0.016610,-0.033968,0.018236,0.033682
0.959644,0.018726,0.027605,0.008958,-0.030890,0.043821,0.147038,0.012398,-0.008656,-0.020763,0.074256,-0.035091,0.018001,0.045735,-0.000278,0.047242,0.196805,0.026569,0.028878,-0.032722
0.986208,0.048322,-0.000199,0.014995,-0.029445,0.005265,0.085608,0.037141,0.010849,0.015419,0.071613,0.054362,0.008197,0.013885,-0.012075,0.021337,0.045530,-0.023632,0.037050,0.043899
0.977777,0.015989,0.036562,0.005020,-0.033551,0.015815,0.142445,-0.003998,-0.032918,0.027471,0.034385,-0.090562,0.031999,-0.000940,-0.035954,0.016353,-0.041372,0.009984,0.048541,0.051750
0.972260,0.052980,0.006187,0.082509,-0.031517,0.085997,0.073106,0.031780,0.017144,0.060898,0.110052,-0.023671,0.015436,0.016127,-0.028110,0.074113,0.025701,0.010508,0.077975,-0.002821
-0.089876,0.045667,0.013321,0.043039,-0.027429,0.970549,0.108825,0.034081,0.056431,0.068321,-0.029694,-0.018348,0.047531,0.092566,-0.025250,0.074160,-0.020240,-0.003957,0.064166,0.038811
-0.051261,-0.004115,0.030142,0.000565,-0.045424,0.028615,0.097853,0.059883,0.051115,0.047854,0.082454,-0.051346,-0.008508,0.015423,-0.019216,0.087634,0.971538,-0.001792,-0.031735,0.113176
0.172632,-0.220332,0.364483,0.017581,0.145869,-0.252250,0.108036,0.064202,0.030673,0.236495,-0.144464,0.520283,-0.177195,0.103371,0.296264,-0.097489,0.150057,-0.279936,-0.308536,0.062637
0.935443,-0.037944,0.075046,-0.032133,-0.017373,-0.096242,-0.069193,-0.034024,-0.005845,-0.092629,-0.150925,-0.097378,0.169554,0.031004,-0.118132,0.077034,-0.046772,-0.018788,0.086226,-0.029703
0.968704,0.037797,0.065810,-0.012965,0.002865,0.118810,-0.007613,-0.004531,0.027429,0.037439,0.158350,-0.046353,0.041532,0.020342,-0.029943,-0.018292,-0.087348,-0.032996,0.004201,0.000105
0.032443,0.017478,0.006846,0.001945,-0.031740,0.047974,0.091919,0.035680,0.029499,0.034197,0.052594,-0.029081,0.041206,0.044951,-0.026884,0.019572,0.984226,-0.031203,0.049539,0.054364
-0.015858,0.007461,-0.028112,0.003706,-0.013023,0.111603,-0.024422,0.000700,0.018597,0.011792,0.026751,0.042112,-0.060686,-0.031875,0.008180,0.030514,0.980336,0.016687,-0.013662,0.124390
0.010071,0.036081,-0.003768,0.043278,-0.026516,0.020968,0.080073,-0.011523,-0.012105,0.030083,0.989195,-0.037610,0.041022,-0.001251,0.010447,0.025764,0.024331,0.015589,0.068966,-0.000170
-0.050053,0.004518,0.105288,-0.039907,-0.039068,0.223216,0.098413,0.022864,0.041488,0.009071,-0.127351,-0.064795,0.049250,0.021587,-0.032870,0.082675,0.054805,0.037559,0.933019,0.123570
0.980165,0.024992,-0.001683,0.010714,-0.048889,-0.012485,0.096448,0.050862,0.032561,0.078151,0.062910,-0.034998,0.021414,0.063625,-0.025806,0.017388,-0.029215,-0.004944,0.066298,0.031615
0.074760,0.088994,-0.014008,-0.008010,-0.011930,0.023554,0.028752,-0.003378,-0.003924,-0.008178,0.033896,-0.018487,0.044292,0.009575,0.012802,0.034677,0.988820,-0.014056,0.034738,0.023099
0.873852,-0.062662,0.045232,-0.151588,-0.044161,0.066838,0.201637,-0.116251,0.215900,-0.112871,-0.132698,-0.199997,0.030681,0.028121,-0.101718,-0.037363,-0.110949,-0.051785,-0.005018,-0.037279
-0.039918,0.002754,-0.021492,-0.025855,0.001806,0.142724,-0.012180,0.959635,0.034149,0.043266,-0.008159,0.025503,-0.066551,-0.061076,-0.011744,-0.091895,0.155775,0.036984,-0.029553,0.094036
-0.028949,0.020058,0.075369,-0.001905,-0.015358,0.003449,0.993390,-0.008025,0.017198,0.012008,0.016257,-0.034234,0.020139,0.023763,0.001563,0.016346,0.045770,0.016740,0.016223,0.013633
0.008371,0.017091,0.038521,0.033564,0.022107,0.031154,-0.000136,-0.024159,-0.011674,0.077028,0.979101,-0.067054,0.061669,0.048430,0.009112,0.102332,-0.010564,-0.017925,0.092672,-0.007477
-0.002917,-0.113934,-0.089652,-0.074523,0.133789,-0.090145,0.205749,-0.026254,-0.153805,0.150150,0.010166,0.852249,-0.095701,-0.079804,0.114231,0.006025,0.097614,-0.196081,-0.157635,0.174073
-0.008355,-0.038039,-0.040295,0.002794,-0.009476,0.043558,-0.008231,0.066562,0.003402,0.031025,0.047782,0.070882,-0.061457,-0.043147,0.037402,0.063113,0.971890,-0.003402,-0.023722,0.160995
0.988385,0.009235,-0.009338,0.013149,-0.016669,0.032125,-0.002582,0.003403,-0.000789,0.042228,0.012774,-0.078091,0.036301,0.023313,0.022221,0.008416,-0.055340,-0.006565,0.088126,0.008916
0.992333,0.004543,0.044522,0.004336,-0.000016,-0.004045,0.080540,0.040573,0.012089,-0.001539,0.035608,-0.026460,0.028566,0.012792,0.021675,0.011978,0.027472,0.010970,0.018469,-0.013349
-0.009533,-0.001738,0.029635,0.020796,-0.004583,-0.006061,0.076654,-0.045529,0.032045,0.036649,0.985306,-0.038764,0.035236,0.074748,-0.006324,0.006288,-0.008578,-0.017273,0.091511,0.015299
-0.076106,-0.018435,-0.016696,-0.023262,0.015203,0.010108,0.025111,0.214946,-0.020418,0.018598,-0.043123,0.099393,-0.031691,-0.052917,-0.005502,0.005914,0.963491,-0.001404,-0.026067,0.022716
0.971694,-0.013503,0.084097,0.002975,-0.045818,0.124206,0.089130,0.011049,0.026099,0.002342,-0.036971,-0.062113,0.017684,-0.009836,-0.059450,0.013106,-0.007608,0.014288,-0.027089,0.109233
-0.119962,-0.030080,-0.039514,-0.015425,0.012026,-0.018866,0.011079,0.154339,-0.022485,0.013119,0.042430,0.960288,-0.041336,-0.056706,-0.017795,-0.012192,0.104764,0.020116,-0.039298,0.124560
-0.125984,0.043524,0.075012,0.029721,-0.010103,-0.068595,0.090243,0.032326,0.047337,0.047165,0.924953,-0.026067,0.040373,0.078379,-0.003279,0.034057,-0.048282,-0.003157,0.299491,-0.008102
0.988601,-0.012657,-0.003874,0.002640,-0.052070,-0.017941,0.041776,0.002520,0.000130,0.015499,-0.019817,-0.091167,0.016131,0.004923,-0.024633,0.055426,-0.025141,0.006593,0.051311,0.038532
