0.981518,0.044443,0.088230,-0.005289,-0.022362,0.061308,-0.027287,0.008433,0.056025,0.057025,-0.018550,0.039255,0.022453,-0.008961,0.042785,0.029262,-0.024451,-0.030992,0.010486,-0.092438
0.237437,0.161904,-0.198088,0.036906,0.019003,0.064102,0.146350,0.174766,0.099603,0.029252,0.078391,0.048279,0.010954,0.230969,0.123841,0.710564,0.469688,0.046894,0.014283,0.066420
-0.053004,0.028677,-0.028613,0.029385,-0.006106,-0.061895,0.098925,0.019489,-0.022806,0.078404,0.129727,0.120111,-0.018764,-0.060012,-0.021919,0.022849,-0.007194,0.010689,-0.020156,0.968091
0.964284,0.011594,0.043242,-0.000029,-0.022622,0.093764,-0.104034,0.035720,0.053054,0.079077,-0.024986,-0.053553,0.058895,0.024200,0.087862,-0.087598,-0.004941,-0.004507,0.120645,-0.011971
0.921689,-0.033435,0.015875,0.138362,-0.035789,0.031426,0.010560,0.083808,-0.004941,0.021450,0.136054,-0.166904,0.079700,0.207252,0.014601,0.002742,-0.102098,0.012316,0.087761,-0.076918
0.053556,0.054436,0.048242,-0.032281,-0.041738,0.059398,0.019208,0.013648,0.014463,0.084098,0.694947,-0.015746,0.029037,0.695640,0.087039,-0.003466,0.004062,-0.018797,0.007980,-0.041384
-0.115426,0.040941,0.090079,0.003927,-0.006900,0.017427,0.135876,0.068647,-0.013866,0.048185,0.935186,0.018903,0.038261,0.025851,-0.023707,0.032205,-0.017494,-0.066515,-0.257407,-0.034378
-0.087131,0.018263,-0.049310,-0.020197,-0.015287,-0.074024,0.023827,-0.004538,-0.027450,-0.000016,0.078764,0.108551,-0.021297,-0.085358,-0.029342,0.069291,0.206569,-0.018739,-0.040419,0.951912
0.975004,-0.034981,0.042910,0.015297,-0.000281,0.069334,-0.033237,0.038453,0.038329,0.063786,-0.125230,-0.054433,0.043776,0.044282,0.012733,0.000971,0.025926,-0.016218,0.092448,-0.031196
-0.084689,0.207328,-0.179370,-0.282245,0.097683,-0.040753,0.078240,-0.073228,-0.030719,0.013230,0.030062,0.508253,-0.091121,0.225877,0.150685,0.003439,0.123111,0.210044,-0.238345,0.597371
-0.031108,-0.020047,0.015400,0.038996,-0.022338,0.073949,-0.024371,0.043633,0.059108,0.056765,0.955794,-0.026530,0.064500,0.055713,0.075606,0.034469,0.006014,-0.004963,0.210079,-0.095303
0.019207,0.067810,-0.191970,-0.079870,0.229175,-0.020271,0.119932,-0.085873,-0.058270,0.030471,-0.041952,0.168930,-0.073405,0.122366,-0.052143,0.322147,-0.171048,0.254900,-0.216280,0.758039
0.818010,0.102869,0.043899,0.112099,-0.063545,0.003568,0.201127,0.254290,-0.025671,0.006851,0.007422,0.042849,-0.027636,0.387709,0.029342,0.041660,-0.054805,-0.007400,-0.192921,0.008100
-0.088465,0.163036,-0.180358,-0.006398,0.210896,-0.143988,0.497320,-0.043831,0.172456,-0.013624,0.302167,0.402796,0.061406,0.053906,0.075371,0.108789,0.462831,0.246284,-0.117131,-0.149361
-0.123836,0.041900,-0.114170,-0.053552,0.025900,-0.060443,0.127980,0.101572,-0.082132,0.027893,0.069358,0.046150,-0.044891,-0.056923,-0.073853,-0.149761,-0.105588,-0.039614,-0.058813,0.933921
0.979265,0.004814,0.021490,-0.007953,-0.009308,0.080823,-0.021042,-0.020960,0.043462,0.034621,0.109956,-0.015795,-0.000584,-0.003941,-0.001893,-0.074024,0.058961,-0.012596,0.089480,0.020555
-0.128304,-0.027018,0.024300,-0.026147,-0.034431,0.072314,-0.090448,-0.028629,0.122026,0.140136,0.919816,-0.123254,0.055562,-0.034719,-0.007744,-0.150482,-0.016970,0.047332,0.201536,-0.013936
0.053782,0.078228,0.038778,-0.032556,-0.013888,0.031447,-0.094959,-0.037961,0.024980,0.084672,-0.066650,-0.037049,0.044815,0.050716,0.974174,0.056723,-0.033071,-0.008125,0.049035,-0.052910
0.610116,0.461236,0.060872,0.017622,0.000817,0.077076,-0.058195,0.222428,0.104293,0.096364,0.545156,-0.028967,-0.045836,0.068194,0.112715,0.022490,-0.059700,-0.014919,0.072812,-0.070392
-0.030793,0.016127,-0.029390,-0.010807,0.011622,-0.029713,0.044153,0.024890,-0.043916,0.052824,0.007952,0.067748,-0.010213,-0.063241,-0.037267,0.070061,0.982692,-0.000094,-0.009455,0.093153
0.030812,0.005800,0.050180,-0.008984,-0.002470,0.055121,-0.030876,-0.004965,0.052212,0.058430,0.007690,-0.058630,0.020151,0.048264,0.986954,-0.057423,0.015328,0.006217,0.048715,-0.001423
-0.097521,0.016865,-0.070440,-0.009191,-0.001581,-0.045480,-0.008010,0.025718,-0.068343,0.007230,-0.044877,0.122276,-0.032706,-0.080915,-0.036134,0.206985,0.069187,-0.028281,-0.059749,0.948552
0.907952,0.076117,0.104051,0.008818,-0.031863,0.056547,-0.025729,0.036903,0.019415,0.101108,0.000260,-0.031328,-0.003408,0.330368,0.162614,-0.036621,-0.033357,-0.033924,0.032661,-0.028946
0.474222,-0.146654,0.114453,0.144675,-0.081043,-0.135429,-0.063471,-0.073237,0.108410,0.035550,0.774511,-0.011533,-0.074667,-0.014375,0.163443,-0.003663,-0.137082,-0.016586,-0.110667,-0.091843
-0.063771,0.005336,0.013131,0.025269,-0.038782,0.044291,0.063446,0.039778,0.005132,0.038022,0.966892,-0.043832,0.013523,0.063957,0.016226,-0.029785,0.019107,-0.019774,0.200043,0.039371
0.881714,0.001841,0.046889,-0.023452,-0.016854,0.057761,-0.113734,-0.012829,0.366313,0.031503,0.009389,-0.139065,0.022569,0.055572,0.122757,-0.087356,-0.075988,-0.042268,0.109925,-0.050617
0.902216,0.049975,0.091105,0.138459,0.014544,0.030518,0.037103,0.273775,-0.031871,0.063145,0.026622,-0.004976,-0.000122,0.144713,0.129937,0.109759,-0.104824,0.025069,-0.042810,-0.097507
0.068137,0.090005,0.057726,-0.029988,-0.024042,0.020942,-0.060960,0.000212,0.019888,0.103680,0.978859,-0.022323,0.001264,-0.006939,0.062737,-0.036699,0.000722,0.002821,0.049270,0.026743
-0.245313,-0.093880,-0.014721,-0.029382,-0.116824,0.153293,-0.107886,0.072747,0.000987,-0.004507,0.877637,-0.102324,0.105883,-0.022733,0.070152,0.118029,0.022587,0.145830,0.110874,-0.174533
0.712624,0.015472,0.033457,0.056455,0.007435,0.087402,0.025822,0.027583,0.080725,0.099088,-0.108572,-0.018346,0.026800,0.658061,0.081425,-0.005336,0.019613,-0.048178,-0.072213,0.041204
-0.103978,0.038640,-0.085873,0.003932,0.019062,-0.125331,0.120255,-0.075079,0.051856,0.047245,0.179142,0.935379,0.012826,0.039033,-0.012804,-0.043769,-0.068838,0.005698,-0.096181,0.119996
0.060207,-0.014949,0.047994,-0.001492,-0.010705,0.067051,-0.024096,0.017950,-0.001226,0.057439,-0.010023,-0.035474,0.037979,0.068267,0.984850,-0.055131,0.016051,0.006330,0.064207,-0.013498
0.867027,-0.009534,0.037041,0.115199,-0.043485,0.159951,0.227148,0.146819,0.125197,0.107926,0.106764,-0.138669,0.001644,0.012270,-0.016411,0.178553,-0.072826,0.135809,0.110216,-0.082182
0.213478,0.198399,0.032888,0.055721,-0.397092,0.038174,0.106707,0.002949,0.107970,0.171790,-0.060165,0.169367,0.068718,0.364894,0.468835,0.250286,0.155575,0.465707,-0.029174,-0.067915
0.963561,-0.017167,0.035167,-0.001762,-0.011183,0.095942,0.023723,0.060086,0.009775,0.100575,-0.112914,-0.044193,0.028440,0.035385,-0.015429,-0.078771,0.064295,-0.025022,0.133403,0.023220
-0.149148,0.069416,0.016817,-0.002630,-0.042254,0.015493,0.050481,-0.013583,0.250275,0.059811,0.211798,-0.065461,0.019091,0.244881,0.124090,0.031653,-0.033777,-0.048194,0.873693,-0.094845
0.985189,-0.021237,0.077844,-0.004858,-0.010708,0.028949,-0.003888,0.027456,0.036371,0.086474,-0.005037,0.010784,0.026413,0.036668,-0.017771,-0.058484,0.063743,-0.033515,0.015993,0.031349
0.080665,0.040062,0.072456,-0.025478,-0.047856,0.056519,-0.048514,-0.007360,-0.043350,0.072664,0.945174,0.011452,0.042500,0.122054,0.240219,-0.044688,-0.008542,-0.015124,-0.002116,-0.027221
-0.131545,0.054644,0.007662,0.045026,-0.034428,0.095981,0.061528,0.025750,0.013576,0.076667,-0.083420,0.074261,0.026957,0.072991,0.041165,0.060528,0.025133,-0.010293,0.964705,-0.037891
0.975868,0.032704,0.097124,0.022782,-0.024467,0.068916,0.038650,0.087487,0.000535,0.062070,0.003261,0.068342,0.032387,0.054795,0.004488,0.075773,0.013894,-0.029219,-0.001646,-0.052605
0.897168,0.022161,0.044013,0.007997,-0.050168,0.078358,0.025058,0.045884,0.230270,0.050014,0.311577,-0.050655,-0.004634,0.079490,0.104111,-0.061400,-0.022219,-0.012065,0.056341,-0.035682
0.229482,0.263981,-0.155289,0.194210,-0.186326,-0.185953,0.255924,-0.266921,-0.251586,0.077044,0.190850,0.340155,-0.183029,0.319095,0.090263,-0.025067,-0.152892,0.210548,-0.298099,0.296233
0.945232,0.011650,0.100085,0.051476,-0.084156,0.049948,-0.020090,0.052053,0.085631,-0.045022,-0.077694,-0.142895,0.000639,0.052683,-0.001815,-0.084825,0.087582,0.109520,-0.123031,-0.021276
0.949874,0.001626,-0.085448,0.043511,-0.018037,0.081675,0.195140,0.006947,0.028993,0.085122,0.078495,-0.015659,-0.038525,0.095159,0.056355,0.043504,-0.085829,-0.020838,0.028417,-0.068617
0.951368,0.012429,0.061279,0.014094,-0.049088,0.073782,-0.030722,0.050709,0.041241,0.139510,0.187149,-0.044520,0.036086,0.012547,0.028222,-0.043713,0.017165,0.041461,0.121168,0.019744
-0.023056,0.025389,-0.021750,0.003185,-0.040091,-0.040697,0.009610,0.004400,-0.040706,0.032368,0.046590,0.057884,-0.009727,-0.053290,-0.013109,0.110639,0.034398,-0.026211,-0.028379,0.984234
0.036688,0.032939,0.018635,0.014158,-0.037760,0.099577,0.042854,0.018436,0.015671,0.076501,-0.041574,0.041655,0.069558,0.101250,0.088921,-0.020707,0.007192,-0.005862,0.971189,-0.084982
-0.063642,0.003096,0.065609,-0.000554,-0.039678,0.054378,0.028223,0.003542,-0.004043,0.047036,0.980683,-0.071658,0.006456,0.064044,0.041096,-0.041034,0.058256,-0.017799,0.072718,-0.026016
0.470551,0.044454,0.050422,0.003456,-0.049999,0.093928,0.160356,0.030483,0.008552,0.085153,-0.034793,0.054251,0.029235,0.843843,-0.032615,0.067797,0.000208,-0.034849,-0.060258,-0.034292
0.946640,0.048027,0.038420,-0.037700,-0.006215,0.047630,-0.056979,0.012787,0.226011,0.029198,-0.086755,-0.043781,0.044838,0.021115,0.149968,-0.059811,-0.008591,-0.007427,-0.008436,0.053395
0.055655,0.028819,-0.051078,-0.050089,-0.048192,0.029770,-0.040647,-0.107387,-0.076177,0.003375,0.950637,-0.092437,-0.000633,0.125813,0.017344,0.031861,-0.092365,-0.079648,-0.075781,-0.136855
-0.025805,-0.057323,0.002126,-0.037432,-0.016549,-0.035521,0.030829,0.036329,-0.021539,0.022296,0.223698,0.122139,0.008825,-0.024390,-0.009830,0.000816,0.955880,0.004394,0.027841,0.098214
0.009566,0.031383,0.039170,-0.015296,-0.005216,0.051664,0.017362,-0.008457,0.987737,0.030888,0.050079,-0.030064,0.025888,0.104296,0.044613,-0.017928,0.007680,0.007190,0.001966,-0.010999
0.976828,-0.021550,0.081598,0.030818,0.017074,0.013525,-0.047030,0.015967,0.061643,0.080090,-0.034951,0.005128,0.086454,0.047584,0.059872,0.035090,-0.001932,0.004654,-0.032655,-0.087665
-0.033141,0.082754,-0.199401,0.062760,0.147182,-0.015379,0.206523,0.049979,-0.096714,-0.006897,0.029286,0.215955,-0.169343,0.102049,0.146584,0.045669,0.035138,-0.129858,-0.146215,0.849865
-0.050080,0.038984,-0.036650,0.005637,-0.012839,-0.023186,0.062698,0.014441,-0.031378,0.045773,0.025861,0.067437,-0.021125,-0.042500,-0.012381,0.987394,-0.024659,-0.012109,-0.026329,0.051558
-0.011079,0.031152,0.022853,0.013688,-0.028169,0.052993,0.032340,0.043674,0.001024,0.051129,-0.016550,0.107840,0.044329,0.096169,0.090712,0.124800,-0.009655,-0.037010,0.964758,-0.099423
0.023624,0.078102,0.040509,-0.022815,-0.008296,0.018337,0.016722,-0.009145,0.011921,0.010940,0.069812,-0.022978,0.015607,0.071830,0.989489,0.011447,-0.003613,0.002195,0.006799,-0.007940
-0.074425,0.042701,0.038331,-0.005093,-0.006231,0.083637,0.081863,0.019251,0.002680,0.040584,0.976602,0.110541,0.058348,0.034965,0.040619,0.008819,-0.018514,-0.035276,-0.026246,-0.027922
-0.086568,-0.002356,-0.031454,-0.000396,0.029302,-0.061050,0.812741,-0.055700,-0.047522,0.097311,0.309620,0.087097,-0.002422,-0.023848,-0.026833,-0.028512,-0.030510,0.020185,-0.056666,0.448820
-0.122281,-0.026267,0.035892,0.017003,-0.041073,0.078333,0.042004,0.050511,-0.020063,0.020230,0.972537,-0.068602,-0.011979,0.022081,-0.000470,-0.087872,0.007161,-0.004996,0.104032,0.006663
-0.070044,-0.003002,-0.044699,0.007582,0.031803,-0.082166,0.134906,-0.036283,-0.022298,0.960348,0.044327,0.071019,-0.016503,-0.031622,-0.014940,0.003934,-0.102793,0.018506,-0.062698,0.140091
0.964355,0.021665,-0.032270,0.061809,0.006721,0.069466,0.090992,-0.008448,0.039438,0.107489,0.046725,-0.003287,0.014212,0.085442,0.106085,0.035357,-0.029754,0.006534,0.094847,-0.078953
0.965262,-0.032949,0.024456,0.071554,-0.020380,0.090891,0.048555,0.017749,0.010264,0.066895,0.118341,-0.088105,0.006458,0.070921,-0.000714,0.060709,-0.058963,-0.017624,0.064452,-0.084084
