0.016300,0.117322,-0.004874,-0.027423,-0.031045,0.009953,-0.048403,0.013962,0.066232,0.081820,-0.018655,-0.040134,-0.024441,0.236965,0.001405,-0.073874,0.051744,0.042888,0.949258,-0.027146
0.326570,0.257094,0.092711,-0.031716,0.055856,0.093768,0.080235,0.586865,0.189290,-0.015091,-0.025649,-0.004764,-0.056731,0.191615,0.067929,0.027099,0.260478,0.010216,-0.059298,0.549001
0.051109,-0.027999,-0.041894,0.018525,0.006847,-0.054909,0.045162,0.015806,-0.015620,0.064883,0.066486,0.180481,-0.025125,-0.016712,0.006785,0.968129,0.075473,-0.007279,-0.038328,-0.047526
0.111701,0.034576,-0.017574,-0.050072,-0.028844,-0.008021,0.016056,0.035868,0.037970,0.003184,0.982302,-0.039384,0.040288,-0.039198,0.022014,-0.073823,0.052698,0.026535,0.007747,-0.022702
0.677488,0.068456,0.047975,0.003729,-0.058353,0.024799,-0.042979,0.083826,0.022764,0.020228,0.036234,-0.039384,0.003337,0.161533,0.086213,0.070560,0.662961,0.063921,0.173706,-0.070929
0.103581,0.133877,0.027544,0.002550,-0.032446,0.008050,-0.023058,0.017380,-0.006854,-0.103447,0.109525,0.026653,-0.019334,0.047693,0.966136,0.018922,0.037230,0.083273,-0.001504,-0.020733
-0.032426,-0.032217,0.017869,0.067161,-0.013556,0.026917,-0.030310,-0.013232,-0.022561,0.127078,0.078224,-0.024713,-0.027857,0.077953,0.079277,0.221023,0.003387,0.040512,0.946609,-0.089339
0.079183,-0.033720,-0.033712,0.004362,0.030792,0.005418,-0.030109,0.038342,0.003386,-0.024635,-0.019475,0.101035,0.002455,-0.041152,-0.012546,0.975356,0.146362,-0.029814,-0.036460,0.007844
-0.022722,-0.008540,0.028453,-0.002411,-0.035354,0.073953,0.023573,0.021669,0.027161,0.084761,0.985376,0.007707,-0.011276,0.000814,0.027464,-0.060236,0.032189,0.051989,0.049314,-0.034973
0.031772,0.366287,-0.144316,0.098008,-0.312165,0.317350,0.176538,-0.030590,-0.153536,-0.073522,-0.144954,0.220639,-0.005640,0.136584,-0.096116,-0.217697,0.154143,0.008110,-0.197974,0.605907
0.978346,-0.018232,0.042243,0.015949,-0.022096,0.032220,-0.063989,0.006777,0.054814,0.083341,-0.028223,-0.049664,0.025322,-0.056080,0.021488,-0.025108,0.059177,0.069469,0.039145,-0.082762
0.057739,0.050378,0.044513,0.131410,0.016785,0.294153,-0.106937,0.107685,-0.082715,-0.075909,-0.203991,0.318710,-0.028755,0.238584,-0.078601,-0.036042,0.194192,-0.056744,-0.238632,0.739016
0.118869,0.063138,0.200525,0.041527,0.000458,0.037857,0.227372,0.233587,-0.014406,-0.036318,0.074572,0.133368,-0.129410,0.791215,0.189098,-0.253744,0.050001,0.023544,-0.241714,-0.054674
-0.070879,0.142613,0.050016,-0.274658,0.106424,0.261942,-0.044214,0.541916,0.078825,0.329411,-0.120873,0.372563,-0.130345,0.142096,0.015363,0.291571,0.162188,-0.020602,-0.138711,0.290846
0.084805,0.079339,0.080115,0.076512,0.060707,0.011574,-0.001165,0.139026,-0.009569,0.020997,-0.000869,0.188950,-0.081191,0.057110,0.036741,0.917216,0.231634,-0.070529,-0.056585,0.023205
0.062104,0.035097,0.015408,-0.048891,-0.044358,0.023354,0.058252,0.018485,0.025269,0.061182,0.972222,-0.030916,-0.047778,0.058935,0.073867,-0.110154,0.096667,0.011557,0.029348,-0.042395
0.026378,-0.016820,-0.045330,-0.023575,-0.009797,-0.036874,-0.092573,0.035141,0.055194,0.193878,0.873675,-0.096472,0.040110,-0.167758,-0.080056,0.315663,0.134637,0.092634,-0.086504,-0.043649
0.017654,0.085683,0.002024,-0.008401,-0.053032,-0.005319,-0.010819,0.017367,-0.007852,0.864548,0.480469,-0.006564,-0.025659,0.025408,0.030373,0.000329,0.070959,0.028428,-0.009305,0.049567
0.021801,0.140345,-0.011564,-0.031933,0.017123,0.142305,0.168234,0.220264,0.090037,0.902131,-0.073423,-0.119805,0.015816,0.091289,0.018581,-0.005230,-0.003430,0.054894,-0.156689,0.055561
0.156856,-0.025273,-0.025795,0.005175,0.016859,-0.038479,-0.030282,-0.003369,-0.020289,-0.020496,0.035896,0.096067,0.001339,-0.032982,0.013318,0.965140,0.091088,0.013430,0.005999,0.136922
0.048825,0.118450,0.026735,-0.007840,-0.050324,-0.010968,-0.012415,-0.029842,0.014450,0.243689,0.949507,-0.014938,-0.012229,0.079456,0.002204,-0.066649,0.047602,0.038713,0.040932,0.037171
0.099186,0.032300,-0.001408,0.007493,0.092804,0.041186,-0.088832,0.082844,-0.025759,-0.084066,-0.007842,0.095637,-0.006257,-0.042066,0.060030,0.964454,0.088104,-0.039681,-0.026142,0.038137
0.134181,0.113245,0.031719,-0.024941,-0.050448,0.076776,-0.038659,0.003725,0.028459,0.181745,0.096835,-0.063422,-0.066089,0.715122,0.061246,-0.084032,0.112426,0.086894,0.601596,-0.040833
0.094015,-0.131247,-0.019320,0.126168,-0.088723,-0.044360,-0.195436,-0.255632,-0.118271,0.171273,0.290252,0.103130,0.509455,0.533070,-0.021251,-0.183971,0.047399,0.261908,0.219050,-0.096057
0.986521,-0.016110,0.045222,-0.002462,-0.048984,0.038649,-0.033818,0.002850,0.027673,0.022032,0.012699,0.005885,-0.000558,-0.007214,0.020433,-0.070269,0.011370,0.055746,-0.076579,-0.058859
0.050372,0.080536,-0.017831,-0.040691,-0.047344,0.009508,-0.045173,-0.061594,0.069143,0.120321,0.952360,-0.114475,0.020137,0.039442,0.144047,-0.098635,0.068914,0.045708,0.034327,-0.032077
0.593106,0.089210,0.107039,0.081348,0.010773,0.025189,0.036770,0.230659,0.021578,0.558820,0.293780,-0.046060,-0.028236,0.186333,0.083382,0.229020,-0.028898,0.174077,-0.193276,-0.047935
0.071026,0.132157,0.043925,0.009317,-0.039574,0.019405,-0.015179,-0.004860,-0.007083,0.977686,0.055413,-0.018729,0.006236,0.041793,-0.059930,-0.000662,0.052843,0.068452,-0.008407,0.031757
0.124548,-0.198963,0.032966,-0.005120,-0.035136,0.110688,-0.094153,0.031858,0.008460,0.128866,0.860745,-0.092620,-0.060575,-0.129597,-0.041826,-0.231749,-0.074389,0.172802,-0.032407,-0.204740
0.024874,0.085621,-0.014788,-0.070806,-0.032918,0.143798,-0.074314,-0.053305,-0.019379,-0.077132,0.536192,-0.003247,-0.011679,0.787715,-0.006295,-0.017765,0.048666,0.028339,-0.194759,0.027681
-0.035519,0.240661,-0.036680,-0.054607,0.067043,0.020169,0.442694,0.581904,-0.008423,0.172651,0.049429,0.535801,-0.064772,0.049177,-0.084739,-0.198590,0.043389,-0.032453,-0.138082,0.048582
0.049722,0.105350,0.035812,0.026797,-0.054400,0.000122,-0.012688,0.005396,0.008889,-0.148234,0.964640,0.001216,-0.002984,0.068578,0.128476,-0.054507,0.046776,0.025017,0.019606,0.036172
0.910009,-0.089955,0.028311,0.017729,-0.057016,-0.003365,0.120459,-0.052481,0.065778,0.106992,0.124557,0.001344,0.013937,0.208530,0.129535,-0.004228,-0.141102,0.153885,-0.026047,-0.078194
0.083145,0.186742,-0.201812,0.049530,-0.307002,0.125162,-0.075366,0.361465,-0.004162,0.194503,0.008477,0.003818,-0.060951,0.586407,0.058741,-0.130503,0.368070,0.356518,0.013929,-0.000692
0.023423,-0.014418,0.007116,-0.025052,-0.036859,0.061853,0.037317,-0.017520,0.015435,0.032223,0.980541,0.011441,-0.007111,-0.032162,0.029427,-0.109875,-0.038086,0.056865,-0.098881,-0.018114
0.190196,0.091925,-0.046579,-0.065508,-0.018369,0.012362,-0.018119,0.071394,-0.018298,0.115971,0.201559,-0.057652,-0.029775,0.091654,0.923350,0.021813,0.047719,0.032473,-0.123563,-0.065783
0.013091,0.009447,0.029339,-0.008047,-0.042934,-0.005023,0.036012,-0.009953,0.025651,0.042392,0.989411,0.024172,0.004514,-0.026767,0.030343,-0.057841,0.092146,0.000945,-0.006846,0.005817
0.091988,0.129827,0.024893,-0.034725,-0.033791,0.002525,-0.120159,0.005782,-0.014625,0.168818,0.136837,-0.022583,-0.014110,0.034543,0.271750,0.032006,0.064218,0.055563,0.908622,-0.014849
0.085879,0.051577,-0.053119,-0.033094,-0.030782,0.027636,0.094002,0.126497,-0.010621,0.053534,0.125436,0.071919,-0.030737,0.130712,0.028897,-0.060814,0.033118,0.062837,0.952657,-0.021177
-0.043655,0.075039,0.016595,-0.013339,-0.033516,0.023113,0.053488,0.035462,0.001770,0.062808,-0.012543,0.000038,-0.027092,0.166742,0.033922,-0.031329,-0.014669,0.083946,0.971263,-0.029070
0.892360,0.108513,0.034316,-0.045438,-0.038579,0.048298,-0.058537,-0.004167,0.090549,0.165648,-0.111422,-0.056966,-0.003622,0.120175,0.325446,-0.005849,0.055487,0.067849,0.029118,-0.034334
-0.098618,0.310686,-0.237052,0.312119,-0.232251,0.029655,-0.009380,-0.086250,-0.283442,0.054338,-0.148502,0.313190,0.263044,0.393361,-0.108144,-0.244656,0.059213,0.180897,-0.068431,0.371439
-0.085347,0.019376,-0.021169,-0.014468,-0.071081,-0.043065,0.015007,-0.093693,0.071995,-0.109336,0.958874,-0.112635,-0.073554,0.103086,0.020655,-0.031319,0.072316,0.029911,-0.033068,-0.042961
-0.111661,-0.067561,-0.030990,0.048637,0.000394,-0.038761,0.181092,0.137360,0.126722,0.213873,-0.049091,0.203849,-0.077297,0.153702,0.058991,0.068027,0.870893,0.124142,-0.093827,-0.018341
0.089055,0.068898,-0.002276,-0.096040,-0.048127,-0.047103,-0.034162,0.050390,0.033400,0.075818,0.962743,-0.064124,-0.010695,0.002579,0.016705,-0.075404,0.089913,0.090106,0.071345,-0.067998
0.096219,-0.025980,-0.030244,0.010599,0.004290,0.029579,0.000776,0.036497,-0.018367,-0.037228,-0.000507,0.048349,0.017627,-0.032661,0.032020,0.988408,0.042620,-0.013316,-0.037275,-0.004012
0.222768,0.074016,-0.022816,-0.010665,-0.033338,0.045873,0.046746,0.135831,0.007094,0.078636,0.116137,0.039457,-0.041679,0.031688,0.030629,-0.014443,0.070107,0.054749,0.940915,-0.044834
0.970733,-0.020061,0.020006,-0.008638,-0.057542,0.019399,-0.051169,-0.027879,0.032402,0.049100,0.108308,-0.065688,0.006836,0.027835,0.079252,-0.039647,0.090069,0.065552,0.051212,-0.080655
0.058486,0.120657,0.065081,-0.059665,-0.018599,-0.009657,0.039671,0.065994,0.014945,0.048854,0.112899,0.033925,-0.005758,-0.002836,0.026936,-0.042308,0.076378,0.068439,0.968464,-0.018788
-0.160617,0.146619,-0.047501,-0.070399,-0.033240,-0.002011,0.000940,-0.004697,0.057025,0.146464,0.947511,-0.069624,0.001325,0.079871,0.074558,-0.055271,0.035447,0.003771,-0.015472,0.022973
0.113220,0.000014,0.043793,0.001629,-0.060256,0.056274,-0.175650,-0.128522,-0.006840,0.079723,0.088593,-0.113860,-0.011748,0.010855,0.919426,0.034071,-0.061838,0.180827,-0.122951,-0.074006
0.139170,0.005912,0.027438,-0.083986,-0.017896,-0.072488,0.012127,-0.006918,-0.010406,0.017463,0.034544,0.189023,-0.017136,-0.002774,-0.023363,0.042526,0.191741,0.018019,-0.001300,0.943365
0.061031,0.077840,0.036057,-0.022087,-0.016898,-0.017993,-0.007566,-0.018129,-0.020547,0.115973,0.026008,-0.003636,-0.008289,0.075315,0.981990,-0.012087,0.017148,0.026068,0.039617,0.011704
0.050641,0.030656,0.021274,-0.013354,-0.004675,0.033805,-0.075872,0.018393,0.035205,0.074259,0.489347,-0.047307,0.033804,-0.005780,0.043511,0.013820,0.003193,0.065932,0.855197,-0.034242
-0.037526,0.138455,0.133921,0.094877,0.121353,0.090902,0.069346,0.016084,-0.015531,0.041889,-0.027373,0.215694,-0.079720,0.207830,0.026438,-0.056345,0.149611,-0.101284,-0.148089,0.875879
0.178247,-0.009665,-0.025967,0.020520,0.006824,0.004763,-0.016005,0.084340,-0.007917,-0.043094,-0.013104,0.154914,0.001941,-0.047450,0.003472,0.963969,0.019948,-0.028232,-0.028345,-0.002998
0.062948,0.018112,-0.001575,-0.023682,-0.013668,-0.013154,0.022955,0.182851,-0.036067,0.066270,0.056222,0.026367,-0.028438,0.030451,0.042052,0.030580,0.059553,0.042104,0.968881,-0.052787
0.018994,0.132489,0.017373,-0.017730,-0.021827,-0.004244,0.008060,-0.016445,-0.001556,0.981549,-0.065895,0.030450,-0.006328,0.065732,0.064814,0.014309,0.015371,0.038356,0.016554,0.034381
-0.081483,0.004123,-0.007110,0.021617,0.001360,0.013513,-0.016256,0.083233,-0.007908,0.077498,0.061081,0.002780,0.002847,0.010863,0.088504,0.319210,-0.026400,0.005896,0.928869,-0.047526
-0.086676,0.043916,-0.021398,-0.002438,0.024752,-0.023012,0.048433,0.029291,-0.053318,0.153561,-0.003429,0.966258,-0.025543,-0.012840,-0.050762,-0.050573,-0.050974,-0.041160,-0.069420,0.102934
0.964089,0.044923,0.010160,-0.050893,-0.040505,-0.008421,-0.060211,-0.038976,0.027783,-0.039487,0.001277,-0.087178,0.002247,0.028738,-0.046077,-0.116902,0.047796,0.140786,0.016209,-0.100219
-0.067908,0.041702,-0.012989,0.024051,0.031306,-0.035363,0.012563,0.006992,-0.057628,-0.032600,-0.063436,0.979093,-0.023689,0.051773,-0.049100,-0.017118,-0.058789,-0.056784,-0.074647,0.072362
0.061022,0.015418,0.019474,0.000515,-0.010987,0.013855,0.053924,0.102489,0.088993,0.126129,-0.126892,0.077399,-0.008250,0.438233,0.096518,0.143477,0.839425,0.028646,-0.092317,-0.004449
0.981182,-0.016821,0.051685,-0.005226,-0.018631,0.021670,-0.012384,-0.040894,0.071849,0.010217,-0.051850,-0.060302,-0.001474,0.067463,0.073355,-0.026053,-0.060238,0.062410,-0.024652,-0.036370
