0.300408,0.035542,0.005008,0.028956,-0.029219,0.003087,0.107260,0.033833,0.065238,0.100699,0.629274,-0.010521,0.049866,0.061516,-0.009845,0.037491,0.685527,-0.017633,0.071815,-0.020816
0.272959,-0.017124,-0.142951,-0.056870,0.042832,-0.014182,0.147726,0.487995,-0.000697,0.063139,0.125074,0.283790,-0.067010,0.021772,0.044590,-0.042023,0.440799,-0.117736,-0.020090,0.567520
-0.028034,-0.041950,-0.027978,0.041768,-0.006749,0.024470,-0.005884,0.130742,-0.007482,0.031534,0.038626,0.115343,-0.038393,-0.035413,0.000580,0.005365,0.974651,0.017738,0.011783,0.090290
-0.112035,0.040960,0.072763,0.018410,-0.040630,0.085054,0.014819,0.007578,0.059986,0.038203,0.974295,-0.050404,0.025501,0.051690,0.026175,-0.031248,0.006719,-0.005864,0.081483,0.049221
-0.133648,-0.026403,0.043491,0.137623,-0.047299,0.902863,0.224797,0.079978,0.031081,0.017200,-0.004417,-0.085484,0.089375,0.210935,0.021024,0.087405,0.006262,-0.008068,0.129682,0.014388
0.079797,0.012812,0.038462,-0.023413,-0.015463,0.059813,0.064957,-0.017853,0.045895,0.038381,0.015611,-0.055580,0.051038,0.108690,0.978222,-0.003016,-0.023987,-0.010253,0.034507,-0.054379
0.974647,-0.012321,0.079376,-0.040040,-0.022946,-0.031227,-0.007257,0.012011,-0.039500,0.031330,0.003780,-0.084028,0.028416,0.029670,0.028908,0.040217,-0.066402,-0.067560,0.123356,-0.048587
-0.039986,-0.033359,-0.058592,-0.000225,-0.012855,0.021758,-0.022516,0.086454,-0.024758,0.047312,0.116663,0.101338,-0.056522,-0.054791,-0.007779,-0.014850,0.958067,-0.010027,-0.025672,0.182690
-0.135306,0.043253,0.048508,0.003372,-0.030241,0.058435,0.081825,0.019016,0.020205,0.001379,0.971584,-0.035429,0.018968,0.015794,-0.008600,-0.002412,0.052441,-0.024707,0.127176,0.014383
-0.102056,-0.039702,-0.233554,-0.119621,0.236134,-0.090112,0.105274,0.147125,-0.006746,0.169603,-0.019561,0.452879,-0.142190,0.163828,0.548141,0.047864,0.204105,-0.221023,-0.199968,0.328552
-0.010666,-0.022756,0.018700,0.049625,-0.033266,0.039823,-0.009766,0.030624,0.056574,0.034853,0.970540,-0.082065,0.046872,0.066280,0.067816,0.052863,0.020900,-0.005159,0.155702,-0.032295
-0.001747,-0.054266,-0.135955,-0.084787,0.215002,-0.058506,0.136807,0.022601,-0.013682,0.246863,0.075630,0.266282,-0.026629,0.111680,0.084425,0.008476,0.387146,0.444592,-0.179693,0.603768
0.935044,0.043843,0.071918,-0.022120,-0.002698,-0.085128,0.234190,0.125324,-0.089669,0.040374,-0.005126,-0.035101,0.075596,0.002688,0.099883,0.097822,-0.023116,-0.002557,-0.009744,0.058926
0.013732,-0.066222,-0.163604,-0.051776,0.198213,-0.144788,0.079254,0.288608,0.079134,0.034363,0.119563,0.713091,-0.016481,-0.091648,0.059067,0.001796,0.499554,0.064172,-0.141401,-0.009221
-0.058593,-0.076460,-0.113399,-0.073036,-0.027341,-0.072009,0.020102,0.126493,-0.072488,0.050236,0.286043,0.200039,-0.059700,0.032548,-0.027872,0.014689,-0.253742,-0.029889,-0.058148,0.863887
0.979279,-0.006568,0.022908,0.011926,-0.039489,0.075252,-0.009375,-0.005806,0.016426,-0.012677,0.092019,-0.031105,0.043382,0.021694,0.014631,-0.042868,0.060162,0.003204,0.122643,0.004086
0.948396,-0.049137,0.055728,-0.049076,-0.046137,0.005225,-0.070318,-0.066765,0.117553,0.048573,-0.018249,-0.149520,-0.015254,0.000318,0.033011,-0.033308,-0.079452,-0.037069,0.170138,-0.055908
0.079594,0.032247,0.044389,-0.042813,-0.027594,0.049690,0.027392,-0.069236,0.062798,0.026948,0.953124,-0.073483,0.066670,0.179376,0.120357,-0.018111,-0.039959,-0.006536,0.066183,-0.063861
0.933845,0.060979,0.055936,0.005669,-0.034979,0.064604,-0.007641,0.031139,0.185738,0.026618,0.130440,-0.080746,-0.014599,0.046921,0.154748,0.101431,-0.092968,-0.052001,0.064370,-0.061210
-0.065392,-0.038760,-0.037821,-0.043107,0.029813,-0.049206,-0.035244,0.169700,-0.008546,0.055768,0.218001,0.090221,-0.036620,-0.022202,-0.023666,-0.047171,0.076897,0.007602,0.018448,0.942234
0.944295,0.015419,0.042016,0.011527,-0.013746,0.036262,-0.031557,-0.008794,0.307235,-0.008891,-0.043971,-0.039322,0.029270,0.033132,0.019956,-0.027165,-0.023039,0.000532,0.037705,-0.024451
-0.080981,-0.021396,-0.095985,-0.003289,0.006892,-0.030111,0.033374,0.044502,-0.067521,0.069326,-0.001721,0.140039,-0.065605,-0.038707,-0.064060,0.028155,0.946052,-0.002907,-0.034583,0.209321
0.060000,0.022815,0.081505,0.025436,-0.038227,0.427860,0.104371,0.089651,0.084833,0.029056,0.091272,-0.105230,0.039761,0.237355,0.827301,0.038617,-0.032473,-0.013546,0.109744,-0.023867
0.770444,-0.149579,0.134485,-0.035821,0.004214,-0.144768,0.012062,-0.020274,0.179356,0.011393,0.369371,-0.235319,0.044873,0.036868,0.112370,0.176887,-0.222105,-0.091826,-0.104316,-0.055662
0.989242,0.005824,0.062965,0.033884,-0.046679,0.036934,-0.011544,0.028011,0.042829,0.023864,-0.037862,-0.058114,0.005410,0.010698,0.000177,0.048407,0.016093,-0.032128,0.021604,-0.018233
0.892332,-0.013214,0.042878,-0.025939,-0.037391,0.046141,0.392373,-0.044281,0.083204,0.010117,-0.080412,-0.139786,0.013786,0.010393,-0.024424,0.008456,-0.038879,-0.012994,0.060988,-0.047078
0.586939,0.007710,0.092069,0.109184,-0.010224,-0.063390,0.131130,0.062738,-0.053581,-0.038141,0.759444,-0.025305,0.017677,0.080094,0.063225,0.061514,-0.047663,-0.029455,0.009895,-0.101605
0.084359,0.006511,0.030328,-0.010108,-0.019676,0.013738,-0.043712,-0.021481,0.019620,0.016891,0.000455,-0.089226,0.027855,0.054529,0.984957,-0.011326,-0.050936,0.001388,0.059933,-0.005699
0.556761,-0.012913,0.138564,-0.010547,-0.136123,0.017474,-0.081427,-0.039655,0.127215,-0.106198,0.739842,-0.183588,0.032198,-0.057625,-0.018928,-0.036995,-0.027197,0.009806,0.128374,-0.107563
0.977417,-0.006708,0.049468,0.064145,-0.040113,0.000505,0.042432,0.055794,0.127077,0.027070,-0.010777,-0.021789,0.004035,0.007364,0.003580,-0.003129,-0.015286,-0.027259,0.113936,0.001919
-0.075346,-0.043313,-0.054631,-0.015530,0.010721,-0.091565,0.019879,0.072002,0.002356,-0.004837,0.032047,0.158324,-0.056627,-0.068534,0.001238,-0.105132,0.952865,-0.071531,-0.061310,0.115044
0.046745,0.016639,0.040608,0.029975,-0.009242,0.058861,-0.005784,-0.017873,0.991768,0.004514,-0.008072,-0.032603,0.030864,0.033543,0.016978,-0.028101,0.003291,0.011650,0.055015,-0.002607
0.914212,0.002255,0.043648,0.073321,-0.044997,-0.012197,0.140831,0.078412,0.017448,-0.009125,-0.025502,-0.109704,0.017781,0.009986,0.000551,0.218238,0.063177,0.007535,0.242724,-0.068520
0.287926,-0.039341,0.019009,0.002125,-0.297225,0.065392,-0.003983,0.153203,0.131262,0.003221,0.059969,-0.050828,0.099558,0.830447,0.212571,0.050369,0.013926,-0.115452,-0.091151,-0.080931
0.971357,0.093267,0.045533,-0.003658,-0.039399,0.135612,-0.043304,0.058059,0.022926,-0.008557,-0.075683,-0.042042,-0.012746,-0.013692,-0.032624,0.024320,0.042242,-0.030917,0.085761,0.017189
0.956593,0.046263,0.007170,0.007151,-0.031957,0.065201,0.132421,-0.007994,0.176499,-0.021245,0.030127,-0.006773,0.062423,0.071711,0.059371,0.022164,-0.044518,-0.059621,0.025918,-0.089420
-0.075785,0.016941,0.068322,0.008906,-0.029634,0.018799,0.028639,0.027860,0.022617,0.009425,-0.084517,-0.010278,0.014523,0.033512,0.014664,-0.026320,0.054336,-0.008712,0.983272,0.080319
-0.076990,0.008920,0.033186,0.001436,-0.026097,0.033319,-0.044043,-0.008429,0.969875,0.042110,0.075059,-0.088672,0.062285,0.065254,0.041762,0.057679,-0.089724,-0.030440,0.100691,-0.028898
0.978983,0.039649,-0.006310,0.077863,-0.021849,0.063784,0.076445,0.035156,-0.011064,0.037718,0.101225,0.064219,0.044416,0.022584,0.044614,0.024063,0.019974,-0.003223,0.012041,-0.027746
0.983474,0.031025,0.052167,0.033619,-0.025201,-0.000124,0.043021,0.035525,0.019824,0.054270,0.019108,-0.036690,0.058753,0.100031,-0.000838,0.006656,-0.033615,-0.030341,0.046588,-0.037980
0.955013,0.005256,0.035188,0.029295,-0.066093,0.029155,0.230958,0.048103,0.073701,0.015161,0.041475,-0.106425,-0.005116,0.001623,-0.041654,0.016897,-0.040826,-0.001438,0.030510,-0.039937
0.319248,-0.164285,0.195805,0.042154,0.206576,-0.209042,0.216173,0.029025,-0.141214,0.068822,0.149324,0.413995,-0.192369,0.304216,0.309870,-0.091510,-0.019322,-0.220683,-0.336852,0.286655
0.883829,-0.047208,0.134934,0.015246,-0.055769,-0.091445,0.173827,0.034221,-0.013288,-0.133224,-0.143909,0.000699,0.075491,0.148715,-0.039687,0.024489,0.105767,0.083466,-0.254550,0.061198
0.927970,0.039401,0.062424,-0.008532,-0.013943,0.031527,0.156510,0.010591,0.012561,0.051194,0.270894,-0.066984,0.021540,0.082175,0.041240,-0.083277,-0.089962,-0.027662,0.046609,0.004724
0.976851,-0.015791,0.073176,0.002158,-0.058126,0.053509,-0.045492,0.026429,0.037070,0.019608,0.069341,-0.081723,0.024264,0.034767,0.030051,-0.006712,0.018216,-0.010326,0.120847,-0.010516
-0.033257,-0.029344,-0.029726,0.038534,-0.026254,-0.032914,-0.018549,0.050285,-0.014498,0.071174,0.176556,0.087651,-0.033760,-0.017580,0.012477,0.050338,0.970035,-0.008017,0.002453,0.041384
0.143444,0.036756,0.002953,0.089544,-0.008996,0.064156,0.075532,-0.009091,0.021838,0.047552,-0.019312,0.009989,0.062228,0.038568,0.065650,0.168094,0.042361,-0.002159,0.955356,-0.066494
0.985063,-0.010358,0.054335,-0.020717,-0.058183,-0.012131,0.010837,0.007144,0.042875,0.013827,0.011815,-0.100234,0.030901,0.035491,-0.003082,0.058920,0.006983,-0.024127,0.062554,-0.002505
0.971148,0.009449,0.030161,0.003766,-0.037092,0.018611,0.122979,0.060032,-0.006327,0.082613,0.129222,-0.006123,0.036142,0.044796,0.020070,0.015569,-0.051451,-0.018792,0.066173,-0.021671
0.876511,0.073445,0.033635,-0.017933,-0.022485,0.010564,0.455145,-0.020608,0.068281,-0.013595,-0.023074,-0.047691,0.032169,0.014486,0.016458,-0.008289,0.000420,-0.004858,0.084522,0.016634
0.487734,-0.073602,0.024033,-0.157817,-0.027614,0.048799,0.035807,-0.122795,0.294841,-0.062116,0.305057,-0.185686,0.019739,0.185505,0.640102,-0.005358,-0.137581,-0.085035,0.071353,-0.132548
-0.063992,-0.034324,-0.015825,-0.043555,-0.022017,0.037478,0.003390,0.239554,0.011779,0.071194,0.080216,0.086129,-0.028194,-0.060350,-0.000203,-0.092719,0.934791,0.010644,-0.003511,0.165043
0.993655,0.013548,0.048130,-0.009732,0.002403,0.029819,0.049335,0.028894,0.024215,0.005956,0.001305,-0.032944,0.041462,0.023517,0.028497,0.000215,0.006434,0.010535,0.000667,-0.030752
-0.102251,0.061881,0.058215,0.021889,0.019942,0.150162,0.020639,0.033302,0.090505,0.067027,0.956482,-0.031012,0.064487,0.070552,0.023039,0.097393,0.019678,0.003912,0.040162,-0.087721
-0.014097,-0.053873,-0.151631,-0.051944,0.128132,-0.030759,0.251127,-0.003732,-0.141610,0.125002,0.033903,0.072321,-0.162621,0.037301,0.072351,0.025013,-0.141579,-0.211454,-0.173368,0.848644
-0.048520,-0.023231,-0.052959,-0.007682,-0.024646,-0.028799,0.003243,0.040820,-0.026217,0.045487,-0.009422,0.087468,-0.047957,-0.041011,-0.002589,0.006618,0.030990,-0.007072,-0.002906,0.987715
-0.041317,0.033594,0.002153,0.017934,-0.023662,0.023636,0.083733,-0.007743,-0.024875,0.029568,0.985359,0.031729,0.050037,0.064254,0.046992,0.019980,-0.041459,-0.033171,-0.021081,-0.052085
0.018961,0.029835,0.037606,-0.001943,0.002788,0.015755,0.050668,-0.026196,0.988762,0.003263,0.071500,-0.040180,0.032555,0.038389,0.078573,-0.006858,0.014885,-0.001274,0.013980,-0.016191
0.988067,0.011546,0.045433,-0.006843,0.013132,-0.005941,-0.053217,-0.002778,0.024289,0.033449,-0.007727,-0.033323,0.027460,0.071693,0.050954,0.038553,-0.046329,-0.030922,0.000086,-0.049733
-0.134909,-0.022027,-0.018491,-0.003573,0.010448,-0.029298,0.058715,-0.016955,-0.045349,-0.007518,0.192682,0.959561,-0.026135,-0.045320,-0.007095,-0.046329,0.037738,0.009164,-0.045512,0.088022
0.987246,0.021506,-0.002041,0.034265,-0.052724,0.037964,0.007912,0.037736,-0.007197,0.014312,-0.073362,-0.078243,0.018935,-0.016703,-0.012356,-0.000439,-0.027278,0.020403,0.065381,0.003171
-0.099768,-0.036845,-0.038562,0.043854,0.015278,-0.036881,0.808227,-0.008545,-0.060177,-0.003117,0.241140,0.401565,-0.025541,-0.042434,-0.012616,-0.063546,-0.032595,0.000586,-0.038738,0.313263
0.976894,0.046828,0.092208,0.023323,0.020416,0.009053,0.037678,0.027417,0.083140,0.081497,-0.010068,-0.027191,0.029640,0.069576,0.038050,0.037330,-0.048788,0.004118,0.036740,-0.071176
-0.163924,-0.013343,0.021554,0.056608,-0.050380,-0.130088,0.117221,0.052022,-0.066764,-0.003471,0.956441,-0.100894,0.009425,0.023561,0.009368,0.017459,0.017436,0.023540,0.043242,0.013464
