-0.072200,0.010917,0.020709,0.018074,-0.005407,0.169758,0.059350,-0.003109,-0.002518,0.070847,0.144207,-0.054496,0.039116,0.863655,-0.053553,0.096687,0.321303,0.004810,0.211699,0.158180
0.192714,-0.135072,-0.028647,-0.051369,0.142896,-0.019581,0.043257,0.501086,-0.086222,0.163619,-0.001611,0.631411,-0.067569,-0.079847,0.095610,0.062199,0.029013,-0.008794,0.267070,0.371904
-0.000227,0.002470,-0.034530,0.010928,0.000943,-0.056521,-0.041964,0.985011,0.011894,0.021074,0.038848,-0.000784,-0.024276,0.071277,0.019406,0.000983,0.008976,0.123268,0.005324,-0.005787
-0.084792,-0.001348,0.002122,0.009237,-0.010333,0.113370,0.021169,0.005958,0.028443,0.024461,-0.101326,-0.019684,0.049065,-0.019152,-0.057926,0.023814,0.977167,0.019185,0.052606,0.050267
0.955752,-0.056744,0.018361,-0.052886,0.000100,0.124086,-0.039642,0.042673,0.018765,-0.035813,0.089894,-0.052169,0.058514,0.027797,-0.044264,0.075051,0.076101,-0.000901,0.021356,0.175841
0.982392,0.007925,0.056182,-0.001528,-0.021806,0.036037,0.138133,0.033793,0.000905,-0.008991,0.031126,-0.052226,0.018324,0.017716,-0.033757,0.014868,0.042722,0.011809,0.042161,0.012564
0.010867,-0.001444,0.031084,0.015668,-0.023360,0.081418,0.047061,-0.054251,-0.028146,0.078037,0.961287,-0.050515,0.068426,0.007358,-0.058585,0.061777,-0.140140,-0.029055,0.037511,0.137674
-0.015952,-0.010462,-0.064057,0.000617,0.006865,0.970640,-0.027852,-0.092371,0.011649,0.056322,0.014348,0.061013,-0.034520,0.046022,0.026305,-0.013755,0.049072,0.170231,-0.005535,0.034510
-0.057076,-0.011211,0.017006,0.026124,-0.016958,0.119203,0.021354,-0.027237,-0.035232,0.027470,0.979351,-0.025078,0.033617,0.025564,-0.051378,0.012974,-0.085683,0.006007,0.049434,0.061511
-0.150796,-0.068199,-0.154589,-0.085220,0.076725,-0.016143,0.013196,0.112524,-0.078661,0.145151,-0.137100,0.708353,-0.222291,-0.052688,0.399801,0.207122,0.074827,-0.148659,-0.065169,0.296269
0.013057,-0.017127,0.015340,0.023498,-0.002402,0.107594,0.030520,-0.027212,0.032074,0.027080,0.961781,-0.016949,0.063629,0.064237,-0.044893,0.049833,0.013931,0.015781,0.069951,0.201027
-0.100166,-0.183356,-0.126179,-0.023207,0.285667,-0.019371,-0.035478,0.244398,-0.113351,0.268992,-0.166054,0.504934,-0.063946,-0.110248,0.548688,-0.001739,0.145078,-0.153593,-0.082428,0.245850
0.881249,-0.025899,0.379679,-0.000564,-0.020824,-0.043931,0.018358,0.017615,0.040333,-0.003213,-0.081112,0.103638,0.032949,-0.061798,0.133858,0.018738,0.015146,-0.031315,-0.012370,0.179078
0.041733,-0.164222,-0.003446,-0.114885,0.151315,-0.063812,-0.156771,0.631199,-0.128923,0.074442,-0.143826,0.384720,-0.168124,-0.078418,0.212683,0.023160,0.369155,-0.154358,-0.152195,0.231974
-0.010413,-0.079949,-0.157494,-0.092544,0.043742,-0.020992,0.018634,0.919502,-0.081331,0.170968,0.005686,0.209841,-0.045550,-0.086058,0.053988,0.014743,-0.058745,0.053830,-0.066047,0.093334
0.098507,0.071387,-0.066086,0.057910,-0.015021,0.077823,0.094494,0.043396,-0.009774,0.043584,0.084778,0.036952,0.046884,-0.030865,-0.038161,-0.024480,0.024735,-0.000830,0.068768,0.969169
0.041598,-0.040807,-0.048569,-0.031459,-0.005695,-0.046020,0.004087,-0.078358,-0.015405,0.014674,0.105411,-0.074428,0.054047,0.017090,-0.060409,0.066924,0.974577,-0.026558,0.053935,0.055591
0.983561,0.016071,0.082888,-0.010211,-0.029134,0.039992,0.079387,-0.000100,0.063919,-0.022236,0.056505,-0.048548,0.037058,0.010708,-0.043349,0.011396,0.009997,0.010216,0.050261,0.016330
0.044624,-0.027754,0.039995,0.006596,-0.014696,0.063852,0.101323,-0.009102,0.062468,0.018479,0.033032,-0.004552,-0.002538,0.023522,-0.021011,0.067109,0.974277,-0.043320,-0.004216,0.137778
-0.005409,0.007157,-0.035430,0.005461,0.026789,0.090560,-0.075132,0.979637,0.036943,0.031806,-0.026475,0.018054,-0.054580,0.027064,0.014821,-0.052233,0.100012,0.063398,0.012869,0.011528
0.059002,0.044344,0.105268,-0.000458,-0.016002,0.048552,-0.004578,0.027919,0.019345,0.003829,0.054952,-0.022716,0.048763,0.024881,-0.026541,0.030154,0.984370,0.008502,0.048137,-0.012170
-0.055974,-0.018367,-0.083174,0.006448,0.045940,-0.009608,-0.007854,0.020423,0.002263,0.086416,0.056047,0.181366,-0.040039,-0.012655,0.026178,0.082334,0.964533,0.045044,-0.028434,0.031486
0.097054,-0.014251,0.696746,0.293143,-0.032744,0.099414,0.014541,0.048575,0.580907,0.037475,0.138774,-0.061098,0.034645,0.019955,0.000973,0.109533,0.004085,0.004379,0.141527,0.099763
0.377518,-0.174171,0.079728,0.177354,0.173050,-0.025485,-0.146163,-0.169193,0.228695,0.577515,-0.139420,-0.149431,0.185696,0.207965,-0.031955,0.348020,0.084545,-0.029601,0.224828,0.150708
0.987282,-0.007777,-0.015783,-0.027339,-0.013635,0.019092,-0.002470,0.024235,0.034580,0.042265,-0.040906,-0.019882,0.029053,0.014765,-0.059485,0.079999,0.012343,-0.044736,0.045538,0.052865
0.091458,0.019116,-0.127834,0.042876,-0.019719,0.038915,0.007106,-0.090202,0.008012,0.010187,0.152603,-0.051600,0.068306,0.901191,-0.076586,-0.079995,0.322688,-0.009124,0.054339,0.025361
0.777558,-0.022182,-0.035856,-0.008963,0.012995,0.166250,-0.030123,-0.028610,0.009655,0.417793,-0.077173,-0.006986,0.207520,0.020851,0.046760,0.132843,-0.153380,-0.027881,0.005771,0.309347
0.977600,0.017563,0.060924,0.026786,-0.028723,0.030931,0.160957,0.041098,-0.007171,0.000447,0.017199,-0.030990,0.011247,-0.037124,-0.021960,-0.014031,0.054029,-0.012496,0.031508,0.051209
0.887885,-0.083805,0.035601,-0.088203,0.005020,0.103235,-0.108365,-0.145616,-0.106747,-0.106252,-0.194345,-0.144322,0.067492,-0.058831,-0.111899,-0.169161,0.001776,-0.116345,0.063198,0.063174
-0.052486,-0.010247,-0.071972,0.008232,-0.012910,-0.086423,0.043377,0.040298,0.022899,-0.032657,0.346469,0.033408,0.007722,-0.005718,-0.016941,0.066163,0.859283,-0.003140,0.006339,0.338865
-0.043252,-0.075725,-0.037062,-0.025238,0.000229,-0.015947,-0.044633,0.892210,-0.036946,0.010493,-0.075005,0.376631,-0.065975,0.152138,0.055450,-0.002359,0.048606,-0.010326,-0.041377,0.091585
0.021615,0.029112,0.062097,-0.018956,-0.017061,0.043971,0.988662,0.012361,0.023985,0.003874,0.053335,-0.038524,0.037765,0.047604,-0.034973,0.028005,0.035411,0.027182,0.044942,0.003061
-0.102719,0.040621,-0.050486,-0.005062,-0.003946,0.051588,-0.037535,0.087444,0.041902,0.055924,0.962007,-0.085654,0.048018,0.031405,0.000640,0.125516,-0.065736,0.055876,0.092614,-0.027330
0.378915,0.096676,0.090927,0.031241,-0.282899,0.214765,-0.286961,0.151072,-0.085864,-0.018367,0.081394,0.464613,0.446463,0.192535,0.266593,0.082570,0.075428,-0.072725,0.100200,0.202489
0.984715,0.013485,-0.017392,0.011774,-0.018249,0.096227,0.026564,-0.018718,-0.012377,0.001325,0.058553,-0.028198,-0.001945,-0.012014,-0.049264,-0.039470,0.070912,-0.029917,0.023399,-0.063897
0.070010,-0.021385,0.959724,0.001903,-0.008682,0.160847,0.044029,0.010788,-0.015970,-0.004572,0.005528,-0.064212,0.048902,0.032484,-0.088893,0.047849,-0.079575,0.044960,0.078857,0.113695
0.979980,0.037453,-0.000950,-0.005496,-0.015910,0.045372,0.051049,0.050668,0.032201,0.038265,0.142477,-0.014586,0.007627,0.003877,-0.019969,0.048225,0.052132,0.004112,0.046231,-0.006187
-0.007749,0.029949,0.066735,0.005169,-0.026138,0.058968,-0.000152,-0.014323,-0.018067,0.043056,0.016631,-0.076435,0.049998,0.014316,-0.053610,0.054702,0.974702,0.025063,0.034909,0.146413
0.000183,0.027805,-0.032551,0.023493,-0.027587,0.115881,0.094830,0.013784,-0.002617,0.064972,0.975568,-0.038801,0.020819,0.024256,-0.049522,0.039571,-0.011500,0.021957,0.035259,0.099398
0.975216,0.042272,-0.008153,0.016866,-0.032518,0.019069,0.041086,0.010017,0.001129,0.061051,0.167411,-0.035165,0.018703,0.047942,-0.014426,0.073376,0.002918,-0.000755,0.044016,0.020681
0.073489,-0.030002,0.971458,0.034690,-0.025156,0.001742,0.015283,-0.008157,0.019896,0.041426,0.079849,-0.050865,0.050943,0.037142,-0.018708,0.122731,0.007216,0.000374,0.009808,0.131217
0.276406,-0.119322,0.116545,-0.100641,0.128124,-0.202614,-0.113098,-0.030792,0.115642,0.289300,-0.261951,0.585436,-0.146201,0.177488,0.268717,0.023033,0.197201,-0.321691,0.129455,-0.145857
0.927294,-0.066895,-0.060868,-0.062576,0.003584,0.102879,-0.078988,-0.002187,-0.022376,-0.074981,-0.076816,-0.134487,0.145051,-0.083239,-0.115494,0.090292,0.001419,-0.008791,0.096322,-0.149203
-0.068273,-0.002024,0.026060,0.042980,0.008008,0.149215,-0.004895,-0.002563,0.010347,0.033205,0.969055,-0.022512,0.062018,0.011721,-0.029866,-0.005206,-0.131477,-0.023547,0.044309,0.070417
0.146152,0.038131,-0.158640,0.046751,-0.012206,0.046545,0.090016,-0.000534,0.028141,0.016717,0.100192,-0.006171,0.072399,-0.066595,-0.018914,0.956781,0.018641,0.002204,0.047213,0.014894
-0.010206,0.020586,-0.024901,0.006690,-0.000680,0.077083,-0.031580,0.990474,0.013590,0.021374,-0.028015,0.022543,-0.042405,-0.008603,0.019655,-0.011251,0.069536,0.038585,-0.008263,-0.010794
0.983804,0.031533,0.023420,0.026441,-0.003125,0.070698,0.013830,0.020386,-0.021403,0.043076,0.093970,-0.057912,0.029416,-0.011812,-0.018883,0.022664,0.001024,0.038015,0.074276,0.030606
0.920102,0.030426,-0.023181,-0.022933,-0.029004,-0.016203,0.016454,0.019484,0.034652,0.024474,0.362805,-0.021847,0.056122,0.018096,-0.049232,0.081016,0.006276,-0.019801,0.046639,0.026337
-0.028924,0.041027,-0.016426,0.017660,-0.041621,0.330463,0.128183,0.085181,0.033196,0.088617,-0.135949,-0.030854,0.024778,-0.048701,-0.055440,0.078318,0.521626,0.010334,0.723509,0.161327
0.040889,0.057079,0.972792,0.048557,-0.003147,0.057433,0.017812,-0.051593,-0.032132,0.019715,0.120830,-0.038772,0.081694,-0.093592,-0.022475,-0.058011,-0.029651,-0.004438,0.046859,0.013349
-0.004981,-0.031521,0.025289,-0.118330,-0.043483,0.092172,0.452991,-0.077197,-0.007521,-0.078065,-0.059928,-0.125460,0.045346,-0.000862,-0.100195,-0.031472,0.848046,-0.030584,0.010185,0.063276
-0.011732,0.039062,-0.009346,0.014297,-0.018359,0.164017,-0.013944,0.959607,0.003813,0.069802,-0.040402,-0.015425,-0.031160,0.020689,-0.024758,-0.064219,0.034356,0.180481,-0.000884,0.055839
0.027433,0.006151,0.122167,-0.001379,-0.007630,0.001024,0.018892,0.039026,0.031751,0.017162,0.048651,-0.026936,0.008152,0.060403,-0.010226,0.048339,0.984822,0.007985,0.032138,0.028654
0.984804,-0.016572,0.044198,0.027754,0.035575,0.056959,-0.048408,-0.031488,-0.008741,0.040152,0.027813,-0.064491,0.063268,0.009768,-0.030261,0.048180,-0.013507,0.008852,0.058561,0.040887
0.025777,-0.097731,-0.120410,-0.032831,0.185197,-0.109758,0.161942,-0.030579,-0.160468,0.129668,-0.068265,0.767982,-0.102607,-0.098578,0.106477,-0.003987,0.372982,-0.116338,-0.102617,0.262492
0.002608,-0.015763,-0.050236,-0.000012,-0.006808,0.042050,-0.003485,0.939101,0.003643,0.022849,0.034194,0.052587,-0.056334,-0.008160,0.017095,0.044389,0.198744,0.026340,-0.012365,0.251327
0.960032,-0.004485,0.004336,0.049944,-0.007694,0.156473,0.066474,-0.025675,0.009829,0.037586,0.035645,-0.058002,0.052227,-0.018650,-0.051780,0.015792,-0.000139,0.031673,0.096166,0.154219
-0.003061,0.008794,0.104541,-0.010865,-0.011740,-0.022641,0.987603,-0.006971,0.023986,0.027332,0.042652,-0.019229,0.008536,0.020159,-0.004024,0.036920,0.072889,0.007091,0.038720,0.023974
0.982751,-0.023734,0.024239,0.024048,0.027382,0.082042,-0.020094,-0.014818,-0.007124,0.050084,0.020733,-0.047636,0.030451,0.030439,-0.031476,0.029945,-0.019317,-0.004704,0.065491,0.103365
-0.045294,-0.021163,-0.024700,-0.037883,0.017183,-0.012377,0.022760,0.992859,-0.019185,-0.004280,-0.053710,0.047190,-0.029038,0.017315,0.019652,0.022145,0.015090,0.004413,-0.028984,0.010682
-0.015608,0.035200,-0.051488,-0.005687,-0.025947,0.144387,0.031116,0.003614,0.052868,0.037124,-0.091703,-0.035831,0.064028,-0.003966,-0.045703,0.073571,0.958543,-0.032212,0.005188,0.167270
-0.082551,-0.016700,-0.029074,-0.043551,0.020035,-0.020137,0.015617,0.955583,-0.018739,0.013746,-0.043418,0.166469,-0.026461,-0.012453,-0.009256,0.025142,0.186959,0.037103,-0.041954,0.078574
0.985253,0.005203,0.032510,0.025127,0.011674,0.018838,0.004062,0.048814,0.048799,0.060688,0.018970,-0.039682,0.037549,0.056391,-0.023254,0.055487,-0.051540,-0.020850,0.070712,-0.019260
0.961441,-0.002037,0.027995,-0.021815,-0.024342,0.162985,0.074320,-0.026424,0.046096,-0.052724,-0.057716,-0.064485,0.032478,0.011287,-0.038085,0.035269,0.010349,-0.001155,-0.004506,0.156810
