-0.281971,-0.248816,-0.229072,-0.253984,-0.230932,-0.196571,0.144494,-0.148858,-0.215016,0.069029,0.359687,0.240938,0.198242,-0.216831,-0.198832,-0.195023,0.137866,-0.257874,0.247935,-0.239395
0.205926,-0.005228,0.871168,-0.071325,0.093391,-0.048872,0.026903,0.271564,0.027939,-0.058748,-0.073278,-0.037492,0.108331,0.049017,0.092532,-0.051215,0.064453,0.249006,0.049912,-0.054628
-0.087104,0.160206,-0.308997,-0.100494,-0.259101,0.299536,-0.289432,-0.178936,0.002234,-0.200982,-0.187220,-0.171538,-0.083099,-0.104993,0.337456,-0.311704,-0.232184,0.103536,0.329761,-0.285156
0.401832,0.151986,-0.089180,0.275449,-0.335091,0.024391,-0.150418,-0.175048,0.232602,-0.025987,-0.287817,-0.337343,0.228723,0.289236,0.158418,0.182184,-0.133667,0.047041,-0.029755,0.314349
0.550488,-0.073866,-0.014627,0.225225,0.135464,0.249481,-0.037613,-0.136272,0.052114,0.156057,-0.009437,-0.065349,-0.264586,-0.162106,0.003892,0.369513,0.412130,-0.130601,0.194656,0.225662
-0.109345,0.191136,0.528361,0.152855,-0.182592,0.099984,0.223858,-0.153974,-0.134685,0.409059,0.334711,0.142069,0.195868,0.051529,-0.293084,-0.126918,-0.050199,0.251610,0.070373,0.018231
-0.120200,-0.179099,-0.231116,0.358802,-0.177340,0.199667,0.347723,-0.225797,-0.128088,0.393912,0.019503,-0.272253,-0.128876,0.328711,-0.246085,-0.269918,-0.058014,-0.128504,0.028915,-0.056972
0.438393,-0.282638,0.030989,0.232440,-0.319281,0.094010,-0.051890,0.267256,-0.153920,0.320567,0.107066,0.029807,0.091883,0.246681,0.153132,0.254501,0.299990,-0.079884,-0.198920,0.236170
-0.292483,0.258280,0.069515,-0.277413,0.319355,-0.034116,0.290180,-0.239155,-0.228486,-0.167917,0.165883,0.037128,-0.305699,0.224605,-0.167675,0.075898,-0.316925,-0.109840,0.308253,-0.163723
-0.267360,-0.167870,0.044696,-0.084834,-0.238522,0.151838,0.235926,0.576912,0.099024,0.151451,-0.144349,0.272023,0.398402,-0.210473,0.077036,-0.106665,-0.177359,0.183389,-0.025222,-0.095255
0.563492,0.160406,-0.173808,0.118482,0.145155,-0.213299,-0.229076,-0.196622,-0.228103,-0.118025,0.051696,0.278649,-0.168698,-0.292709,-0.059004,-0.017037,0.170215,-0.262360,-0.080479,0.293812
-0.226608,-0.305440,-0.196540,-0.251226,0.235557,-0.233552,-0.332226,-0.197633,-0.211746,0.154965,-0.226748,0.231289,-0.046427,0.221198,-0.220020,0.247314,0.140014,-0.159607,-0.232347,-0.246305
0.616360,-0.021795,-0.106232,0.064791,-0.037380,0.301275,0.106847,0.339040,-0.087099,0.336289,-0.159230,0.082663,-0.041733,-0.148829,-0.015001,0.305697,0.199099,-0.202842,-0.030480,0.182945
0.256628,0.023187,-0.201445,-0.008765,-0.216920,0.430960,0.117930,-0.178717,-0.192050,0.520021,0.123103,0.319840,-0.130367,-0.158154,-0.204821,-0.162363,-0.021878,0.268873,-0.026985,-0.075769
-0.233537,0.148714,0.733515,-0.088549,0.160268,-0.102533,-0.238796,-0.137736,0.129830,-0.240150,-0.213200,0.188723,-0.217134,-0.168539,0.033745,-0.123949,0.000534,0.097716,0.011224,-0.089097
0.307385,-0.164798,0.446967,0.083783,-0.181257,0.072723,0.185930,0.196862,0.177602,0.047642,0.264507,0.208588,0.395084,-0.017225,0.225573,0.229676,0.246825,0.256304,0.161758,-0.001697
0.506927,-0.248037,-0.071661,-0.162463,-0.147195,0.180978,0.053114,0.488073,0.126381,0.327030,-0.111297,-0.257358,0.171148,0.096460,-0.013764,0.045904,-0.156034,-0.050445,0.044799,-0.288418
0.182113,-0.268528,-0.197024,0.054578,-0.101572,-0.245120,-0.278848,0.100426,0.224269,-0.260197,-0.186507,-0.186920,-0.242167,0.213113,-0.224485,0.362281,-0.236082,-0.198718,-0.175032,0.308873
0.632798,-0.077533,-0.134344,0.251484,-0.175582,0.333915,-0.027352,0.030384,-0.064680,0.178544,-0.206924,-0.073639,0.068496,-0.105989,-0.029810,0.058363,0.366704,-0.184910,-0.184692,0.246913
0.003175,0.247484,-0.209692,-0.260723,-0.224211,0.183299,-0.246712,-0.220806,0.257642,0.026872,-0.224137,0.207052,-0.279458,-0.227376,-0.243324,-0.252532,0.243313,0.174846,0.263465,-0.247249
0.482935,0.015255,0.291811,-0.068131,-0.132186,0.069120,-0.033308,-0.171621,-0.037254,0.328218,-0.208154,-0.095663,0.022232,-0.243165,-0.274484,-0.089031,0.134677,0.460593,-0.250181,0.163006
-0.207708,0.020153,0.445483,-0.069639,-0.206262,0.274116,0.264675,-0.106536,0.013954,0.513070,-0.115861,0.251093,-0.167602,-0.061475,-0.252074,-0.137024,0.035173,0.244081,0.037078,0.194366
0.126690,-0.301178,-0.207459,0.161364,0.212411,-0.225032,-0.273995,-0.179504,0.222532,-0.318632,-0.239468,0.193089,-0.210125,0.186908,-0.221929,0.246495,0.054542,-0.299559,0.193963,-0.236652
0.404384,-0.089783,0.021784,-0.135083,-0.029560,-0.036471,-0.170029,0.060785,0.020731,0.240093,0.150594,0.046072,-0.234151,0.299239,-0.009540,0.134313,0.117556,0.708664,0.112100,-0.030251
-0.243736,-0.273039,-0.190457,0.064170,-0.197542,-0.295807,-0.158313,-0.194361,0.217763,-0.287376,-0.205619,-0.284897,-0.202141,-0.168142,-0.205802,-0.217528,-0.243907,0.290233,0.222267,0.175790
0.559799,-0.003992,0.149909,0.265776,-0.081691,0.203904,0.091667,0.188774,0.151896,0.390946,0.001102,0.360885,0.205388,0.110465,0.185580,0.171110,0.187692,-0.048022,0.112503,-0.163597
0.034740,0.046617,0.634598,0.134780,-0.162108,-0.010982,-0.099244,-0.080159,0.256624,0.011575,0.098705,-0.202686,0.095161,-0.209650,0.039897,-0.265482,0.039236,0.374885,0.266347,-0.279556
-0.070557,-0.025659,0.874087,-0.004250,0.191524,0.005886,-0.003348,0.048320,0.000997,0.067721,0.069815,-0.038426,0.044057,0.006742,0.020237,-0.160136,-0.034328,0.385236,0.042907,-0.029178
-0.221413,-0.283856,-0.182150,-0.284075,0.344612,0.131815,0.006195,-0.194730,-0.197707,-0.273038,-0.209414,-0.203757,-0.245873,0.225345,0.212610,-0.187765,-0.238516,0.222593,-0.220243,-0.191802
0.141675,-0.157468,0.028967,-0.100160,0.113385,-0.236381,-0.157126,0.375699,0.017491,0.326080,0.165669,-0.260091,-0.166186,0.388230,0.210918,0.194866,0.196046,0.390961,0.216351,-0.095243
0.240966,-0.221506,0.076548,-0.057053,-0.126740,0.053698,-0.227516,0.099389,0.076186,0.359122,0.053058,0.117957,0.352148,0.195236,-0.095548,0.379714,-0.230337,0.466107,0.230766,-0.112542
-0.001101,0.020271,0.963066,0.025407,0.000402,0.071176,0.063684,0.136903,0.105011,-0.062192,0.053065,-0.051931,0.038779,0.011978,0.102734,0.037788,-0.016966,0.025515,-0.009883,0.092244
