0.129936,-0.254277,0.139096,0.205931,-0.197703,0.061207,-0.239826,-0.293055,-0.250202,-0.308372,-0.194232,-0.219817,0.202583,-0.257040,0.293724,0.131448,-0.251525,-0.210601,0.203525,0.258906
0.136346,-0.220464,0.617606,-0.035080,0.111382,-0.012510,-0.213042,0.219523,0.017105,0.172069,0.240965,-0.030014,0.282701,0.025055,0.352864,0.326784,0.047334,-0.122838,0.021744,-0.159632
0.357513,-0.238954,0.179986,-0.137004,0.231726,0.081818,0.205246,0.289433,0.097419,0.311162,-0.182034,-0.181825,-0.286633,0.236568,0.305663,0.069669,0.064222,-0.255235,-0.129908,0.287350
0.296729,-0.329260,0.204246,-0.280936,0.005616,-0.088237,-0.286976,0.352285,0.316086,-0.311012,-0.141829,-0.079569,0.106049,0.099476,0.239522,-0.071703,0.266684,0.274385,-0.095086,-0.080202
0.613587,0.065721,-0.135428,0.000393,0.159623,0.190055,0.078568,-0.170666,0.007175,0.368538,-0.106363,0.396674,-0.044811,-0.023248,-0.114359,0.032185,-0.008650,-0.133736,0.177830,0.364923
-0.071205,0.160355,-0.163854,-0.172677,-0.176436,-0.173578,0.135052,0.338121,0.247641,-0.128430,-0.188456,0.393730,0.412407,0.291187,0.296387,-0.055459,0.230016,-0.037576,-0.152686,0.164149
-0.282161,-0.144464,0.106063,0.386012,0.022634,-0.139835,-0.217965,0.291809,0.273987,0.020833,-0.281869,0.261313,0.181390,-0.298111,0.327293,-0.187047,0.152454,0.158998,-0.096409,0.203957
0.583852,-0.047300,0.196593,-0.066169,-0.032669,-0.236421,-0.086289,0.255712,-0.018524,0.013843,-0.181768,0.395785,0.134431,-0.200492,0.247210,0.150251,0.255787,-0.180644,0.208102,-0.102534
-0.066896,0.322194,-0.092284,-0.139227,0.182572,-0.319971,0.100864,-0.180853,-0.099476,-0.222902,0.417234,-0.222149,-0.254886,-0.034162,-0.249169,-0.315748,-0.169538,-0.005249,0.311720,0.219883
-0.134055,-0.108949,0.219588,-0.237827,0.141731,0.099825,-0.099057,0.377521,-0.087553,0.244648,-0.258894,-0.249636,-0.268171,0.088977,0.549236,-0.139766,-0.212486,-0.086828,-0.143448,-0.108787
0.169217,-0.250857,-0.244973,-0.036093,0.245101,-0.340617,-0.304365,-0.143003,-0.099772,0.090790,-0.247259,-0.160638,-0.268100,-0.109372,-0.259636,0.293975,-0.276830,-0.245653,-0.193263,-0.201984
-0.167126,0.171574,-0.228684,0.194602,0.363595,-0.256606,0.149185,0.076728,0.253931,0.129774,-0.120642,-0.220871,-0.299089,0.227234,-0.178378,0.153222,0.197577,-0.251408,0.329546,0.272736
0.452990,-0.072099,-0.137341,0.117117,-0.098288,0.017505,0.002860,0.016322,-0.009999,-0.025730,-0.211313,0.665923,0.347770,-0.051946,0.179193,0.069630,0.211569,-0.209884,-0.091701,-0.009548
-0.126475,-0.138397,0.451687,0.198656,0.139378,0.135436,-0.204417,-0.258896,-0.077552,0.431009,0.060049,0.309746,-0.194618,-0.204612,0.093599,0.110151,-0.304306,-0.089348,-0.047117,0.282860
-0.185720,0.056641,0.696129,-0.165492,0.101841,0.035904,-0.202950,0.082286,-0.186542,-0.284830,0.137948,-0.202170,0.119771,-0.045200,-0.119889,-0.104731,-0.046316,0.385949,0.069736,-0.131050
0.365360,-0.012599,0.284830,-0.175508,0.193814,0.007473,0.027231,0.451826,-0.126457,0.176359,0.122321,0.254924,0.267443,-0.094550,0.347450,0.028296,0.224203,0.282577,0.092628,-0.210206
0.326369,-0.185665,0.128996,0.358257,-0.260957,0.159733,-0.310008,-0.290881,0.191353,-0.049228,-0.064624,-0.303342,-0.306393,0.206126,-0.086190,0.065437,-0.173267,-0.109695,-0.311676,0.131114
-0.173930,-0.293492,-0.241773,-0.259503,-0.218006,-0.311603,0.169164,-0.235639,-0.245982,0.058364,0.160397,0.139430,-0.257634,-0.248492,-0.186614,-0.227351,-0.185711,0.236333,0.268134,-0.207591
0.629235,0.002202,-0.139437,-0.186805,0.004797,0.366142,-0.035323,-0.010356,-0.051954,0.032177,-0.170345,0.445111,-0.065341,0.008803,0.039476,-0.039611,0.191605,-0.171025,0.018933,0.331075
-0.267385,-0.301768,-0.194894,0.209191,-0.191285,-0.291513,0.157208,-0.219603,0.223181,-0.283961,-0.199763,-0.207011,-0.291559,-0.209186,-0.139879,0.070086,0.245158,-0.239081,0.212251,0.180080
0.043038,0.003697,0.579685,0.223443,-0.196151,0.145645,-0.133759,0.075696,-0.064291,0.201192,-0.141040,0.309215,0.301838,0.016174,-0.308088,0.112177,0.182532,-0.124351,-0.229693,0.261414
-0.246120,0.069980,0.534622,-0.289663,-0.242628,0.235054,0.048565,-0.193036,0.004142,-0.203937,-0.141396,0.279026,-0.069415,-0.041206,-0.124677,0.031126,-0.197119,-0.315865,0.184521,-0.275505
-0.060914,0.216520,-0.240673,0.208705,-0.212295,0.139662,-0.308226,-0.272367,-0.299261,-0.044268,-0.239145,0.230009,0.208099,-0.212902,0.262909,-0.234681,-0.245192,0.178687,0.206448,0.255061
0.632006,-0.041596,0.422263,-0.101334,0.174367,-0.181070,-0.171847,0.010602,-0.057533,0.280300,0.305095,0.036152,0.106630,0.051613,0.062286,0.159417,-0.161933,0.171582,-0.069561,0.193217
-0.308199,0.164316,-0.215453,-0.233133,0.279644,-0.020111,0.144587,0.079181,0.228394,0.083360,-0.182015,-0.222478,-0.365410,0.233443,-0.230836,-0.225312,0.214952,0.242307,-0.244244,-0.270333
0.291911,0.094560,0.133992,0.043357,-0.017285,0.107790,0.011057,0.094034,-0.013991,0.176011,-0.059572,0.383594,0.091294,0.131670,0.709195,0.161998,0.042109,0.076373,0.177651,0.298701
0.153288,0.006118,0.666936,0.140048,0.193341,-0.120246,-0.016961,-0.060677,-0.026342,-0.292462,-0.221441,-0.216349,0.217726,0.029665,-0.018682,0.192536,-0.135185,-0.213579,0.318838,-0.151384
0.119434,0.029046,0.757287,0.024837,0.266631,-0.009521,0.025721,0.118488,0.013776,-0.014713,0.455211,-0.006897,0.307617,-0.003035,-0.018875,0.139285,-0.036773,0.027156,-0.019792,-0.019001
-0.242188,0.052997,-0.229707,-0.306644,-0.207654,0.007337,-0.245431,-0.107390,0.225950,-0.274604,-0.191681,-0.178673,-0.309635,0.245023,-0.204201,0.005489,-0.262308,0.291440,0.285060,-0.221430
0.312837,-0.156668,0.452673,0.065558,0.132442,-0.259612,-0.129856,0.003518,0.284637,-0.281376,-0.226272,0.030366,0.307963,0.125793,-0.115123,0.229608,0.304689,0.240246,0.163901,-0.014018
-0.055952,0.210714,0.363769,0.042379,0.078580,-0.044607,-0.138958,-0.024535,0.140292,0.225748,0.400326,0.433686,-0.129499,0.156263,-0.015376,0.448537,-0.001291,0.181148,0.166465,-0.261043
-0.027306,-0.073287,0.171179,0.000522,0.156440,0.063513,0.045584,-0.063780,0.078436,0.038917,0.930389,0.051427,0.159990,-0.023163,0.114778,-0.072958,0.076401,-0.046474,0.003039,0.036825
