-0.209970,0.194589,0.193086,-0.076109,-0.209080,-0.292290,-0.287245,0.239558,-0.203361,-0.224762,0.342774,-0.243769,0.175136,0.272347,-0.211194,0.012270,0.236401,0.219310,-0.200390,0.208326
0.488056,0.126705,-0.139024,0.643837,-0.030232,-0.042771,-0.003994,-0.024679,0.010114,0.084421,0.001926,0.413826,0.264516,-0.056308,-0.196888,0.080702,-0.005907,0.030112,0.090243,0.050372
-0.159868,0.291290,-0.282891,-0.013609,0.175420,-0.137985,0.060293,0.268332,0.253850,0.320805,-0.259302,-0.293125,0.267879,-0.071816,-0.214347,-0.203683,-0.242948,0.226789,0.206125,-0.214762
0.266010,0.261982,-0.285223,0.003627,0.186583,0.271054,-0.185055,0.174334,-0.295174,0.161033,-0.029497,0.330462,-0.183095,0.236516,0.325397,-0.198182,0.320366,0.019011,-0.018979,-0.212611
-0.013357,0.101633,-0.147980,-0.212336,-0.058445,0.047795,0.056318,-0.006543,-0.000633,-0.188704,0.193566,-0.091253,-0.117716,-0.194940,0.825237,-0.055081,-0.051643,-0.049426,-0.138790,0.268156
0.572467,-0.111545,0.095138,0.324756,0.088205,-0.059285,0.011316,0.267323,0.168065,0.150155,0.039718,0.306300,0.219510,0.091721,0.264092,-0.005494,-0.170207,-0.274408,-0.292473,0.008038
0.482005,-0.199438,0.179211,0.133252,-0.041344,0.134987,-0.136561,0.311063,0.289643,0.048989,-0.367593,0.345433,0.171325,-0.177617,-0.044428,-0.105305,0.251134,0.245357,-0.026939,-0.063113
0.490364,0.135649,0.067378,0.152455,0.002522,0.385075,0.205907,0.054005,0.251906,0.212539,-0.042147,0.312953,0.173076,0.104726,0.117059,0.201350,0.344445,0.171746,-0.246728,0.085035
-0.191757,-0.226107,-0.092314,-0.074296,0.107851,-0.076679,0.262055,0.373743,0.312497,-0.295517,-0.026257,-0.178907,0.492558,-0.206478,-0.175167,0.058439,-0.197605,0.193670,-0.022155,-0.241085
0.071892,-0.102468,-0.117643,0.479008,-0.293659,-0.117450,-0.338683,-0.254819,0.324013,0.132147,-0.430505,-0.170110,0.079482,0.129091,0.214451,-0.003651,0.129481,-0.017423,-0.091884,-0.173664
0.680575,-0.100937,-0.265649,-0.106003,-0.110529,0.005905,-0.158229,-0.276447,0.119384,0.202369,-0.226584,-0.002959,0.101203,0.066342,-0.079229,-0.171583,-0.262496,0.100307,-0.238654,-0.195638
-0.190807,0.180521,0.199435,-0.103110,0.204959,-0.323638,-0.213778,-0.275155,-0.242917,0.104541,0.281097,-0.204367,-0.272447,0.197354,-0.244156,-0.243017,0.189131,0.206824,0.247328,-0.223956
-0.248980,-0.114218,-0.052670,-0.076217,-0.012333,0.402777,0.015280,-0.005504,-0.269032,0.006764,-0.061474,0.148902,0.101361,0.023203,0.743559,-0.077719,-0.096570,-0.013377,-0.022437,0.274988
0.320037,0.029129,-0.230243,-0.182613,-0.142871,0.511627,0.094830,0.055201,0.280479,0.175840,-0.381232,0.018240,-0.125420,0.049834,0.021368,0.312570,-0.194585,-0.292499,0.001203,0.145275
-0.168896,0.331803,0.192323,-0.032555,0.094757,-0.035437,0.077290,0.095415,0.224559,-0.007916,0.673361,0.032562,0.332714,-0.159675,-0.007958,0.301459,0.153143,-0.092274,-0.012778,0.183816
0.621675,-0.082998,0.295946,-0.074098,0.317051,0.267162,0.249469,0.180085,0.091381,0.025574,-0.026665,0.391687,0.141240,-0.084645,-0.063515,0.000849,-0.092185,-0.208346,0.016467,0.023133
0.126556,0.256604,-0.347712,0.223514,0.034618,-0.080423,0.090509,0.017083,0.015033,0.244305,-0.163539,-0.189094,-0.168545,-0.293187,0.438142,-0.000326,-0.269240,0.219187,0.247330,0.347380
0.049909,-0.235315,0.167560,-0.155220,0.248146,-0.037446,-0.206103,0.211369,0.217231,0.184760,0.525706,-0.214073,0.203927,0.192959,-0.083880,-0.222171,0.228882,-0.221213,0.224250,-0.222458
0.172863,-0.056651,-0.108672,-0.058681,0.050142,0.316072,-0.059840,0.030244,0.007892,0.021618,-0.131431,0.060232,-0.032566,-0.000493,0.896661,-0.061851,0.033883,0.061993,-0.072661,0.064462
-0.204020,0.256888,-0.222221,-0.185971,0.304491,0.033980,0.269502,-0.198110,0.225530,0.169548,0.236846,-0.186126,-0.090041,0.268890,-0.258967,-0.254623,0.210615,0.276273,0.199180,-0.244244
-0.230187,-0.129154,0.412876,-0.220234,-0.244269,0.036831,-0.052998,-0.018247,-0.031570,0.372328,-0.361595,0.078077,-0.276664,0.220848,0.067639,0.112188,0.243923,0.278879,0.078131,0.291327
0.171178,-0.307235,-0.263420,-0.152990,-0.185994,0.404108,-0.018657,0.267223,-0.004659,0.209644,-0.263821,-0.080228,0.375787,0.017994,0.072832,-0.225428,-0.257477,-0.076484,-0.238353,0.259284
-0.209565,0.243054,-0.195004,-0.094517,0.292965,-0.144408,-0.190729,0.214218,0.175215,-0.211736,0.332641,-0.197060,-0.256622,0.180329,-0.244181,-0.273968,0.238133,0.209578,-0.228990,-0.223517
0.680196,0.015197,-0.007478,0.648493,0.097530,-0.015913,0.017683,0.050530,-0.036433,0.040978,0.113489,0.121497,0.036281,0.004634,0.167052,0.003913,-0.075327,0.003796,0.010139,0.195380
-0.217053,0.235471,0.306099,-0.183266,-0.216104,-0.265651,0.221055,0.222078,0.219186,0.144818,-0.098043,-0.050086,0.194276,-0.274323,-0.237970,0.115847,-0.265235,0.285011,-0.253664,-0.273120
0.135193,-0.080017,-0.099352,0.712979,0.038982,0.317103,-0.047423,-0.117378,0.106153,0.127071,-0.136347,-0.017053,0.164318,-0.091971,0.242388,-0.063635,-0.138009,-0.087288,-0.113345,0.393625
0.427330,0.039584,0.002227,-0.184477,-0.221361,0.192063,0.003498,0.242888,0.073905,0.062497,0.238793,-0.102199,-0.013320,-0.042215,0.582702,0.161582,0.161880,0.328655,0.230616,-0.071010
0.570562,-0.038400,0.021708,0.099644,0.019130,-0.031560,-0.005317,0.012221,0.022211,-0.376233,0.259236,-0.023899,0.034278,0.376476,0.453522,0.307591,-0.014490,-0.001614,-0.052613,-0.071004
-0.133037,-0.286852,0.224732,-0.187341,-0.239212,-0.034748,0.218530,-0.302003,-0.240068,-0.246786,-0.175419,0.174456,-0.220428,-0.254638,-0.218224,0.132561,-0.219033,0.290207,0.290062,0.205735
0.475439,-0.209355,0.204284,-0.121148,0.219297,-0.370388,0.105905,0.023950,-0.142180,0.034410,-0.079976,-0.267617,-0.013169,0.005686,0.454570,0.072030,-0.138446,0.193999,-0.321697,-0.070127
0.544419,0.015256,-0.070973,0.474032,0.047995,0.038359,-0.132585,-0.115789,-0.059947,-0.071650,-0.257883,-0.139826,0.193850,-0.134821,0.514607,0.047702,0.040470,0.083568,0.031155,-0.107921
0.298717,-0.022714,-0.002057,0.006670,0.067688,0.062992,0.011156,-0.045026,-0.096695,-0.049176,-0.090296,-0.014866,0.031164,-0.036440,0.394485,0.837990,0.079447,0.088785,0.070184,0.009729
