0.193525,-0.246501,-0.187796,0.166291,-0.213315,0.178390,-0.307309,0.108360,0.251326,-0.295819,0.187038,0.300042,0.090926,-0.220256,-0.296044,-0.220924,-0.075453,-0.245954,0.218497,0.269293
0.024160,-0.049347,0.242725,-0.034624,0.009851,0.000413,-0.171835,0.364244,0.246772,0.127650,-0.115411,-0.048734,0.030824,0.508536,-0.008245,-0.079060,0.031773,0.622219,0.164206,-0.025991
-0.242635,0.172984,0.198789,0.180266,-0.234731,0.144916,-0.151126,0.344671,-0.286464,-0.238188,-0.138078,0.183427,0.323043,-0.022139,0.324607,0.246970,-0.062807,0.040285,-0.259661,0.292826
-0.124094,0.210883,0.124228,0.302509,-0.006043,0.388781,-0.239299,-0.149087,-0.125959,0.210340,0.278714,0.228476,0.088199,0.257611,-0.275980,0.009598,0.262088,-0.300777,-0.120001,0.297588
0.415731,0.012203,-0.018718,0.606839,0.136892,0.100872,-0.008552,-0.125382,-0.065969,-0.103931,0.293073,0.002813,0.367027,-0.073569,-0.002770,0.154484,0.310813,-0.136532,0.175027,0.052709
0.244740,0.090679,0.414226,-0.197203,0.254232,-0.244619,0.036582,-0.142007,0.104661,0.386361,0.361487,-0.129043,-0.254399,-0.081452,-0.264235,-0.189740,-0.161483,0.207978,-0.033703,0.142249
-0.195706,0.057027,0.191269,-0.081789,0.226964,0.158441,-0.160724,0.286506,-0.347031,-0.104963,0.414055,0.302522,-0.026998,-0.229760,-0.253078,-0.240086,0.254402,-0.047729,-0.117450,-0.283250
0.247138,0.049702,0.030819,-0.058250,-0.167183,0.412263,-0.198918,-0.166947,-0.176001,0.304498,0.372440,0.234643,-0.308386,-0.280162,0.114396,0.259908,0.239369,-0.124489,-0.137146,0.058824
0.248924,-0.066903,0.198194,0.160547,0.204199,0.160749,-0.238023,0.082971,-0.236488,-0.054352,-0.233633,0.140850,-0.291696,-0.156310,-0.186855,-0.228178,-0.191323,0.525577,0.305492,0.038268
0.313209,0.227051,0.163433,-0.348198,0.030255,0.288015,0.059387,0.233102,0.119953,-0.056072,0.326127,0.392707,0.328972,-0.242807,0.167949,-0.152052,-0.108344,-0.202440,0.039666,-0.098774
0.534355,0.265242,0.308211,0.227914,-0.178465,-0.109458,-0.108767,0.091097,-0.268577,-0.141690,0.119667,-0.201836,-0.030820,-0.143979,-0.121887,0.321780,0.144108,0.274938,0.218706,-0.040937
-0.281834,-0.249035,-0.136543,0.189373,0.249741,-0.262025,0.134452,0.221970,-0.241344,0.225067,0.147078,0.214830,0.218483,-0.199725,-0.268564,-0.227550,-0.271022,0.270055,-0.243581,0.108341
0.489146,-0.204075,-0.295032,-0.166982,0.113566,0.373883,-0.066305,0.084104,0.033024,0.259885,0.354334,-0.156777,0.080249,-0.084959,0.003235,-0.199522,0.244158,-0.215071,-0.154846,0.194735
-0.148279,0.240564,-0.245866,0.387768,0.121900,0.438894,0.189690,0.147683,-0.032519,0.249067,-0.001043,-0.273724,0.153823,-0.250191,0.091654,-0.112552,0.190354,-0.213667,-0.267834,0.212325
0.363480,0.183403,0.251243,-0.126834,-0.033809,-0.033884,-0.224195,0.025674,-0.120712,0.204750,-0.011896,0.249100,-0.283552,0.235138,-0.154727,-0.090521,0.119434,0.608594,0.127141,0.120385
-0.036853,0.237548,0.452065,-0.190213,-0.233147,-0.191069,0.262547,0.315016,0.014244,-0.127352,0.156816,-0.127872,-0.139701,0.417244,-0.094747,-0.153540,0.266042,0.230954,-0.111705,-0.150056
0.540240,-0.150615,-0.148726,-0.257606,-0.133284,0.207782,0.106532,0.369618,-0.267731,0.019394,0.058757,0.181845,0.233349,0.084629,0.130863,0.243867,-0.299657,-0.022997,0.219857,-0.051232
0.292375,0.227929,-0.186045,0.205125,0.253717,-0.257330,0.074059,0.105327,0.241104,-0.236514,-0.255489,-0.247924,-0.257733,-0.219046,0.241691,0.337049,0.142154,-0.185126,-0.126646,0.202367
0.462736,-0.013528,-0.037389,0.069587,-0.223943,0.015334,0.160555,0.117416,-0.118337,0.119152,0.595703,-0.063397,-0.035825,-0.144428,-0.047529,0.318495,0.299516,-0.269625,-0.014460,-0.118160
-0.324620,0.232257,-0.167953,-0.239794,-0.209257,0.106629,-0.273532,0.144831,0.178797,-0.233778,-0.283901,-0.260251,-0.213013,-0.166042,0.272520,0.212405,-0.222612,-0.246430,0.189384,0.174890
0.488094,-0.071080,-0.150665,0.085224,-0.125824,0.057988,0.167680,0.231131,0.011064,0.537204,0.219345,-0.030239,0.083333,-0.200141,0.118273,0.025620,0.137564,0.355970,-0.050072,-0.280157
0.189827,-0.136854,-0.071073,0.331111,-0.307618,0.321765,-0.180732,-0.289794,0.326070,0.111985,-0.157558,0.235420,-0.102720,-0.341225,-0.145088,-0.175338,0.058133,-0.199616,-0.295313,0.086142
0.146892,-0.263673,-0.190773,0.174589,-0.234707,-0.226398,-0.249824,-0.243977,0.234569,0.132293,0.147624,0.229107,-0.284853,0.196711,-0.258693,-0.207564,0.126473,-0.244399,0.244880,0.318438
0.504613,-0.121347,0.352541,-0.099355,-0.008174,0.207314,-0.034508,0.010596,0.116230,0.182551,0.195489,0.061253,-0.139925,0.578516,-0.043334,0.029867,0.039068,0.202656,0.223582,-0.117128
-0.278398,-0.211919,-0.166966,-0.274750,-0.205836,-0.278475,-0.244680,0.067961,-0.208742,-0.268953,-0.228812,-0.291759,-0.271207,-0.140985,-0.265605,0.187315,0.109794,-0.188115,-0.203348,-0.220393
0.381739,-0.003193,0.561918,-0.014423,-0.069114,0.378481,0.175478,0.230229,0.176194,0.287156,0.307033,0.080175,-0.028459,-0.163512,-0.107133,0.155338,0.073831,0.067611,0.080920,-0.112069
-0.208393,0.176776,0.113301,0.088641,-0.112172,0.432245,0.030061,-0.052019,0.350337,-0.195550,-0.318220,-0.222952,-0.256123,0.149547,-0.108178,-0.086934,0.145339,0.508283,0.042298,-0.034152
0.009161,-0.014034,0.038622,-0.055776,0.053183,-0.026510,0.009928,0.424759,0.044253,-0.063547,-0.037011,-0.068344,0.022884,0.211130,0.015536,-0.069050,0.019204,0.824073,0.263190,-0.013663
0.226431,0.194231,-0.182782,-0.289618,-0.240139,-0.229969,0.126677,-0.245575,-0.205288,-0.235984,0.095098,0.214458,0.172206,-0.185450,-0.275158,0.260217,-0.228744,-0.201098,0.314534,-0.234040
0.475771,-0.062895,0.237302,0.230455,0.116744,-0.089207,-0.125769,0.027432,0.313846,0.480451,-0.266612,-0.210145,-0.088845,0.120595,0.049997,0.303110,0.189069,0.137532,-0.055921,0.054131
0.492964,-0.144156,0.228006,-0.201145,0.037660,0.070160,-0.238926,0.173311,0.190565,0.137452,0.243072,0.089857,-0.070978,0.439611,0.065458,0.034098,-0.003387,0.407247,0.190445,-0.148515
-0.089438,-0.087821,0.136159,0.040551,0.091354,0.063123,0.034204,0.074394,0.082957,0.369844,0.067546,0.051317,0.039116,0.149887,0.034123,-0.075225,0.009401,0.865630,0.118224,0.002681
