-0.104005,0.012190,-0.408864,-0.077177,0.003881,-0.327015,-0.088685,-0.096049,0.379810,-0.322425,-0.239277,-0.283704,-0.192439,0.033082,-0.138378,-0.069442,-0.240455,0.161271,0.397035,-0.048447
-0.021133,-0.243639,-0.357129,-0.008020,0.142979,-0.181585,-0.189311,-0.242680,0.184675,-0.214846,-0.043040,-0.146863,0.403879,-0.407546,0.027768,-0.005226,-0.351438,0.199189,0.210222,-0.152861
0.205928,0.038128,0.156662,-0.368446,-0.137303,-0.265986,0.284260,0.007713,0.095437,-0.347985,-0.140785,-0.477889,-0.161514,0.266537,0.073150,0.146941,-0.222728,0.053229,-0.029091,-0.263858
0.263969,-0.226505,-0.059685,-0.413167,-0.352135,0.031586,0.048683,-0.261375,-0.031704,-0.231666,-0.123802,-0.133742,0.344170,-0.221980,0.081871,-0.209633,-0.329263,0.204098,-0.028383,-0.227864
-0.012909,-0.225434,-0.496360,-0.244861,-0.066048,-0.251994,-0.031744,-0.058582,0.181170,-0.092576,-0.143246,-0.038930,0.113708,-0.467142,-0.103405,-0.165695,-0.273209,0.397555,-0.018414,-0.067982
0.130396,-0.223378,-0.393764,-0.284719,0.073648,-0.272950,-0.048553,0.001926,0.241400,-0.213011,-0.093189,-0.113178,0.171415,-0.322824,-0.132135,-0.109578,-0.339082,0.275827,0.345408,-0.126988
0.573867,-0.228558,-0.128203,-0.276776,0.080395,0.035753,0.377557,-0.158247,0.211274,0.241142,0.060601,-0.401673,0.010400,0.075330,-0.003071,-0.181304,0.153364,0.036093,0.058394,-0.123965
0.295679,-0.322723,-0.140461,-0.241049,-0.435762,-0.013224,0.042431,-0.207097,0.157177,-0.066246,-0.193647,-0.165364,0.203137,-0.273621,-0.094039,-0.211767,-0.299138,-0.318953,-0.123561,-0.159987
0.333474,-0.086894,-0.446472,-0.290153,-0.148126,-0.124518,-0.041186,-0.089189,0.215566,-0.025053,-0.196912,-0.040684,0.041559,-0.425888,-0.081885,-0.196016,-0.311712,-0.334727,0.071104,-0.143523
0.239047,-0.302695,0.042109,-0.063442,-0.113251,0.187116,0.293591,-0.076101,0.195999,-0.387264,-0.017394,-0.314651,-0.392908,-0.107620,-0.091839,-0.076708,-0.093788,-0.295924,0.300617,-0.225603
-0.046372,-0.214082,-0.448155,-0.174297,-0.003627,-0.156446,0.014194,-0.082050,0.309916,-0.098469,-0.183679,-0.140355,0.356067,-0.333453,-0.014534,-0.093588,-0.455453,0.203654,0.114381,-0.145781
0.227312,0.166435,0.190656,-0.279161,-0.191023,-0.074506,-0.142731,0.095258,0.486606,-0.283579,-0.384631,-0.204543,0.057127,0.149409,0.173266,0.013511,-0.175084,0.030478,0.329900,-0.177968
0.197236,-0.215645,-0.166336,-0.292425,-0.186998,0.051705,-0.117932,-0.205458,0.415633,-0.105586,-0.181021,-0.244348,0.080388,-0.316882,0.106669,-0.199321,-0.335575,-0.327843,0.196884,-0.120174
0.281826,-0.016006,-0.080043,-0.164139,0.227742,0.021393,0.399410,0.152275,0.067735,-0.334550,-0.119339,-0.269511,-0.210982,0.149829,0.119847,0.087719,-0.404832,-0.053414,0.267880,-0.347875
0.103997,-0.271685,-0.236290,-0.447739,-0.433991,-0.084633,-0.045286,-0.248700,-0.055786,-0.103528,-0.305967,-0.052992,-0.071321,-0.311726,0.175685,0.031304,-0.354581,-0.006097,0.022220,-0.170406
0.187737,-0.142509,-0.172867,-0.421630,0.082427,-0.002070,0.016840,-0.149518,0.225530,0.017005,-0.303737,-0.192427,0.369197,-0.514409,0.068707,-0.133119,-0.269811,-0.159336,-0.006257,-0.072982
-0.030022,-0.161462,-0.221890,-0.168766,0.072062,-0.183204,-0.025287,-0.445695,0.278990,-0.046417,-0.157902,-0.172192,0.324879,-0.395665,-0.046603,-0.296338,-0.302435,0.114009,0.217135,-0.137845
0.266404,-0.054227,-0.100778,-0.086003,0.049735,0.055501,0.302053,-0.208946,0.022538,-0.170752,0.009688,-0.547448,-0.217948,0.243589,0.011640,0.010769,-0.425400,-0.099009,0.219919,-0.303989
0.050685,-0.245625,-0.107705,-0.383233,-0.396861,-0.060963,-0.163671,-0.261561,0.062523,-0.311727,-0.065967,-0.273895,0.387351,-0.298272,0.084694,-0.011792,-0.232529,-0.088973,0.126894,-0.131735
0.059773,-0.179258,-0.506723,-0.325851,-0.042686,-0.079059,-0.067676,-0.000430,0.363513,0.214660,-0.241304,-0.045565,0.049310,-0.265682,0.053210,-0.223325,-0.371079,-0.240904,-0.167058,-0.028328
0.157583,-0.341547,-0.158356,-0.316167,-0.512475,-0.083706,-0.018032,-0.241519,0.123722,-0.186373,-0.033093,-0.147180,0.176248,-0.205639,0.036424,-0.076007,-0.405991,0.092326,-0.098641,-0.262382
0.227839,-0.204835,-0.263819,-0.112246,0.081565,-0.041853,0.601393,-0.134945,0.192734,-0.058807,0.054522,-0.394805,-0.271106,0.020354,0.232612,-0.056735,0.027298,-0.086271,0.126031,-0.284403
-0.094631,-0.280324,-0.288691,0.033232,-0.610380,-0.062853,0.020722,-0.096640,0.096101,-0.102309,-0.053612,-0.047855,0.496447,-0.306418,-0.004267,0.002230,-0.184515,0.008713,-0.007514,-0.205705
0.259981,-0.116387,-0.282931,-0.376882,-0.060592,0.057379,-0.099916,-0.108505,0.271739,-0.033348,-0.183099,-0.204598,0.062786,-0.467223,0.062584,-0.205686,-0.218625,-0.405332,0.112576,-0.156481
-0.280916,0.029052,-0.416680,0.048954,-0.190341,-0.250710,-0.135000,-0.021592,0.135491,-0.159759,-0.107093,-0.068056,-0.213397,0.185016,-0.370324,-0.052194,-0.146551,-0.513150,0.245985,-0.039039
-0.004196,-0.071133,0.042872,-0.164084,0.096305,0.111929,0.109262,0.214267,-0.162085,-0.258541,-0.127318,-0.454962,0.032042,0.117350,0.502032,0.060407,-0.257680,0.118505,-0.122145,-0.452050
0.199767,-0.223329,-0.050634,-0.261326,-0.545572,-0.132221,-0.119479,-0.369592,0.006274,-0.140975,-0.089793,-0.151385,0.124237,-0.302202,0.094736,-0.111449,-0.373783,-0.207264,0.005078,-0.107747
-0.039289,-0.244127,-0.294263,0.022817,-0.256412,0.032998,-0.053996,-0.204524,0.127816,-0.219806,0.080911,-0.013757,0.246586,-0.489453,0.077081,0.188428,-0.238957,0.338037,0.363559,-0.153026
0.006139,-0.369460,-0.270695,0.043042,-0.158485,-0.255222,-0.149301,-0.140703,0.129827,-0.355807,0.016446,-0.168064,0.245380,-0.265535,-0.100868,0.084073,-0.343466,0.321901,0.283392,-0.184818
0.267921,-0.153340,-0.150674,-0.253345,-0.340682,-0.139663,-0.161285,-0.154345,0.214281,-0.124069,-0.185170,-0.135345,0.326104,-0.295239,-0.012846,-0.159928,-0.457979,-0.273342,-0.020510,-0.119851
-0.010010,0.043743,-0.074658,-0.361890,0.145917,-0.277082,0.360786,0.096336,0.328669,0.170780,0.065164,-0.439545,-0.344590,-0.211553,0.037706,-0.235630,-0.068762,-0.136696,-0.170192,-0.128373
-0.113046,0.086131,-0.285863,-0.106944,-0.098220,-0.249607,-0.132130,0.113381,0.112622,-0.212891,-0.078583,-0.222884,-0.344049,0.261979,-0.268311,-0.021180,-0.119169,-0.402556,0.458561,-0.156687
0.246844,-0.173865,-0.171865,-0.170271,0.026443,0.200717,0.058240,-0.006335,0.101642,-0.436258,-0.097552,-0.324864,-0.497168,0.043309,0.099739,0.127518,-0.186103,-0.197540,0.314733,-0.205453
-0.108590,-0.008232,-0.317724,-0.099024,-0.107100,-0.171129,-0.234210,0.027905,0.042430,-0.324281,-0.072415,-0.237938,-0.171917,0.175761,-0.189792,0.076946,-0.259971,-0.162902,0.585789,-0.269298
0.235419,-0.206936,-0.099803,-0.076799,0.037701,0.200439,-0.226747,-0.003978,0.044909,-0.364725,-0.092963,-0.503250,-0.165808,0.061036,0.185408,0.204061,-0.226061,-0.226877,0.312431,-0.297490
-0.089367,0.007974,-0.524130,-0.073667,-0.103496,-0.179019,-0.036095,0.005990,0.461411,-0.206012,-0.216789,0.038680,-0.113878,-0.018762,-0.168081,-0.133671,-0.363031,0.253939,0.314544,-0.096045
-0.214119,0.026631,-0.574845,0.037816,-0.283186,-0.261324,-0.149256,0.041520,0.166939,-0.156213,-0.165565,-0.016496,-0.307261,0.157993,-0.157799,-0.222761,-0.074835,-0.026130,0.397905,-0.103058
0.213619,-0.234435,0.062377,0.027858,0.021519,0.301221,0.471522,0.066095,0.114067,-0.262311,-0.011383,-0.346327,-0.351447,0.011440,-0.041788,0.067631,-0.179949,-0.202518,0.201965,-0.361663
0.255789,-0.198738,-0.149255,-0.386469,-0.498474,-0.056841,0.055078,-0.189765,0.355856,-0.052343,-0.245330,-0.009760,0.093201,-0.172978,-0.005096,-0.239328,-0.336571,-0.136369,-0.025417,-0.120824
0.027802,-0.139447,-0.073307,-0.360625,-0.586694,-0.005407,-0.134633,-0.221854,-0.069554,-0.169743,-0.142331,-0.162872,0.356519,-0.289195,0.039738,0.071811,-0.253351,-0.180256,0.174161,-0.088599
0.210995,-0.231648,-0.004524,-0.333510,-0.415701,0.076304,-0.120042,-0.243934,0.261269,-0.066106,0.088350,-0.145391,0.187573,-0.236035,0.118345,-0.341902,-0.372474,-0.024585,0.161578,-0.221818
0.352297,-0.325867,-0.184596,-0.127216,-0.256823,0.084935,-0.027325,-0.190860,0.149191,0.062171,-0.089700,-0.192955,0.168736,-0.419661,-0.024301,-0.273915,-0.410542,-0.273638,0.034707,-0.113387
0.246789,0.077917,-0.352252,-0.315771,-0.055052,0.134321,0.098968,-0.376531,-0.084244,-0.195491,-0.187186,-0.131948,0.020369,0.298618,-0.040251,-0.031138,-0.350714,-0.188378,0.412066,-0.135511
-0.174167,0.169395,-0.366034,-0.001280,-0.084077,-0.318392,-0.276455,0.053258,0.055107,-0.196487,-0.106734,-0.172467,-0.200429,0.249322,-0.285752,-0.080859,-0.126637,-0.371535,0.432194,-0.071478
0.064116,-0.214153,0.037755,-0.389720,0.062337,0.042363,-0.110319,-0.064753,0.385729,-0.220280,-0.058185,-0.547693,-0.221419,-0.261406,0.109371,-0.050741,-0.210981,0.081059,-0.100208,-0.284591
0.353514,-0.261655,-0.129520,-0.466713,-0.383997,0.022432,-0.048332,-0.089894,0.105483,0.044376,-0.175452,-0.181990,0.225946,-0.270501,0.055381,-0.243749,-0.299166,-0.195762,-0.026019,-0.146260
0.263241,-0.147304,-0.242869,-0.456481,-0.150955,-0.009267,-0.103226,-0.134978,0.263437,-0.178662,-0.214696,-0.286073,0.222038,-0.303112,-0.019254,-0.063569,-0.316722,-0.320697,0.075407,-0.078809
0.286750,-0.160675,-0.108755,-0.249319,-0.537606,-0.086442,-0.079353,-0.241304,0.147484,-0.036068,-0.193682,-0.100289,0.252979,-0.253512,-0.158851,-0.245240,-0.225655,-0.273334,0.144673,-0.161633
0.118184,-0.299316,-0.078132,-0.470743,-0.566371,0.075409,-0.029581,-0.195793,-0.067513,-0.141658,-0.243276,-0.138711,0.154467,-0.123299,0.028414,-0.139677,-0.337947,0.006868,0.110275,-0.119255
-0.329803,0.097950,-0.389394,0.053045,-0.196481,-0.326240,-0.183868,-0.006677,0.138806,-0.131236,-0.208729,-0.087500,-0.267245,0.304020,-0.272605,-0.156339,-0.061759,-0.328903,0.288680,-0.051580
0.178703,-0.171211,0.002341,-0.267122,0.144203,0.191261,-0.304341,-0.007168,0.273692,-0.245144,-0.008257,-0.448882,-0.132701,-0.299129,0.051581,-0.146701,-0.279027,-0.098523,0.034732,-0.400921
0.108382,-0.271990,0.021786,-0.356756,-0.479285,0.080198,0.016675,-0.304710,-0.005627,-0.131181,-0.123601,-0.059226,0.217494,-0.258033,0.066465,-0.238819,-0.434773,0.113097,0.077171,-0.195237
0.315899,-0.149974,-0.057979,-0.153199,0.114590,-0.055269,-0.092931,0.069825,0.114657,-0.422445,-0.128922,-0.368788,0.095484,0.036027,0.065346,0.278214,-0.400746,0.020937,0.244946,-0.404763
-0.008870,-0.274894,-0.082466,-0.211168,-0.714352,-0.002596,-0.055759,-0.158177,-0.018277,-0.078830,-0.131979,-0.137757,0.274529,-0.336242,-0.005520,-0.098370,-0.197920,-0.206513,0.103039,-0.031851
0.280406,-0.201191,-0.185539,-0.415278,-0.352473,-0.106114,0.029662,-0.189780,0.154769,-0.138651,-0.171505,-0.148442,0.383267,-0.358662,0.050437,-0.130964,-0.305795,-0.102426,-0.064374,-0.060173
0.075000,-0.194718,-0.123113,-0.382158,-0.363301,0.135918,-0.046304,-0.177659,0.131872,0.067508,-0.233735,-0.210042,0.210876,-0.388910,0.084354,-0.158557,-0.315553,-0.310525,-0.132718,-0.220917
-0.229101,-0.061307,-0.465008,-0.145562,-0.174124,-0.288217,-0.101788,-0.004137,0.415842,-0.231077,-0.237128,-0.005899,-0.145564,0.062966,-0.286058,-0.062296,-0.156717,0.000608,0.394859,-0.092969
0.282827,-0.283942,-0.205978,-0.137045,-0.344496,-0.152785,0.002374,-0.121234,0.190729,-0.147686,-0.052093,-0.064230,0.274856,-0.414447,0.087412,0.138955,-0.283403,0.358276,-0.092178,-0.254929
0.233910,-0.275439,-0.278035,-0.286826,-0.216756,-0.115138,-0.101848,-0.059357,0.173539,0.044858,-0.189209,-0.151095,0.119649,-0.359796,-0.068577,-0.352383,-0.295962,-0.410166,-0.123343,-0.035553
-0.079703,-0.598910,-0.136636,0.054702,-0.263872,-0.089769,-0.016124,-0.105530,0.240047,-0.235546,0.010904,-0.315435,0.064093,-0.242438,0.024842,0.187499,-0.347713,0.132927,-0.048456,-0.268155
0.342455,-0.100172,-0.152218,-0.414074,-0.259383,0.408518,-0.043326,-0.262368,0.168311,-0.143979,-0.038021,-0.202712,0.058379,-0.276780,0.122943,-0.132026,-0.297441,-0.149827,0.091814,-0.222879
0.069751,-0.132353,-0.341826,-0.296149,0.114750,0.050808,-0.215641,-0.190529,0.131142,-0.320350,-0.170431,-0.390128,-0.256098,-0.267813,0.077697,0.137130,-0.196825,-0.306953,0.170864,-0.221682
0.131792,-0.267936,-0.127498,-0.402162,-0.278016,0.066364,-0.047719,-0.323346,0.004739,-0.309059,-0.165451,-0.276953,0.279647,-0.300485,0.186662,0.081098,-0.306865,0.003550,0.038034,-0.197912
-0.151556,0.064394,-0.459327,-0.135224,-0.137568,-0.353626,-0.105330,0.057146,0.333871,-0.156620,-0.303920,-0.043892,-0.321376,-0.147082,-0.216132,-0.103793,-0.330914,-0.144339,0.193732,0.068670
0.206666,-0.005305,-0.311549,-0.084924,0.051503,0.012326,0.589020,-0.245917,0.058163,-0.196495,-0.028269,-0.316319,-0.263559,0.102454,-0.016525,0.005629,-0.203565,-0.287315,0.217203,-0.220184
-0.185531,0.107008,-0.277126,0.093151,-0.169264,-0.230853,-0.207548,0.023192,0.042706,-0.183329,-0.031603,-0.199821,-0.337609,0.318613,-0.311264,-0.108185,-0.053374,-0.512301,0.247355,-0.127140
0.144209,-0.099071,-0.302025,-0.309872,-0.214023,0.140230,-0.148347,-0.240812,0.297550,-0.187109,-0.168364,-0.331406,-0.088959,-0.322710,0.015888,-0.026486,-0.221547,-0.292559,0.208232,-0.289682
-0.153089,0.040960,-0.430695,-0.234191,-0.096374,-0.094145,-0.121337,-0.405486,0.200950,-0.135155,-0.215493,-0.075911,0.234201,-0.458250,-0.183289,-0.126618,-0.294187,0.025608,-0.009557,0.156968
0.193661,-0.206000,-0.070476,-0.394613,-0.371186,0.057986,-0.015149,-0.269314,0.039081,-0.136935,-0.142626,-0.246658,0.386107,-0.282900,0.004251,-0.143524,-0.360593,0.148976,0.019006,-0.204207
0.308294,-0.127385,-0.076048,-0.417770,-0.279838,-0.096593,-0.049497,-0.169957,0.149427,-0.019516,-0.168108,-0.126897,0.402013,-0.166082,-0.121566,-0.302094,-0.394025,-0.221717,0.112124,-0.100716
0.113752,-0.221650,-0.047768,-0.284556,-0.527503,-0.098218,-0.021310,-0.285428,0.011910,-0.082243,-0.089887,-0.104115,0.384018,-0.303314,0.026198,-0.214148,-0.348917,-0.007317,-0.033960,-0.223734
0.101085,-0.283645,-0.051192,-0.022895,0.006569,0.094671,0.419118,-0.074228,0.145242,-0.371937,0.033715,-0.389788,-0.468210,-0.024209,-0.020278,0.005672,-0.137890,-0.281687,0.204307,-0.207725
0.043133,0.056153,-0.338605,-0.138938,-0.225015,-0.247392,-0.130333,0.088238,0.224242,-0.332273,-0.216600,0.040964,-0.285086,0.117681,-0.186439,0.013482,-0.166290,-0.083850,0.547618,-0.224735
0.115377,-0.285643,0.039744,-0.371638,-0.032227,0.003534,-0.159529,0.006539,0.317949,-0.368037,-0.085967,-0.455366,-0.107000,-0.271253,0.003053,-0.088558,-0.272078,-0.099274,-0.056553,-0.328035
0.161375,0.006345,-0.305333,-0.271877,0.069292,-0.094423,-0.125802,0.075572,0.397527,-0.121664,-0.356203,-0.182525,0.005367,-0.338447,-0.007327,-0.200657,-0.460644,-0.251100,0.090626,-0.012002
0.151750,-0.108898,-0.154511,-0.487677,0.008988,0.094389,-0.037243,-0.099282,0.323270,-0.033957,-0.137465,-0.406647,0.248105,-0.284340,-0.008630,-0.228309,-0.260435,-0.332776,0.060906,-0.127990
0.341697,-0.349664,-0.185391,-0.239501,-0.505517,-0.073540,0.007494,-0.304286,0.049257,-0.048604,-0.176523,-0.058089,0.206849,-0.296985,-0.012158,-0.211882,-0.229059,-0.212380,-0.050545,-0.012885
0.064073,-0.249768,-0.345107,-0.099236,-0.416463,0.041602,-0.073850,-0.255101,0.077004,-0.225915,0.060129,-0.216763,0.205847,-0.503092,-0.089093,0.159111,0.026715,0.283957,0.161809,-0.122622
0.308334,0.056662,-0.211300,-0.022379,0.079326,0.037790,0.262681,-0.185940,0.030647,-0.260924,0.060764,-0.271650,-0.350624,0.201405,-0.066776,-0.036885,-0.274994,-0.065680,0.377093,-0.455316
0.168062,-0.145211,-0.043440,-0.577183,-0.215610,-0.072323,-0.091036,0.073000,0.161280,-0.007512,-0.284371,-0.160415,0.238724,-0.346146,-0.056790,-0.060636,-0.399687,-0.222054,-0.026286,-0.155507
0.017572,-0.228415,-0.275756,-0.353061,-0.531116,-0.068315,0.012881,-0.238570,0.215599,-0.083033,-0.239679,-0.135497,0.149489,-0.421971,-0.032979,-0.145033,-0.178106,0.046336,0.107571,-0.076421
-0.167657,-0.021146,-0.643783,-0.091773,-0.134489,-0.233391,-0.059787,0.032760,0.183292,0.004836,-0.144530,0.066069,-0.353910,-0.050301,-0.247681,-0.365271,-0.160209,-0.139653,0.184223,-0.104051
0.113361,-0.296815,0.005513,-0.211193,-0.055519,0.141608,-0.154965,-0.145445,0.199244,-0.107078,-0.021918,-0.320850,-0.148735,-0.419469,0.073037,-0.306217,-0.277851,-0.033736,-0.100739,-0.495839
-0.101036,-0.335477,-0.116151,0.111806,-0.543690,-0.031459,-0.042563,-0.104424,0.203381,-0.147713,0.012075,-0.219152,0.136531,-0.290900,0.015222,0.076120,-0.351309,0.383791,-0.024916,-0.223540
-0.057117,-0.266268,0.058446,-0.223432,0.064306,0.144623,0.070173,0.328023,-0.085576,-0.312536,-0.129360,-0.473387,-0.198065,0.226155,0.300042,0.048163,-0.285623,0.069878,-0.030568,-0.344930
-0.137554,-0.091127,-0.310764,-0.232035,-0.069509,-0.042575,-0.086977,-0.180737,0.156191,-0.201355,-0.097570,-0.202177,0.623879,-0.307264,-0.066917,-0.134191,-0.282953,0.244218,0.076096,-0.092376
-0.332853,-0.072344,-0.532744,-0.278307,-0.137984,-0.215943,-0.209823,0.014273,0.271582,-0.089751,-0.238280,0.051920,-0.150094,0.103141,-0.098403,-0.144072,-0.168532,0.214068,0.298475,-0.211179
0.075121,-0.162345,-0.245485,-0.309152,0.328870,0.005204,-0.202086,-0.198915,0.177695,-0.314927,-0.238334,-0.369911,-0.166107,-0.037768,0.015597,0.172042,-0.258061,-0.261592,0.065750,-0.317764
0.149931,-0.181487,-0.036089,-0.324871,-0.563916,0.149312,-0.218893,-0.101893,0.031939,-0.180474,-0.113361,-0.192446,0.150537,-0.323702,0.004881,-0.013635,-0.242041,-0.186774,0.346127,-0.121426
0.077231,-0.165566,0.000496,-0.295822,0.011600,0.130273,-0.324805,-0.216128,0.061978,-0.406023,-0.098638,-0.456189,0.194582,-0.239470,0.090509,0.119783,-0.162040,0.331052,0.177940,-0.194935
-0.009471,-0.190876,-0.211422,-0.132567,0.038564,-0.143844,-0.167968,-0.164258,0.305306,-0.305072,-0.174021,-0.234840,0.418264,-0.156918,-0.039396,0.065522,-0.438668,0.232320,0.101731,-0.299922
-0.219169,-0.247340,-0.420597,0.133541,-0.285786,-0.219480,0.024276,-0.105079,0.169070,-0.167185,-0.062276,-0.084828,0.216466,-0.316410,0.022637,0.038300,-0.254998,0.456002,0.099522,-0.234840
-0.107328,-0.184187,-0.243791,0.071774,-0.396629,-0.243735,0.210694,-0.104662,0.183026,-0.292965,-0.236572,-0.222267,0.209991,-0.372086,-0.212037,-0.121716,-0.125878,-0.273224,-0.164536,-0.182538
-0.013623,-0.287561,-0.334614,-0.099741,-0.163492,-0.112310,-0.056564,-0.050913,0.542524,-0.184918,-0.127652,0.007555,0.250033,-0.288925,0.065814,-0.005797,-0.154928,0.450514,0.109600,-0.125929
0.149490,-0.362678,0.126485,-0.180897,0.088002,0.009471,-0.273584,-0.043802,0.125116,-0.147999,0.018961,-0.465084,-0.347084,-0.265586,0.075003,-0.157448,-0.296264,-0.067722,-0.234147,-0.299953
0.203053,0.008689,-0.315606,-0.362252,0.014927,0.141060,0.254071,-0.323348,-0.102913,-0.186728,-0.060024,-0.292290,0.061805,0.245955,0.007719,0.056532,-0.374977,-0.081391,0.414120,-0.133572
0.145374,-0.144158,-0.413269,-0.225040,-0.052323,-0.195781,-0.106781,-0.135011,0.239973,0.094619,-0.165901,-0.029477,0.301852,-0.464194,-0.010305,-0.333681,-0.372134,-0.080099,0.007313,-0.089594
0.316048,-0.097809,0.414292,-0.262115,-0.162014,-0.335685,0.206704,-0.018953,0.167834,0.594049,-0.186484,0.107121,-0.071034,-0.096658,-0.097265,0.026323,0.026295,0.044423,-0.037348,0.110776
-0.209921,0.007102,-0.350260,-0.060471,-0.109970,-0.268399,-0.184846,0.009958,0.151256,-0.312347,-0.049300,-0.087388,-0.314533,0.176860,-0.132892,-0.027876,-0.189158,-0.253136,0.549373,-0.174136
0.204778,-0.085906,-0.400544,-0.524023,-0.032696,-0.039899,-0.023624,-0.010438,0.337822,0.003195,-0.208501,-0.080726,0.013125,-0.233845,-0.081946,-0.243725,-0.261772,-0.368775,0.088175,-0.122196
-0.104743,0.053489,-0.378834,-0.237188,-0.125220,-0.199088,-0.026745,0.154691,0.333699,-0.229548,-0.192333,-0.043274,-0.318579,0.072359,-0.175923,-0.139694,-0.232778,0.067723,0.492979,-0.211020
0.085254,-0.277424,-0.089702,-0.486106,-0.459811,-0.087113,0.081034,-0.360247,-0.053273,-0.148145,-0.214890,-0.131145,0.210104,-0.290909,0.094159,-0.033332,-0.249739,0.048470,-0.109746,-0.111308
-0.056793,0.144995,-0.251289,-0.132379,-0.121593,-0.206485,-0.138816,0.069116,0.132364,-0.347171,-0.091620,-0.255907,-0.243319,0.291834,-0.216544,0.081252,-0.230910,-0.491578,0.225127,-0.241180
0.072712,-0.267039,-0.169676,-0.269706,-0.501250,0.000776,-0.089800,-0.168578,-0.093442,-0.204438,-0.068970,-0.125871,0.370675,-0.369298,0.088609,0.037438,-0.232736,-0.019082,0.345539,-0.077777
0.320831,-0.189967,-0.043243,-0.389046,-0.574535,0.093297,-0.007492,-0.375739,0.043070,-0.150039,-0.169516,-0.055179,0.061848,-0.158978,-0.090206,-0.277980,-0.155587,-0.152180,-0.033234,-0.092715
0.224893,-0.219182,-0.124242,-0.380281,-0.391090,0.249882,0.018003,-0.341017,-0.013792,-0.261944,-0.087689,-0.321914,0.078699,-0.363848,-0.070731,0.000634,-0.241287,0.078867,-0.022012,-0.143856
0.219992,-0.125109,-0.198926,-0.181343,-0.123191,-0.108630,-0.166133,-0.077497,0.287141,-0.038695,-0.160455,-0.036617,0.072252,-0.160894,0.282159,-0.358803,-0.541993,-0.311433,-0.031483,-0.246332
0.129661,-0.307595,-0.491775,-0.206162,-0.064615,-0.101871,-0.061864,-0.109324,0.366269,-0.150750,-0.139295,-0.107783,0.380876,-0.208909,-0.048846,-0.178747,-0.271994,0.023533,0.289894,-0.066172
-0.211695,0.073176,-0.380386,-0.026343,-0.154070,-0.323255,-0.179578,-0.016889,0.100346,-0.186859,-0.101024,-0.269567,-0.148959,0.301671,-0.335836,-0.104612,-0.077203,-0.415355,0.301000,-0.099072
-0.259661,0.044908,-0.483406,0.072668,-0.147726,-0.179594,-0.201646,0.063060,0.182400,-0.162258,-0.201485,-0.133931,-0.329723,0.107726,-0.268928,-0.159456,-0.145566,-0.282503,0.371969,-0.131617
0.109242,-0.236108,-0.262477,-0.353131,-0.392152,0.136575,-0.140570,-0.092255,0.072554,-0.166977,-0.187682,-0.053787,0.229054,-0.455260,-0.051843,-0.034024,-0.318696,-0.295000,0.120644,-0.005852
-0.116513,-0.088181,-0.281199,-0.111009,-0.440343,-0.083990,-0.031282,0.012620,0.139676,-0.500934,-0.048111,0.059547,0.038898,-0.058781,-0.359956,-0.151911,-0.122241,0.051694,0.276626,-0.396362
-0.045969,-0.269062,-0.295339,0.217464,-0.385132,-0.139778,-0.069468,-0.206678,0.112347,-0.217836,-0.010178,-0.085095,0.216392,-0.338325,-0.055600,0.034059,-0.269166,0.450752,0.106588,-0.235842
-0.033211,-0.307214,0.028061,-0.126581,-0.056934,0.183599,0.151604,0.262575,-0.195217,-0.202503,-0.200322,-0.497103,0.063494,0.311922,0.400066,-0.075839,-0.178644,0.083787,-0.071877,-0.285022
-0.086932,-0.002471,-0.079585,-0.307633,0.081376,-0.178217,0.391273,0.148777,0.107480,-0.251956,0.041618,-0.520408,-0.221859,0.195303,-0.029446,-0.243912,-0.388109,-0.129617,0.082646,-0.090981
0.303924,-0.224735,-0.103695,-0.348011,0.026419,0.139679,0.069697,-0.373040,-0.041044,-0.016325,-0.239351,-0.281778,-0.190438,0.300671,-0.141503,-0.093327,-0.365487,-0.350358,-0.048965,-0.090911
0.070468,-0.234531,-0.222950,-0.252688,-0.323076,-0.015421,-0.148195,-0.258776,-0.137478,-0.308603,-0.074128,-0.205129,-0.330401,-0.177407,0.292920,0.110112,-0.324651,0.103526,0.102622,-0.325589
0.134976,-0.339837,-0.234789,-0.012052,-0.647275,-0.125583,0.063341,-0.250547,0.121262,-0.131431,-0.137921,-0.043810,0.279829,-0.286187,-0.064583,-0.117324,-0.220559,0.121755,-0.067302,-0.102148
0.019482,-0.321644,-0.209151,0.229384,-0.165445,-0.058702,-0.169198,-0.094621,0.013904,-0.439377,0.064757,-0.202409,0.353930,-0.252794,0.151684,0.111412,-0.309928,0.216222,0.278809,-0.218777
0.072411,-0.179375,-0.061025,-0.219523,0.311077,-0.004771,0.144394,0.044222,-0.111611,-0.356455,-0.072524,-0.540363,-0.306654,0.254594,0.039559,0.150894,-0.195526,0.107108,0.168501,-0.304987
-0.188621,0.086069,-0.043290,-0.333748,0.300362,-0.252099,0.120658,0.237116,0.339923,-0.144698,0.054739,-0.392849,-0.373759,0.096028,-0.149090,-0.273620,-0.108626,-0.251197,-0.058273,-0.032831
0.118728,-0.308903,-0.063999,-0.467135,-0.396155,0.286328,-0.036057,-0.258130,-0.022296,-0.197109,-0.175909,-0.316373,0.059381,-0.172736,0.232190,-0.086195,-0.218104,0.126297,0.105736,-0.146721
0.120297,-0.127206,-0.217052,-0.468339,-0.472513,0.098009,0.064494,-0.300775,0.077655,-0.058158,-0.178625,-0.186707,0.062279,-0.487304,-0.101645,0.096456,-0.009992,-0.022328,-0.077992,-0.177641
0.510393,0.054291,0.046531,-0.211930,-0.162696,-0.233907,0.371023,0.111329,0.155415,0.095042,-0.364383,0.000938,-0.043439,0.471181,0.061701,0.170770,-0.045113,0.090356,0.099920,-0.123382
0.139208,-0.350698,-0.292738,-0.024683,-0.327364,-0.186512,0.012171,-0.307365,0.257428,-0.057624,-0.043139,-0.109062,0.226665,-0.567376,-0.003045,-0.044834,-0.218279,0.137675,0.064649,-0.072909
0.065499,-0.214003,-0.271873,-0.161990,-0.041839,-0.269630,0.056419,-0.374051,0.260361,0.007791,-0.274952,-0.219175,0.248369,-0.346675,-0.115593,-0.270409,-0.354952,0.003920,0.172512,-0.128857
0.142288,-0.185887,-0.130441,-0.484316,-0.355983,-0.017654,0.004198,-0.285064,-0.043800,-0.319394,-0.219324,-0.081084,0.243089,-0.260382,0.059350,0.101911,-0.324673,0.089233,0.130531,-0.235557
0.111339,-0.134409,-0.179279,-0.152703,-0.451097,-0.068415,-0.075126,-0.156645,0.104865,-0.050024,-0.109306,-0.022220,0.653585,-0.282319,0.159615,-0.122803,-0.077133,0.062571,0.223510,-0.206233
