-0.419198,-0.230807,-0.158300,-0.044895,-0.212091,-0.190834,0.175854,0.038530,0.128171,0.212599,-0.263330,-0.213321,-0.041728,-0.176196,-0.079608,-0.340608,-0.087331,-0.492397,-0.181163,-0.124914
-0.226172,-0.257280,0.079846,-0.006828,-0.256745,-0.015832,0.216374,0.119676,-0.312034,0.076044,-0.207163,-0.320209,-0.246376,0.078104,-0.087996,-0.341707,-0.013690,-0.512694,-0.122396,-0.176046
-0.157443,0.050792,-0.087480,-0.537231,-0.073818,-0.246726,-0.314192,-0.255452,0.253162,0.183850,-0.071557,0.031374,0.188975,-0.241335,0.109882,0.293647,-0.080303,-0.232779,0.242758,0.173917
-0.191766,-0.037105,-0.165522,-0.320018,-0.482421,-0.318193,-0.333901,0.060284,0.097571,0.138572,-0.095771,0.134178,-0.323658,0.032228,-0.279756,-0.013831,-0.180538,-0.307720,-0.111717,0.055014
-0.312811,-0.188419,0.034692,-0.125263,-0.394750,-0.132718,0.187290,-0.057168,-0.188391,0.173738,-0.275169,-0.262734,-0.241921,-0.032489,0.000092,-0.347575,-0.119341,-0.428650,-0.211349,-0.067089
-0.391491,-0.286374,-0.011009,0.038070,-0.401478,0.058781,0.147054,0.073566,-0.120353,0.157183,-0.198360,-0.302687,-0.089086,-0.161397,0.096241,-0.366551,-0.032259,-0.442750,-0.104872,-0.125083
0.100817,0.379247,0.191769,-0.217219,0.056859,0.143475,0.188172,-0.063441,-0.215554,0.489331,0.406501,0.085917,-0.074581,-0.103980,-0.070004,0.259960,-0.159471,0.163517,-0.250025,0.191643
-0.086892,-0.177297,-0.159918,-0.318913,-0.503008,-0.218353,-0.085209,0.080342,0.086902,0.194613,-0.360693,-0.095556,-0.034276,-0.095336,-0.315162,-0.069499,-0.159692,-0.102140,-0.400212,-0.155385
-0.184696,-0.182897,-0.048841,-0.103294,-0.348576,-0.185603,0.075945,0.044122,-0.122172,0.343427,-0.214814,-0.328861,-0.066369,-0.176795,0.053212,-0.172411,-0.027097,-0.424205,-0.416130,-0.215601
0.180380,0.043610,-0.391503,-0.207190,-0.312318,0.017225,-0.116226,0.153253,-0.297728,0.196157,0.368440,-0.323490,-0.178626,0.068249,-0.134547,0.125755,-0.229326,0.026012,-0.344668,-0.156415
-0.401567,-0.262674,-0.103721,-0.080884,-0.359096,0.017198,0.194846,0.048379,-0.387185,0.109600,-0.119153,-0.312547,0.063332,-0.036168,0.002654,-0.173192,-0.249048,-0.430829,-0.140028,-0.080745
-0.105508,0.199795,0.096925,-0.276683,-0.059668,0.292010,-0.286617,-0.012117,0.395768,0.015244,0.476612,-0.009002,0.233577,-0.264619,-0.162471,-0.004588,0.109288,0.257595,-0.083885,0.267277
-0.314595,-0.226572,-0.249756,-0.106760,-0.247740,-0.126733,0.047901,0.063987,0.042238,0.477179,-0.248840,-0.284798,0.002114,-0.388449,-0.136307,-0.058137,-0.147070,-0.202463,-0.178964,-0.228196
0.235941,0.087315,-0.067434,-0.297266,-0.339883,0.099676,-0.231070,0.107683,-0.119779,0.129940,0.559369,0.034457,0.218511,-0.078395,-0.277754,0.296318,0.017630,-0.184427,0.099119,0.212234
-0.027904,-0.013595,-0.213548,-0.093319,-0.357341,-0.111275,-0.382671,0.291213,-0.330021,0.159334,-0.293180,-0.151467,-0.023033,-0.128317,-0.405286,-0.122482,-0.139394,-0.012339,-0.311784,-0.131012
-0.205138,-0.243161,-0.169661,-0.040369,-0.278226,-0.140418,0.158911,0.096864,0.025858,0.455338,-0.334180,-0.285587,0.037267,-0.293999,-0.020114,-0.151549,-0.085808,-0.329714,-0.272796,-0.183544
-0.304174,-0.215964,0.088842,-0.256554,-0.205510,0.112839,0.071307,0.048179,-0.404483,-0.077800,-0.224553,-0.497636,0.148945,0.021059,0.029349,-0.335850,-0.106582,-0.279597,-0.164497,0.064413
0.153646,-0.094617,-0.073245,-0.107237,-0.219288,0.203477,0.013054,0.100154,-0.100533,0.122475,0.538513,-0.060380,0.173898,-0.323635,-0.537576,0.188972,-0.002826,-0.079759,-0.216378,0.138809
-0.342886,0.029509,-0.170888,-0.101290,-0.438172,-0.045662,-0.137432,-0.014630,-0.279856,-0.209578,-0.061668,-0.263241,-0.072047,0.257476,-0.386391,-0.004497,0.094249,0.435316,-0.102624,-0.062094
-0.075553,-0.261005,-0.083049,-0.106201,-0.266958,-0.186738,0.081526,0.060763,-0.061298,0.226465,-0.279431,-0.373766,-0.079144,-0.234538,0.026624,-0.142416,-0.086924,-0.597049,-0.176446,-0.203148
-0.092632,-0.048397,-0.083080,-0.243104,-0.505147,-0.209893,-0.050740,0.061014,-0.234532,0.123557,-0.248988,-0.130974,-0.071943,0.079120,-0.441481,-0.179994,-0.237981,-0.264885,-0.307890,-0.088281
-0.150331,0.261809,0.017326,-0.223059,-0.173262,0.230384,0.038721,-0.156570,-0.183025,0.399088,0.484569,-0.167762,0.040568,-0.407005,-0.070388,0.233447,-0.089336,0.213694,-0.084804,0.079886
-0.474607,0.100827,0.043036,-0.157046,-0.527242,0.002948,-0.132461,-0.023355,-0.118764,-0.073671,-0.149947,-0.065658,-0.308802,0.111228,-0.346061,-0.126045,0.106854,-0.240199,0.024365,0.287352
-0.163005,-0.328994,-0.161225,0.176915,-0.247253,-0.216989,0.180654,0.096470,0.022434,0.233691,-0.236518,-0.424838,-0.098977,-0.315137,0.004334,-0.230742,-0.067563,-0.233384,-0.321183,-0.204048
-0.243748,0.154737,0.045992,-0.112469,-0.307161,-0.264595,0.127424,-0.051553,0.211882,0.167508,-0.243624,0.297153,-0.403306,-0.124590,-0.323799,-0.136474,-0.172730,-0.330609,-0.235801,-0.040392
-0.000395,-0.061270,-0.524676,-0.462276,0.062416,-0.309370,-0.129011,0.350914,-0.055653,-0.070031,0.060115,-0.323724,-0.249804,0.094254,0.118513,-0.006547,-0.146982,-0.135150,0.123501,0.104711
-0.261356,-0.031492,-0.189045,-0.189958,-0.539483,-0.191023,-0.134092,-0.022254,-0.339743,0.095450,-0.210141,-0.116007,-0.038032,-0.026466,-0.388168,0.051815,0.067102,0.163491,-0.241919,-0.292330
-0.390890,0.088417,0.018767,-0.087326,-0.442141,0.104048,-0.034762,0.045923,-0.285589,0.147433,-0.007399,-0.107270,-0.380637,0.173177,-0.486622,-0.141912,-0.077124,-0.206526,-0.045341,0.156352
-0.409758,-0.007161,0.192086,-0.296659,-0.484793,0.063486,-0.051794,0.125438,-0.107559,-0.004583,-0.042291,-0.142366,-0.116440,0.319803,-0.189055,-0.280566,0.033834,-0.301789,0.264599,0.153297
-0.122143,-0.153324,-0.264332,-0.031090,-0.312337,-0.220031,0.100966,-0.068896,0.046806,0.154288,-0.229877,-0.221833,0.033484,-0.295247,-0.227456,-0.149816,-0.192589,-0.460228,-0.333352,-0.281568
-0.136539,-0.023958,-0.170074,-0.358825,-0.112791,-0.191734,-0.141971,-0.204543,-0.317862,0.529531,-0.166683,0.155875,0.074583,-0.218577,-0.135781,-0.323388,-0.295711,-0.113107,-0.002875,0.038783
-0.351999,0.136237,0.032275,-0.141451,-0.253305,-0.166151,-0.009580,-0.008458,0.307158,0.172280,-0.030145,0.303185,-0.478366,-0.070093,-0.323087,-0.011338,-0.089862,-0.374395,-0.198227,0.043546
0.042451,0.065030,-0.065966,-0.341340,-0.428172,0.092179,-0.329765,0.023330,-0.240228,0.079978,0.344647,-0.119850,0.021413,-0.045366,-0.259485,0.206730,-0.055060,-0.453093,-0.156096,0.171634
-0.395759,0.217661,0.017718,-0.119542,-0.387054,-0.298780,-0.123377,-0.094507,0.434139,-0.093725,0.004534,0.136525,-0.145057,-0.290273,-0.423980,-0.060499,-0.037237,0.080245,-0.058591,0.047556
-0.131858,0.190071,-0.156406,-0.243676,-0.197369,0.206791,-0.307059,-0.004341,-0.025126,0.334430,0.508526,-0.226437,0.020051,0.011386,-0.114271,0.331746,-0.154502,0.263172,-0.216153,-0.027911
-0.247940,-0.185192,0.000639,-0.176684,-0.285179,-0.147247,0.071286,0.002999,0.042515,0.304898,-0.167113,-0.140737,-0.119281,-0.083225,-0.069252,-0.277231,0.015496,-0.712188,-0.080534,-0.075256
-0.316754,-0.127053,0.085579,0.020128,-0.235057,-0.340113,0.193558,-0.132737,0.371796,0.218012,-0.205485,-0.090629,-0.243788,-0.080538,-0.220792,-0.272126,0.143198,-0.311012,-0.267328,-0.190170
0.238502,0.101413,-0.305517,-0.290694,-0.260881,-0.019781,-0.110579,0.061375,-0.218573,0.292342,0.463139,-0.199071,-0.102132,0.149713,-0.080715,0.139094,-0.191880,-0.107115,-0.418073,-0.037365
-0.159163,-0.217122,-0.120241,0.015854,-0.563493,-0.296158,0.090393,-0.056045,-0.103854,0.300371,-0.193668,-0.220670,0.090839,-0.139276,-0.262833,-0.077970,0.047040,-0.297153,-0.227735,-0.252734
-0.056792,0.093234,-0.199171,-0.132468,-0.477843,-0.042518,-0.133747,0.009855,-0.439765,-0.096701,-0.027374,-0.338535,0.008091,0.086663,-0.360806,-0.027216,0.033462,0.289634,-0.344282,-0.150348
-0.346077,-0.254251,-0.117295,-0.143497,-0.261001,-0.278586,-0.233176,0.295163,-0.090353,0.202654,-0.226588,0.087000,-0.200024,-0.063280,-0.411928,-0.050613,-0.138711,0.183878,-0.339578,-0.035278
-0.202365,-0.277404,-0.107080,-0.068371,-0.435073,-0.129755,0.098001,0.026603,-0.043335,0.293956,-0.206836,-0.397016,0.019378,-0.215367,0.001317,-0.253283,-0.098371,-0.287804,-0.384513,-0.097755
0.108242,-0.155185,0.291230,-0.155463,-0.321944,0.145164,-0.064746,0.121455,-0.104498,-0.125985,0.039622,0.005160,0.200934,-0.019606,-0.549479,0.252990,0.120653,-0.509390,-0.044994,-0.020399
-0.397677,0.236953,0.062682,-0.117082,-0.225242,-0.452923,-0.018927,-0.195965,0.249416,0.065002,-0.090716,0.399426,-0.210797,-0.134550,-0.070534,-0.074693,-0.155586,-0.340476,-0.161118,0.006926
-0.142682,-0.064744,-0.212331,-0.164921,-0.257717,-0.069776,-0.342826,0.113246,-0.282522,-0.152155,-0.115349,-0.120212,0.203081,-0.368933,-0.328191,-0.341237,-0.123038,0.212717,-0.114675,0.309446
-0.050946,-0.257312,-0.383169,0.015078,-0.256856,-0.137820,0.222390,0.189435,-0.120856,0.264066,-0.310871,-0.329749,-0.037971,-0.276593,-0.161241,-0.194837,-0.180843,-0.233910,-0.216815,-0.218615
-0.219347,-0.179382,-0.263526,-0.129246,-0.256067,-0.094445,-0.074095,0.268932,-0.038546,0.356850,-0.331061,-0.297087,0.020003,-0.293847,-0.117332,-0.118143,-0.198459,-0.061160,-0.397162,-0.198062
-0.199340,-0.051689,-0.077909,-0.073516,-0.658656,-0.131142,-0.080908,-0.169744,-0.134372,0.085327,-0.083270,-0.096238,-0.001890,0.067537,-0.381413,0.005750,0.122892,0.092334,-0.489695,-0.068534
-0.158878,-0.052021,-0.219034,-0.276153,-0.460902,-0.158861,-0.226311,0.171764,-0.014023,0.375563,-0.251554,0.097873,-0.151167,0.058680,-0.213122,0.001658,-0.043624,-0.030447,-0.463813,-0.160171
-0.201820,0.081030,-0.000893,-0.059911,-0.429673,-0.479417,0.215477,-0.057394,0.219577,0.051953,-0.100937,0.192726,-0.203384,-0.013543,-0.275705,-0.148177,-0.034813,-0.273404,-0.403854,-0.090040
-0.152979,-0.107531,-0.215572,-0.004861,-0.223635,-0.078053,-0.307904,0.350737,-0.255013,-0.184167,-0.145864,-0.169043,0.050171,-0.342767,-0.136213,-0.340936,-0.084702,0.319180,-0.321248,0.169602
-0.270280,-0.063204,-0.150480,-0.219616,-0.575022,-0.200058,-0.171234,0.016946,0.027906,0.341543,-0.108922,0.164643,-0.317281,-0.004487,-0.337762,0.001156,-0.125887,-0.127424,-0.203999,-0.083199
-0.152756,0.203326,-0.154008,-0.396677,-0.434339,0.014571,-0.303937,-0.048001,0.087282,0.046129,0.444184,0.041588,0.302031,0.158089,-0.358907,0.024585,-0.079041,0.048076,0.004763,0.087854
-0.024524,0.035546,-0.249600,-0.171247,-0.659347,-0.126725,-0.065629,0.010449,-0.167390,0.006724,-0.148485,-0.176858,0.085535,0.126511,-0.388486,-0.051428,0.108811,0.259856,-0.277130,-0.191966
-0.052993,-0.171382,-0.213497,-0.163644,-0.440269,-0.174908,0.261479,0.004122,-0.125965,0.311835,-0.197797,-0.169999,-0.045182,-0.133033,-0.171162,-0.124010,-0.181587,-0.210837,-0.501675,-0.167308
-0.071708,-0.142684,-0.256197,0.014862,-0.350293,-0.313261,0.102735,0.041616,-0.204593,0.193461,-0.232524,-0.277225,0.189497,-0.247698,-0.163685,-0.180808,-0.189528,-0.177141,-0.326150,-0.367273
-0.406463,-0.103983,0.053263,-0.170445,-0.353137,-0.281998,0.186146,0.010223,0.095331,0.277993,-0.247355,-0.035311,-0.193485,-0.097468,-0.254548,-0.282445,0.016964,-0.442153,-0.127699,-0.026541
-0.416419,0.117609,0.078738,-0.202812,-0.417097,-0.161281,-0.333328,0.057338,-0.128923,0.183861,-0.150354,-0.104681,-0.234161,0.153337,-0.437883,-0.082207,0.113589,-0.253994,-0.084132,0.075685
-0.121343,-0.239306,-0.161971,-0.099029,-0.245761,-0.182225,0.157471,0.051843,-0.118646,0.245476,-0.411615,-0.363359,-0.007927,-0.160652,-0.073555,-0.135550,-0.167662,-0.321288,-0.369993,-0.277848
-0.336352,0.071302,0.080097,-0.309552,-0.378827,-0.142171,-0.157035,-0.078883,-0.147568,-0.001972,-0.338772,-0.058331,-0.118761,0.098473,-0.570209,-0.100312,-0.121388,-0.237165,-0.116076,0.039143
-0.244842,-0.143926,-0.245539,-0.016004,-0.519971,-0.302264,0.141748,0.176662,-0.051818,0.357361,-0.098574,-0.200156,0.126411,-0.294050,-0.183420,-0.054666,-0.136725,-0.035961,-0.308821,-0.105608
-0.359231,-0.008325,-0.355363,-0.041713,-0.089101,-0.118158,-0.307916,0.110734,0.162533,0.264929,-0.392095,-0.256618,0.261665,-0.272342,-0.130165,-0.022623,-0.079127,0.325850,0.050818,-0.150250
-0.337904,-0.125657,-0.305319,-0.188898,-0.435883,-0.267303,-0.266710,0.186483,0.111861,0.153850,-0.195466,0.129199,-0.130377,-0.062870,-0.401423,-0.003657,-0.152651,0.059012,-0.236828,-0.133097
-0.195640,-0.118813,-0.008839,-0.012974,-0.280470,-0.311343,0.104273,-0.023533,-0.007450,0.431673,-0.207859,-0.101464,-0.171239,-0.139675,-0.095819,-0.280088,-0.140511,-0.527405,-0.258041,-0.139614
0.000049,-0.059619,-0.019643,-0.444093,-0.428423,0.144099,-0.059080,0.105103,-0.167043,0.104173,0.360368,-0.205934,0.149757,-0.126296,-0.414969,0.222466,0.005460,-0.326431,-0.042410,-0.022578
-0.347722,0.229678,0.092675,-0.131161,-0.246895,-0.290033,0.154693,-0.176250,0.314192,0.086298,-0.030421,0.345023,-0.280314,-0.129902,-0.302683,-0.021789,-0.167770,-0.179176,-0.336570,-0.115210
-0.496963,-0.049543,-0.335719,-0.009403,-0.232380,-0.107236,-0.115246,0.080997,0.209608,0.302177,-0.293153,-0.302041,0.179983,-0.317395,-0.141078,-0.054335,-0.017406,0.113701,-0.180992,-0.195050
-0.269186,-0.346966,0.049853,0.120378,-0.283684,-0.229373,0.076569,0.073024,-0.140775,0.059177,-0.329452,-0.290733,-0.055614,-0.188531,0.108956,-0.291768,-0.077718,-0.415565,-0.233197,-0.246491
-0.048489,-0.091812,-0.261656,-0.220974,-0.438162,-0.347304,-0.131066,0.101689,-0.067280,0.103682,-0.210269,0.207046,-0.223515,0.056928,-0.488560,-0.035801,-0.215403,-0.110369,-0.278707,-0.003820
-0.122319,-0.127785,-0.210711,-0.022093,-0.523513,-0.122557,0.083123,0.209221,-0.002575,0.209269,-0.254532,-0.147871,-0.085038,-0.260783,-0.274162,-0.104619,-0.206915,-0.231734,-0.373231,-0.237562
-0.021598,-0.094264,-0.225982,-0.304580,-0.556246,-0.289320,-0.184600,-0.052525,-0.126671,0.262158,-0.091580,0.105228,-0.124492,0.169927,-0.381139,0.032535,-0.019390,-0.016037,-0.325652,-0.123476
0.103910,0.035514,-0.392537,-0.066384,-0.369389,0.096632,-0.175453,0.027632,-0.201791,0.380970,0.518845,-0.212690,-0.073420,-0.023231,-0.116067,0.154735,-0.253702,-0.101381,-0.179638,-0.039545
-0.469396,-0.305094,0.251202,-0.117006,-0.289116,-0.259744,0.061371,0.078441,0.031107,0.545425,-0.190497,0.062556,-0.076669,-0.012860,0.069702,-0.164883,-0.002963,-0.184607,-0.127607,-0.147307
-0.196474,-0.045832,-0.258579,-0.100136,-0.291152,-0.118057,-0.232726,0.209655,-0.299141,-0.051808,-0.223894,-0.067526,0.034544,-0.256814,-0.321720,-0.419036,-0.190891,0.269270,-0.268226,0.107671
-0.254343,-0.239282,-0.122009,-0.019396,-0.099226,-0.115064,0.104858,0.192242,-0.076569,0.265643,-0.208595,-0.337403,-0.060186,-0.386649,-0.008754,-0.285920,-0.162087,-0.376975,-0.365207,-0.145834
-0.146207,-0.189916,-0.289918,-0.014352,-0.170240,-0.180092,0.126097,0.186925,-0.088728,0.245891,-0.380484,-0.216662,0.039675,-0.362521,-0.052026,-0.236212,-0.169032,-0.230281,-0.423275,-0.183668
-0.058237,-0.253558,0.086728,-0.081908,-0.512400,-0.157757,0.023141,-0.009369,-0.129347,0.187037,-0.349580,-0.254775,-0.030315,-0.011350,-0.318998,-0.073387,0.092890,0.032476,-0.421514,-0.309259
-0.360611,0.329241,-0.017611,-0.228190,-0.428383,-0.096071,-0.131942,-0.099738,-0.018975,0.078486,-0.039540,-0.073423,-0.288390,0.182703,-0.316343,-0.222057,-0.095246,-0.415650,-0.117873,0.118092
0.350375,-0.172774,-0.086829,-0.226065,-0.328149,0.150920,-0.028690,0.082638,-0.196703,0.129376,0.330382,0.004356,0.118989,-0.432228,-0.351859,0.321006,0.029032,-0.140200,-0.157287,-0.113853
-0.170206,-0.192558,-0.223712,-0.060901,-0.355885,-0.152520,0.079089,0.298368,-0.010190,0.178996,-0.382416,-0.310113,0.050945,-0.261448,-0.067995,-0.138353,-0.228875,-0.247717,-0.318613,-0.224651
-0.301530,-0.216925,0.093018,-0.001303,-0.531727,-0.103309,0.202523,0.033178,-0.242467,0.066453,-0.187944,-0.389471,0.114291,-0.107120,-0.072084,-0.256388,0.095827,-0.208024,-0.243166,-0.246119
-0.290375,-0.121857,0.001791,-0.068575,-0.310752,-0.261082,0.195615,-0.041445,0.084047,0.357455,-0.312602,-0.193012,-0.166019,-0.142600,0.038639,-0.264111,-0.011849,-0.507303,-0.170546,-0.125999
-0.158749,-0.176119,-0.347142,-0.000645,-0.237206,-0.103672,-0.352686,0.124021,-0.279787,-0.084120,-0.025719,-0.098409,0.174911,-0.194280,-0.358405,-0.316809,-0.062509,0.355098,-0.155564,0.263483
-0.381998,0.000085,0.083401,-0.247874,-0.501699,-0.121511,-0.169094,-0.052817,-0.115040,0.041236,-0.147023,-0.079688,-0.369558,0.218399,-0.422446,-0.060149,0.002044,-0.253379,-0.038742,0.113464
-0.124775,-0.174634,-0.230104,-0.427748,0.125473,-0.304964,-0.236018,0.149416,-0.086105,-0.277189,-0.105643,-0.352752,-0.286432,-0.077934,-0.053298,-0.073284,-0.097761,-0.169089,0.086797,0.411570
-0.422098,-0.215034,0.026137,0.013767,-0.208064,0.125129,-0.158106,0.029917,-0.184079,-0.077898,-0.228635,-0.281059,-0.106309,-0.162468,-0.046896,-0.325149,0.000256,-0.598547,-0.086359,-0.085579
-0.425097,-0.127764,0.104741,-0.147214,-0.299782,-0.312488,0.148885,0.006314,0.066736,0.344525,-0.196132,-0.069933,-0.205202,0.059821,-0.146290,-0.227663,-0.023377,-0.512970,-0.106655,0.010693
-0.250315,0.276934,-0.098175,-0.178213,-0.185489,-0.148651,-0.474055,-0.064750,0.157216,0.220488,-0.068645,-0.279595,0.397644,-0.251634,-0.076968,0.130758,-0.126972,0.335316,0.046709,0.049068
-0.147730,0.001446,-0.153364,-0.302638,-0.489093,-0.203447,-0.217660,0.144191,-0.297446,-0.059591,-0.039194,0.010514,0.224692,0.020066,-0.495634,0.014962,0.095797,0.224609,-0.166082,-0.191432
-0.280942,-0.003186,0.035714,0.119260,-0.423124,-0.017144,-0.500738,0.138857,-0.171678,-0.336385,-0.040644,-0.085736,-0.121770,-0.077287,-0.309365,-0.224050,-0.172284,0.304747,-0.075915,0.097791
-0.268518,-0.286603,0.226556,-0.351389,-0.256598,-0.122848,-0.072445,-0.026200,0.057262,0.212346,-0.165599,-0.159199,-0.036812,-0.059712,-0.331661,-0.398426,0.000302,-0.187596,0.392962,-0.140267
-0.157588,0.139392,-0.071338,-0.399290,-0.348956,-0.099574,-0.145511,0.038951,-0.182856,0.053551,-0.118127,-0.151863,-0.363879,0.247333,-0.349529,-0.292482,-0.035377,-0.378887,0.007094,0.131769
-0.448941,-0.097238,-0.014841,-0.317359,-0.282764,-0.308252,0.077280,-0.037539,-0.022044,0.082634,-0.311715,-0.107094,-0.191447,-0.130142,-0.336868,-0.223961,-0.174515,-0.286694,-0.242761,-0.030730
-0.268457,-0.147090,0.121599,-0.261818,-0.391842,-0.127633,0.016476,0.083160,-0.260445,0.069741,-0.151146,-0.111588,-0.228083,0.300178,-0.403951,-0.264463,0.047393,-0.390337,0.051349,0.073890
-0.130405,-0.059876,-0.469247,-0.131433,-0.182917,-0.059395,-0.231766,0.186408,-0.325413,-0.123490,-0.110658,-0.185775,0.101292,-0.142840,-0.269783,-0.275564,-0.177300,0.446819,-0.157974,0.114766
0.110298,-0.291854,0.187154,-0.416890,-0.128983,0.155626,-0.044559,0.088832,-0.127060,-0.052258,-0.085642,0.101766,0.021017,-0.059636,-0.440836,0.430216,0.054750,-0.466705,0.003484,-0.047840
-0.152603,-0.297984,0.073997,-0.014905,-0.425129,-0.145485,0.157679,0.004656,-0.258147,0.122039,-0.260539,-0.314451,-0.100247,-0.035291,0.005732,-0.190941,0.001910,-0.458830,-0.334786,-0.191691
-0.164929,0.315795,0.634936,-0.311524,0.246233,0.118167,0.180202,0.150872,0.046223,0.290208,0.243734,0.108190,0.192963,-0.094289,-0.055248,0.010937,-0.075247,0.014077,0.083414,-0.153193
-0.386055,0.112419,0.099387,-0.101587,-0.342400,-0.342551,0.108328,-0.007209,0.359567,0.273492,-0.091041,0.308051,-0.264300,-0.149610,-0.187568,-0.039382,0.022309,-0.295913,-0.194828,0.097464
-0.275735,-0.204552,-0.140638,0.048287,-0.210700,-0.246616,0.262478,0.040374,-0.013399,0.189620,-0.278246,-0.413430,-0.038541,-0.262896,0.099295,-0.155939,-0.105166,-0.387889,-0.249863,-0.266598
-0.296300,-0.152498,0.003119,-0.248150,-0.163094,-0.214803,0.017667,0.018456,0.103414,0.494243,-0.088665,0.016673,-0.085321,-0.195759,-0.074510,-0.161049,-0.079121,-0.617989,-0.159884,-0.006087
-0.008845,-0.120533,-0.094599,-0.235366,-0.490803,-0.279404,-0.349391,0.103260,-0.073911,0.296352,-0.158148,0.315391,-0.156609,0.128100,-0.210554,-0.012073,-0.178171,-0.202487,-0.297130,-0.071692
-0.412052,0.141859,0.152732,-0.030096,-0.337523,-0.306049,-0.096307,-0.089955,0.394131,0.066452,-0.063564,0.376766,-0.281252,-0.185210,-0.273549,0.023696,-0.121665,-0.184627,-0.131396,-0.014272
-0.215299,0.092319,-0.263447,-0.034672,-0.397495,0.121096,-0.230364,0.079443,-0.105221,0.106017,-0.113566,-0.426974,0.143351,0.127522,-0.439331,-0.092438,0.348573,-0.003896,-0.140621,-0.212829
-0.063536,-0.068300,-0.154671,-0.251130,-0.529704,-0.210240,-0.042269,-0.091724,-0.136563,0.190933,-0.074160,-0.012919,0.021056,0.142851,-0.457366,0.119112,0.052393,0.216268,-0.435413,-0.158831
-0.159246,-0.040997,-0.114299,-0.329133,-0.544069,-0.355259,-0.197439,-0.046413,0.046600,0.169917,-0.114831,0.095341,-0.228193,0.045265,-0.191585,-0.009865,-0.195321,-0.137588,-0.430273,-0.041861
-0.125507,-0.247180,-0.233893,0.011544,-0.198299,-0.236692,0.076419,0.061316,-0.066668,0.284968,-0.278794,-0.283617,-0.081601,-0.343676,-0.188212,0.013139,-0.094943,-0.350410,-0.329788,-0.344413
-0.176454,-0.267704,-0.114656,0.059835,-0.352034,-0.131278,0.273870,0.113690,-0.197527,0.235694,-0.187457,-0.469779,0.032140,-0.101057,-0.076125,-0.143931,-0.198491,-0.434598,-0.123614,-0.140243
-0.236887,0.171302,0.105576,-0.141266,-0.273351,-0.303557,0.265997,-0.060056,0.375236,0.072261,-0.156397,0.259295,-0.261010,-0.029531,-0.399135,-0.015209,-0.089462,-0.125914,-0.363609,-0.141016
-0.316412,0.000845,0.048636,-0.296784,-0.318671,-0.257769,0.093071,-0.040669,0.115619,0.468806,-0.201850,0.061487,-0.267330,-0.003430,-0.034127,-0.244716,-0.066059,-0.396321,-0.213202,-0.118473
-0.325434,-0.185324,-0.141521,0.130918,-0.208955,-0.350655,0.089939,0.102567,-0.000557,0.265182,-0.299819,-0.191430,0.144181,-0.326058,-0.247927,-0.158071,-0.055882,-0.268488,-0.285079,-0.265436
-0.206940,-0.284890,0.064451,-0.141030,-0.158905,-0.267124,-0.187140,-0.051916,-0.085964,0.333427,-0.255573,0.002423,-0.290144,0.063949,-0.064380,-0.215162,-0.176265,-0.468816,-0.346017,-0.156406
-0.434509,0.052051,-0.013671,-0.156240,-0.445341,-0.135055,-0.135764,-0.102588,-0.020602,0.066235,-0.094742,0.006272,-0.338894,0.197074,-0.383240,-0.271208,0.017831,-0.356043,0.030428,0.149731
-0.127889,-0.039968,-0.382135,-0.398783,0.153560,-0.232622,-0.167135,0.039393,-0.140389,-0.450018,-0.174245,-0.408608,-0.228544,0.043366,-0.000079,-0.119327,-0.153615,-0.154270,0.081796,0.166810
-0.177883,0.017276,0.072006,-0.524004,-0.180761,0.197816,-0.151214,-0.100442,0.114018,0.379031,-0.026520,0.154601,-0.017564,-0.299401,-0.137245,-0.251580,-0.128077,-0.225070,-0.049325,0.400866
-0.029089,0.113759,-0.187761,-0.451607,-0.093818,-0.035323,-0.231392,0.025178,-0.046932,-0.100921,0.016465,-0.250373,0.054010,-0.233600,-0.386432,0.229303,-0.020637,-0.502373,-0.246175,-0.186108
-0.049960,0.071472,-0.268451,0.037378,-0.430559,-0.081839,-0.545779,0.277564,-0.238223,0.171230,-0.142375,-0.224763,0.019758,-0.141361,-0.320015,0.002571,0.038948,0.113162,-0.218910,-0.100222
-0.151221,0.033609,0.011952,-0.206525,-0.495678,-0.176628,0.031166,-0.187284,-0.195097,0.218956,-0.156024,0.013221,-0.144583,0.301036,-0.414285,-0.195405,-0.073502,-0.170685,-0.391936,-0.015851
-0.441642,0.073193,-0.007106,-0.183836,-0.403278,0.008328,-0.255069,0.098335,-0.075266,0.035157,-0.061046,-0.163101,-0.376484,0.331790,-0.349288,-0.065279,0.114115,-0.278169,0.094297,0.117074
0.046781,-0.133306,-0.334234,-0.202556,-0.263758,-0.335367,0.132345,0.040324,0.254395,-0.232419,0.224650,0.041173,0.453275,-0.261404,0.185731,0.258260,0.025440,0.106981,0.260802,-0.011285
-0.336384,-0.117430,-0.049854,-0.422751,-0.048697,-0.069041,-0.150568,-0.114045,-0.051576,0.237143,-0.265937,0.137789,0.086498,-0.278090,-0.226182,-0.424551,-0.368995,-0.138178,-0.138690,0.098637
-0.168162,0.024355,-0.223541,-0.322718,-0.476926,-0.221376,-0.295975,0.149621,0.070318,0.249977,-0.121214,0.160797,-0.392786,-0.026974,-0.281666,0.055778,-0.102728,-0.043807,-0.229716,-0.140994
-0.104876,0.045037,-0.215673,-0.288253,-0.487688,-0.330456,-0.143264,0.033747,0.028442,0.276083,-0.338509,-0.013392,-0.099875,0.053499,-0.391554,-0.025568,-0.105456,-0.019374,-0.337872,-0.066373
0.122487,0.412077,0.457089,-0.272534,0.067653,0.346215,-0.002539,-0.070992,-0.077513,0.254250,0.216002,0.240950,0.277136,-0.257975,-0.167354,-0.001903,0.041119,-0.015270,-0.102520,0.208162
-0.323369,-0.043910,0.186746,-0.186052,-0.413613,-0.115848,-0.031455,-0.078732,-0.342176,0.019327,-0.151850,-0.399079,0.233230,0.188858,-0.284186,-0.113177,0.026425,-0.235157,-0.304736,-0.007412
-0.261798,-0.232926,0.199012,-0.203456,-0.342606,0.039607,0.169884,0.020122,-0.239391,0.001726,-0.253300,-0.249244,0.277923,0.115846,0.009534,-0.210640,-0.073493,-0.295179,-0.484912,-0.040087
-0.113413,0.043054,-0.256847,-0.191681,-0.517016,-0.251571,-0.425238,0.118316,0.051601,0.128392,-0.108660,0.117386,-0.145877,-0.000072,-0.413090,-0.046896,-0.202578,-0.160959,-0.211326,0.081798
-0.015957,0.027740,-0.031405,-0.028310,-0.456108,0.100912,-0.013436,0.041653,-0.312186,0.065996,0.106045,-0.279655,0.128831,0.152414,-0.438099,-0.074142,0.546841,0.026842,-0.220562,-0.011289
