-0.283706,-0.156599,-0.318422,-0.125452,0.339077,-0.175752,0.135277,-0.143080,0.205752,0.299516,-0.378499,-0.281101,-0.195593,-0.062811,-0.209828,-0.230742,-0.184420,-0.157178,-0.183257,-0.084435
-0.396103,-0.305004,-0.094053,-0.090149,0.228952,0.121782,0.396932,-0.294588,0.057787,0.194485,-0.237518,-0.203214,-0.292603,0.068091,-0.103022,-0.311612,-0.134680,-0.100747,-0.235057,0.033638
-0.187649,0.013631,-0.071656,-0.471478,-0.339867,-0.030840,-0.034664,-0.376060,-0.230119,0.047274,0.033791,0.355439,-0.245322,-0.268440,-0.227691,0.061308,-0.137859,0.195937,-0.181929,0.130707
-0.076358,-0.174114,-0.186995,-0.078227,-0.501157,-0.234336,-0.077918,-0.064871,-0.311200,0.229512,-0.083463,0.118088,-0.265150,0.049429,-0.221566,0.000597,-0.357230,-0.427496,0.053013,-0.031103
-0.433659,-0.119095,-0.070552,-0.151632,0.083159,0.157859,0.164367,-0.307939,-0.073870,0.177791,-0.256854,-0.150939,-0.246042,0.000362,0.000676,-0.384943,-0.092041,-0.412722,-0.273902,-0.166537
-0.408664,-0.251325,-0.102507,-0.003419,0.300829,0.169019,0.151347,-0.232184,-0.111373,0.253510,-0.139770,-0.224878,-0.205795,-0.061426,0.065495,-0.383126,0.137654,-0.344947,-0.262610,-0.112033
0.003194,0.284289,0.313343,-0.144706,-0.010479,-0.006989,0.310452,0.081291,-0.265657,0.337541,0.373329,0.480619,-0.197040,0.041627,-0.079663,0.090669,0.052489,0.273302,-0.096426,-0.012231
-0.188479,-0.142563,-0.252875,-0.117549,-0.073967,-0.411051,0.158238,-0.036908,0.035021,0.204608,-0.371844,-0.225510,-0.282601,0.020801,-0.171687,-0.130938,-0.132266,-0.494159,-0.160339,-0.137933
-0.252803,-0.213047,-0.047582,-0.147834,0.151660,-0.074713,0.129717,-0.253195,-0.048344,0.359109,-0.253389,-0.396846,-0.301640,-0.060511,0.018840,-0.165364,-0.020821,-0.262546,-0.386754,-0.250571
-0.266464,0.026883,-0.276404,0.055954,-0.221097,0.022376,0.098190,0.069542,-0.338832,0.425520,0.294270,0.165883,-0.464511,-0.231211,-0.272569,0.144498,0.011405,-0.075322,-0.055937,-0.039503
-0.463065,-0.173126,-0.143010,-0.177226,0.210568,-0.009763,0.231049,-0.193918,-0.219841,0.135106,-0.238344,-0.042781,-0.194075,-0.052498,-0.019814,-0.275752,-0.183137,-0.307115,-0.418589,-0.152204
0.193313,-0.093040,-0.185757,-0.309051,-0.048595,0.452299,0.161948,-0.180277,0.018956,0.106442,0.381950,0.458306,0.089665,-0.171806,-0.228937,-0.022653,-0.175365,0.085973,-0.244701,0.046557
-0.466585,-0.062106,-0.336124,-0.048094,0.282959,-0.194376,0.132410,-0.020522,0.104011,0.189964,-0.279188,-0.380975,-0.260470,-0.338541,-0.179377,0.017231,-0.053469,-0.031808,-0.144336,-0.133134
0.025860,0.108650,-0.313827,0.027107,-0.178108,0.401993,0.139310,-0.235842,0.089538,0.244620,0.435870,0.305653,-0.177876,-0.201965,-0.358667,0.137064,-0.089803,-0.137979,0.041822,0.141356
0.041128,-0.236423,-0.260645,-0.101545,0.127398,-0.256284,0.085278,0.058749,-0.175812,0.163293,-0.246609,-0.198454,-0.311082,0.159898,-0.240043,-0.227303,-0.327633,-0.516616,-0.049893,-0.073510
-0.172027,-0.044150,-0.239182,-0.052971,0.359822,-0.292554,0.344576,-0.070553,0.155135,0.197308,-0.261048,-0.381415,-0.224974,-0.161299,-0.109919,-0.143529,-0.046153,-0.217662,-0.235326,-0.280810
-0.217857,-0.331145,-0.258505,-0.314219,0.094786,0.350520,0.112732,-0.257055,-0.221361,0.052222,-0.132667,-0.064102,-0.155600,-0.023520,0.037622,-0.455015,0.006556,-0.255063,-0.232955,-0.201656
0.028665,-0.040029,-0.243127,0.147086,-0.370536,0.247599,0.064545,-0.112564,-0.088164,0.239884,0.377026,0.123484,-0.209428,-0.204504,-0.483393,0.075774,0.004486,-0.326266,0.216444,0.016370
-0.126912,-0.296615,-0.457673,-0.125081,-0.180734,-0.008748,0.388309,-0.021074,0.023315,0.001538,0.050270,-0.147014,-0.589818,-0.153391,-0.268072,-0.057824,0.018422,-0.106105,-0.012299,0.061474
-0.267054,-0.259455,-0.089789,-0.137782,0.230026,-0.191419,0.174099,-0.084747,0.059206,0.241603,-0.256358,-0.539385,-0.127085,0.062045,0.002863,-0.261501,-0.003203,-0.327399,-0.177482,-0.248294
-0.071609,-0.220246,-0.077398,-0.211888,-0.245408,-0.084224,0.287870,-0.292794,-0.179686,0.145478,-0.301087,-0.029146,-0.275883,0.013277,-0.385185,-0.116327,-0.328807,-0.326130,-0.164983,-0.186348
-0.150339,0.238165,-0.033668,-0.091081,-0.140512,0.177743,0.078543,-0.118752,-0.097883,0.435729,0.399682,0.305167,-0.472178,-0.114992,-0.240655,0.157776,0.011546,0.110926,0.214390,-0.099707
-0.183555,-0.100678,-0.044573,-0.221815,-0.481508,0.116665,0.135755,-0.264356,-0.082408,0.079893,-0.256041,0.028896,-0.422130,-0.202456,-0.401641,-0.195174,-0.206090,-0.040684,-0.170058,-0.001658
-0.245836,-0.296732,-0.186395,-0.022329,0.240599,-0.187573,0.319675,-0.090348,0.087146,0.149540,-0.105885,-0.363437,-0.556984,-0.108230,-0.077735,-0.191940,-0.037748,-0.059820,-0.260283,-0.044870
-0.221392,0.196223,-0.028359,-0.033521,-0.127166,-0.332331,0.207975,-0.255839,0.222793,0.341931,-0.372235,-0.266515,-0.186590,-0.254894,0.025637,-0.314365,-0.274619,-0.151180,0.039103,0.004361
-0.014559,-0.316472,-0.584799,-0.272115,0.007636,0.181088,0.160814,-0.123106,-0.090953,0.024171,0.296712,-0.070686,-0.227185,0.044424,-0.006690,-0.143085,-0.206969,-0.363283,-0.147699,0.192637
-0.352106,-0.058420,-0.376160,-0.083777,-0.483400,-0.145512,0.116731,-0.077667,-0.002829,0.105953,-0.124309,-0.096173,-0.475612,-0.083043,-0.274882,0.119143,0.065886,-0.262246,-0.089356,-0.098454
-0.088320,-0.072349,-0.182638,-0.202112,-0.045012,0.288676,0.159423,-0.301590,-0.152139,0.036862,-0.274867,0.040773,-0.484650,-0.071073,-0.463127,-0.206849,-0.259018,-0.145729,0.153458,-0.014880
-0.451605,-0.083768,-0.074259,-0.153391,-0.146130,0.310748,0.141518,-0.350319,-0.314837,0.158751,-0.112838,0.068753,-0.359346,0.030821,-0.387640,-0.185165,-0.107920,-0.085699,0.091889,-0.124397
-0.252398,-0.091516,-0.388922,-0.083993,0.194520,-0.351958,0.185865,-0.120268,0.030005,0.107677,-0.264411,-0.336643,-0.289701,-0.109601,-0.238541,-0.195935,-0.204900,-0.092055,-0.179587,-0.298671
-0.058265,0.209891,-0.075479,-0.095393,-0.051541,-0.384366,0.269808,-0.225817,0.024862,0.106384,0.113522,0.253312,-0.300868,0.049363,-0.268445,-0.194182,-0.358296,-0.251419,0.281007,-0.318278
-0.082438,0.168274,-0.128952,0.033178,-0.159502,-0.205685,0.139948,-0.444835,0.227490,0.405244,-0.145011,-0.235123,-0.116050,-0.166220,-0.038503,-0.280964,-0.275684,-0.370003,0.086998,0.166340
-0.161537,-0.077377,-0.241801,-0.079120,-0.205900,0.403413,0.032811,-0.221640,-0.138823,0.160524,0.218723,0.140274,-0.424171,-0.333417,-0.400463,-0.023533,-0.099993,-0.156768,0.188642,0.114557
-0.119882,0.089322,-0.200914,0.042847,-0.318221,-0.151157,0.053539,-0.330875,0.228360,0.274374,-0.087650,-0.209138,-0.308199,-0.321957,-0.172640,-0.329066,-0.261999,-0.192304,0.203776,0.190415
0.121720,-0.191930,-0.270158,-0.113964,-0.107560,0.013795,-0.060594,0.066599,-0.146145,0.284658,0.303896,-0.072064,-0.424656,-0.027552,-0.440403,0.293525,-0.352948,0.062689,0.153684,0.171023
-0.286429,-0.188972,-0.186539,-0.089885,0.148512,-0.023674,0.234538,-0.379872,0.243943,0.401277,-0.272153,-0.186571,-0.281672,-0.073214,-0.237469,-0.254036,-0.189388,-0.191619,-0.032759,-0.093562
-0.342593,-0.131847,-0.099291,-0.062374,-0.000352,-0.294718,0.082669,-0.214209,0.207279,0.411895,-0.285948,-0.374234,-0.320039,-0.124336,-0.039964,-0.333248,-0.169290,-0.054422,-0.120940,-0.026365
-0.327985,0.265762,-0.033526,-0.103320,-0.192598,0.140530,-0.008859,-0.110828,-0.318482,0.473751,0.280026,0.218582,-0.354721,-0.184170,-0.312609,0.036830,-0.104023,-0.100807,-0.093420,0.013905
-0.210734,-0.184792,-0.343610,0.016683,0.020102,-0.319579,0.293261,-0.139838,0.019541,0.245270,-0.147245,-0.210756,-0.501526,-0.093100,-0.083099,-0.112656,-0.048328,-0.377564,-0.081717,-0.192372
0.083735,-0.095364,-0.486612,-0.091824,-0.336303,-0.165692,0.100268,-0.003479,-0.024017,0.025329,0.045464,-0.109985,-0.586777,0.043541,-0.400112,-0.161216,-0.067898,-0.113044,-0.020351,-0.150277
-0.205196,-0.421823,-0.159990,-0.180935,-0.271296,-0.338023,0.264041,-0.157968,-0.121607,0.288744,-0.258488,-0.067788,-0.108566,-0.120033,-0.276224,0.093905,-0.207523,-0.285325,0.094886,-0.157253
-0.381786,-0.170042,-0.041086,-0.112855,0.136604,-0.253711,0.174240,-0.187703,0.001265,0.207778,-0.193781,-0.300007,-0.380883,0.006605,0.004630,-0.303369,0.080563,-0.272708,-0.394394,-0.134066
0.103624,-0.381871,-0.226691,0.297951,-0.250295,0.284115,-0.061128,-0.119387,-0.163992,0.188315,0.094856,0.207361,-0.123262,-0.193112,-0.224782,-0.045024,-0.102202,-0.503300,0.233527,-0.065043
-0.145473,0.159225,-0.044910,-0.010273,-0.214297,-0.428583,0.119919,-0.372874,0.132433,0.325450,-0.090964,-0.258983,-0.155445,-0.283802,-0.037866,-0.371452,-0.296125,-0.025749,0.120509,0.150152
-0.032532,-0.186558,-0.307169,-0.270497,-0.190223,0.022128,0.381047,0.029125,-0.309051,-0.194795,-0.120921,-0.166636,-0.289364,-0.115409,-0.372696,-0.219302,-0.208610,-0.036880,0.156971,0.290664
-0.073447,-0.305579,-0.167498,-0.011922,0.336567,-0.245033,0.427873,-0.110188,-0.037219,0.154429,-0.173651,-0.317454,-0.385573,-0.008593,-0.150273,-0.295406,-0.118966,-0.211838,-0.080527,-0.155656
-0.191937,-0.122955,-0.339171,-0.068583,0.349438,-0.124510,0.069165,-0.033428,0.006827,0.177275,-0.340055,-0.321276,-0.450817,-0.272278,-0.252703,-0.112814,-0.109193,-0.138630,-0.220540,-0.026935
-0.264982,-0.170457,-0.292165,-0.117115,-0.188772,-0.259629,0.143168,-0.154448,-0.033516,0.136097,0.069021,-0.067757,-0.654359,-0.037560,-0.282635,0.052856,0.166734,-0.243756,-0.150947,-0.054623
-0.126312,-0.148888,-0.128527,0.000676,-0.308067,-0.267251,0.029134,-0.017747,-0.096921,0.209466,-0.098183,0.043099,-0.166739,0.137567,-0.242944,0.025332,-0.195577,-0.734627,0.005451,-0.169565
-0.277271,0.089063,-0.094761,0.037102,-0.230471,-0.365961,0.126956,-0.373754,0.077851,0.396629,-0.249366,-0.241575,-0.116802,-0.240605,-0.055523,-0.361674,-0.244096,-0.099325,-0.054116,0.016107
0.049387,-0.262383,-0.316673,-0.055089,-0.231949,-0.036486,0.394747,0.102804,-0.167762,-0.128561,-0.196430,-0.302282,-0.350334,-0.101404,-0.268738,-0.122089,-0.215249,0.026268,0.327352,0.234348
-0.215521,-0.073787,-0.057575,-0.010129,-0.421157,-0.332900,0.147929,-0.071970,-0.138025,0.277290,-0.131077,-0.018682,-0.133851,0.082648,-0.144651,-0.024382,-0.394159,-0.515482,0.073828,-0.207751
0.051212,-0.062420,-0.322354,-0.327526,-0.114220,0.177511,0.140670,-0.335594,-0.096969,0.135107,0.068205,0.182698,-0.520241,0.075776,-0.313798,0.046540,-0.370697,0.018326,0.122621,0.099121
-0.093646,-0.198731,-0.282957,-0.078073,-0.499800,-0.279545,0.192082,-0.013846,-0.091644,0.088952,-0.061601,-0.094177,-0.489109,0.124224,-0.233326,-0.124672,0.037782,-0.360268,-0.033498,-0.120758
-0.209343,-0.130052,-0.185732,-0.154264,0.186648,-0.216397,0.318466,-0.134636,-0.096518,0.421838,-0.252172,-0.187418,-0.342008,-0.022747,-0.156373,-0.105636,-0.189405,-0.348339,-0.221746,-0.185181
-0.099605,-0.274623,-0.244080,0.002249,0.195034,-0.374557,0.386962,-0.049872,-0.048732,0.141088,-0.193393,-0.360269,-0.170894,-0.087765,-0.196602,-0.235381,-0.328906,-0.058509,-0.144721,-0.267465
-0.222313,-0.053632,-0.251062,-0.165546,-0.046800,-0.223403,0.196579,-0.140076,0.167794,0.365073,-0.376763,-0.290770,-0.331942,-0.070991,-0.082708,-0.380435,-0.253057,-0.130228,0.098194,-0.039138
-0.288584,-0.065452,-0.243467,-0.211028,-0.242196,0.153392,0.050066,-0.311057,-0.152108,0.307712,-0.304345,0.141825,-0.346659,-0.170183,-0.386026,0.101363,-0.061984,-0.258546,-0.130709,0.020351
-0.233776,-0.152865,-0.169652,-0.093068,0.200876,-0.270730,0.221146,-0.053937,-0.006247,0.196290,-0.279802,-0.444671,-0.334410,-0.044865,-0.084104,-0.162574,-0.019645,-0.210332,-0.249245,-0.387802
-0.314111,-0.057493,0.021500,-0.218100,-0.291192,0.051040,0.137591,-0.192073,-0.171848,0.028411,-0.418362,0.087749,-0.106929,-0.038810,-0.497373,-0.069026,-0.392798,-0.244350,-0.107874,-0.054712
-0.249793,-0.217770,-0.224057,-0.017662,0.156026,-0.370408,0.504593,-0.060001,-0.038528,0.279133,-0.228964,-0.309197,0.019205,-0.108641,-0.211917,-0.151639,-0.238434,-0.207881,-0.086059,-0.070232
-0.308153,-0.086395,-0.290311,0.015080,0.095330,0.148700,-0.183770,0.052899,-0.002914,0.064717,-0.264654,-0.119914,-0.599181,-0.328167,-0.347746,0.034253,-0.138917,0.089184,0.155196,0.128582
-0.192205,-0.204347,-0.501732,0.101754,-0.045555,-0.260998,0.008371,0.113644,-0.112251,0.220901,-0.094048,-0.158154,-0.321089,-0.071839,-0.368194,-0.001029,-0.349585,-0.315017,0.096257,-0.078978
-0.199517,-0.039842,-0.140606,-0.012809,0.241132,-0.203356,0.170815,-0.249301,0.153778,0.370861,-0.373125,-0.304498,-0.275855,-0.110069,-0.147668,-0.291286,-0.242183,-0.259223,-0.113168,-0.145591
0.019243,-0.079759,-0.192026,0.280322,-0.100849,0.314684,-0.105813,-0.085463,-0.116348,0.526950,0.218479,0.025022,-0.103117,-0.192463,-0.252637,-0.006351,0.001931,-0.435258,0.307593,-0.122216
-0.230636,0.296550,0.012222,-0.002009,-0.265724,-0.292947,0.137553,-0.323574,0.142836,0.424098,-0.094053,-0.294671,-0.164080,-0.365929,-0.035895,-0.231437,-0.231328,-0.072155,0.041989,0.081031
-0.357163,-0.023248,-0.333886,0.077618,0.181638,-0.038914,-0.036550,-0.045338,0.004633,0.058828,-0.293342,-0.226404,-0.417786,-0.443005,-0.382773,0.095027,-0.025150,0.033638,-0.145102,0.162906
-0.395460,-0.318800,-0.290890,-0.067325,0.102244,-0.153305,0.011754,-0.105825,-0.093120,0.121385,-0.136829,-0.161888,-0.302866,-0.261412,-0.040511,-0.249003,-0.140305,-0.329589,-0.362586,-0.236026
0.048400,-0.191531,-0.190508,-0.078491,-0.420120,-0.404325,0.244520,-0.054532,-0.221380,0.090356,-0.244672,0.082359,-0.124660,0.154032,-0.167704,-0.097202,-0.352569,-0.399675,0.065256,-0.163749
-0.105894,-0.166152,-0.319378,0.020838,0.128983,-0.225026,0.248842,-0.069414,0.087273,0.227037,-0.270266,-0.289575,-0.256451,-0.182674,-0.260964,-0.172737,-0.085616,-0.445128,-0.130174,-0.298628
-0.089053,-0.152429,-0.246213,-0.053029,-0.512129,-0.395515,0.084463,-0.055632,-0.166654,0.269303,-0.038095,-0.078518,-0.300098,0.138344,-0.219641,-0.028489,-0.125622,-0.382526,-0.010491,-0.219277
-0.140199,0.085269,-0.236150,0.075829,-0.274988,0.080541,0.003467,-0.084071,-0.220590,0.489965,0.315642,0.226152,-0.392572,-0.109436,-0.441425,0.017093,-0.050527,-0.098508,0.079794,-0.054853
-0.182694,-0.227267,-0.059706,-0.077095,0.034219,-0.061425,0.081907,-0.247670,0.160263,0.672096,-0.288244,-0.365897,-0.112746,-0.020092,-0.120391,-0.234105,-0.185531,-0.022720,0.144007,0.004269
-0.128904,-0.192705,-0.270535,-0.101451,-0.111253,-0.139500,0.322060,0.066403,-0.178494,-0.039854,-0.379932,-0.225199,-0.185771,-0.147134,-0.377598,-0.397830,-0.207131,-0.127256,0.262082,0.097441
-0.252937,-0.226460,-0.115069,-0.106939,0.505509,-0.040928,0.103609,-0.072280,0.054728,0.271344,-0.189159,-0.374267,-0.294240,-0.156775,-0.175835,-0.225405,-0.091567,-0.173018,-0.285543,-0.147217
-0.230429,-0.227839,-0.183320,-0.045897,0.343090,-0.212797,0.294157,-0.066994,-0.019451,0.082772,-0.363204,-0.270701,-0.264208,-0.280900,-0.254241,-0.154689,-0.078483,-0.099761,-0.350913,-0.127722
-0.219417,-0.203912,-0.191749,-0.037795,-0.238140,-0.299710,0.274169,-0.092237,0.036710,0.265453,-0.363703,-0.221705,-0.274846,0.165077,-0.109193,-0.155911,0.102412,-0.297334,-0.243364,-0.302452
-0.217250,0.139738,-0.047056,-0.144213,-0.281790,0.112071,0.045692,-0.369022,-0.220061,-0.042078,-0.127364,0.105342,-0.474167,-0.094796,-0.401442,-0.112996,-0.201940,-0.388843,-0.017509,0.049876
0.115586,-0.183060,-0.383661,0.092027,-0.223279,0.273725,-0.027817,-0.057799,-0.181924,0.297402,0.262619,0.258660,-0.095114,-0.367591,-0.359383,0.078645,0.044177,-0.259322,0.238167,-0.075617
-0.242548,-0.161633,-0.257080,-0.065327,0.311339,-0.295345,0.246585,-0.004688,0.049753,0.149182,-0.403743,-0.323692,-0.151599,-0.133465,-0.138216,-0.228063,-0.102887,-0.314333,-0.219190,-0.194523
-0.310222,-0.234543,-0.184681,-0.057595,0.243130,0.146305,0.434721,-0.172210,-0.010754,0.166264,-0.202791,-0.202424,-0.089799,-0.134906,0.025504,-0.310501,0.036647,-0.377105,-0.269538,-0.250572
-0.419883,-0.102988,-0.076257,-0.049891,0.065178,-0.150437,0.130069,-0.253926,0.146906,0.351015,-0.226761,-0.357631,-0.263655,-0.044552,0.058608,-0.310899,-0.078579,-0.331289,-0.230540,-0.178132
-0.034913,-0.357709,-0.319620,-0.183589,-0.330031,-0.151087,0.252499,0.069630,-0.301816,-0.100046,-0.065256,-0.138417,-0.181138,-0.050582,-0.289059,-0.214623,-0.191279,-0.000315,0.316185,0.329459
-0.243352,-0.062819,0.038364,-0.196386,-0.225903,0.214703,0.104146,-0.218676,-0.135845,0.054567,-0.328486,0.129122,-0.141366,-0.041054,-0.631364,-0.115946,-0.328597,-0.128023,-0.191077,-0.019526
-0.088255,-0.114867,-0.536326,-0.376385,0.065617,0.167677,0.182258,-0.112471,-0.076097,-0.340388,-0.007918,0.013122,-0.188224,0.026426,-0.132015,-0.300124,-0.156652,-0.330619,-0.080651,0.256017
-0.217434,-0.235265,-0.299470,-0.178901,-0.182610,0.101789,0.073227,-0.283855,-0.299619,-0.038020,-0.009682,-0.183969,-0.405267,-0.161109,0.123484,-0.363561,-0.088713,-0.324759,-0.210876,-0.159550
-0.448627,-0.145449,-0.086724,-0.128580,0.048630,-0.166134,0.297689,-0.354922,0.026742,0.320529,-0.373270,-0.081186,-0.267078,0.066763,-0.120260,-0.293926,-0.172467,-0.229268,-0.023298,0.010061
-0.160296,-0.132037,-0.117422,-0.142404,0.039719,0.118289,-0.195435,-0.086031,-0.103747,0.140517,-0.114349,0.228948,-0.506138,-0.275757,-0.404667,0.061013,-0.406684,0.183680,0.242047,0.090691
-0.088881,-0.167406,-0.340142,-0.076832,-0.428558,-0.322830,0.140702,0.000080,0.315961,0.057501,0.012583,-0.066730,-0.357219,0.055618,-0.434177,0.013446,0.018805,-0.293857,0.130947,0.061697
0.088082,-0.388579,-0.280362,-0.190551,-0.100245,0.105692,0.108616,0.004268,-0.205831,-0.190572,-0.054073,0.188156,-0.205750,-0.143853,-0.397918,-0.222044,-0.276908,0.339635,0.278797,0.189374
-0.341746,-0.247779,-0.290507,-0.138410,0.127136,0.128669,0.076445,-0.274478,0.124223,0.129703,-0.261580,-0.101599,-0.302685,-0.184996,-0.387998,-0.137079,-0.323457,-0.005783,0.249117,0.177399
-0.307646,-0.027877,-0.116196,-0.222403,-0.158273,0.137369,0.213603,-0.239905,-0.275581,0.079526,-0.202112,0.052079,-0.441450,-0.027332,-0.281688,-0.211224,-0.248764,-0.418837,-0.108377,0.006115
-0.172327,-0.206995,-0.169181,-0.272736,-0.135719,-0.284105,0.129599,-0.202481,0.040333,0.056121,-0.277569,0.003078,-0.328850,-0.168842,-0.435682,-0.295618,-0.247699,-0.102827,-0.291232,-0.122829
-0.301553,-0.249548,-0.111056,-0.338953,0.051271,0.120989,0.395819,-0.215449,-0.158239,0.163651,-0.179228,0.094255,-0.334486,-0.086114,-0.409528,-0.204488,-0.206125,-0.153036,-0.096017,0.049298
-0.153814,-0.341833,-0.279009,-0.177977,-0.192212,-0.041154,0.384312,0.084568,-0.291998,-0.117682,-0.168446,-0.284568,-0.309930,-0.086176,-0.389897,-0.113782,-0.172641,-0.031479,0.144606,0.166921
0.078632,-0.294162,-0.439895,0.383455,-0.151708,0.274529,-0.047315,-0.215872,-0.251432,0.240095,0.068970,0.240533,-0.219423,-0.297841,-0.126324,0.024314,0.004192,-0.210996,0.194961,0.009593
-0.243898,-0.304538,-0.014811,-0.192834,0.112145,-0.033969,0.321482,-0.235668,-0.139475,0.109605,-0.244691,-0.210211,-0.278584,0.059393,0.130154,-0.278776,0.104681,-0.285484,-0.363901,-0.318656
0.052218,0.356561,-0.017055,-0.311867,0.011726,0.183964,0.371892,-0.023044,-0.177266,0.270709,0.276783,0.377970,0.247445,0.014851,0.233047,-0.257482,0.015609,-0.034702,-0.274748,-0.128851
-0.156585,0.060622,-0.230792,-0.016990,-0.170666,-0.156601,0.170662,-0.253109,0.348242,0.430256,-0.091673,-0.368253,-0.265793,-0.202257,-0.042175,-0.316935,-0.130276,-0.118942,0.198734,0.191339
-0.333777,-0.187592,-0.076353,-0.045987,0.232963,-0.065134,0.291253,-0.182256,0.048608,0.222007,-0.279421,-0.443909,-0.245184,-0.121602,-0.006962,-0.238781,-0.015107,-0.208714,-0.350459,-0.208658
-0.210847,-0.175444,-0.210910,-0.067835,0.197961,-0.056949,0.195360,-0.301879,0.052768,0.526447,-0.134228,-0.398572,-0.176979,-0.181390,-0.060528,-0.300204,-0.244056,-0.163425,-0.040203,-0.035274
-0.088698,-0.158450,-0.139960,-0.074234,-0.247156,-0.274757,0.002475,0.025768,-0.266825,0.370653,-0.166197,0.017426,-0.171213,0.236723,-0.186957,-0.055318,-0.286199,-0.576523,0.034953,-0.171171
-0.064643,0.064959,-0.061056,-0.042323,-0.175380,-0.213638,0.107871,-0.389139,0.247762,0.366776,-0.170151,-0.219045,-0.213527,-0.310438,-0.073681,-0.330621,-0.333733,-0.198947,0.207461,0.151898
-0.155632,-0.069089,-0.474944,-0.082386,-0.162887,0.106599,0.131815,-0.114394,0.033674,0.257276,0.167613,-0.215714,-0.602593,-0.040370,-0.244247,-0.155977,0.166684,-0.211316,-0.019211,-0.082452
-0.113984,-0.110111,-0.303010,-0.155168,-0.412914,-0.357804,0.402763,0.003046,0.032429,0.051087,0.089618,-0.175848,-0.245872,0.013134,-0.405236,0.048995,0.061554,-0.320668,0.033381,-0.143714
-0.100334,-0.052155,-0.131766,-0.016638,-0.361965,-0.366381,-0.014168,-0.037075,-0.176054,0.111089,-0.175509,0.104382,-0.127711,0.046916,-0.246393,-0.063038,-0.355870,-0.628143,0.060490,-0.098236
-0.210150,-0.274626,-0.322034,0.007709,0.214559,-0.301700,0.193666,-0.089039,0.155475,0.298010,-0.191710,-0.415856,-0.239727,-0.150492,-0.097685,0.001181,-0.138784,-0.157514,-0.167474,-0.331221
-0.283358,-0.234228,-0.248086,-0.084969,0.361647,-0.096845,0.227531,-0.254535,-0.246897,0.275546,-0.203571,-0.114857,-0.252244,-0.059806,-0.186006,-0.194668,-0.116858,-0.366685,-0.220764,-0.106244
-0.204524,0.086116,-0.134609,0.025128,-0.156039,-0.299274,0.166027,-0.110389,0.323255,0.463213,-0.250937,-0.411022,-0.095806,-0.157382,-0.060825,-0.293035,-0.270512,0.022731,0.159246,0.069293
-0.328561,0.051714,-0.002209,-0.064081,-0.013929,-0.234089,0.130918,-0.233043,0.194440,0.507885,-0.276953,-0.369602,-0.125824,-0.063359,-0.035847,-0.350985,-0.234208,-0.185099,-0.066669,-0.108985
-0.310049,-0.121100,-0.292324,0.029137,0.321383,-0.286907,0.254653,-0.008023,0.059961,0.213594,-0.275274,-0.343474,-0.212722,-0.162716,-0.200603,-0.235876,-0.143714,-0.135147,-0.145229,-0.286010
-0.046563,-0.294843,-0.139990,-0.076591,-0.050678,-0.143997,-0.080938,-0.248523,0.080257,0.347412,-0.296033,-0.286922,-0.201069,-0.048919,-0.205912,-0.412771,-0.341691,-0.209790,-0.247985,-0.137328
-0.288156,-0.037300,-0.156577,-0.139378,-0.235381,0.078323,0.114869,-0.345801,-0.319819,0.067116,-0.295482,0.124585,-0.539988,-0.048230,-0.316851,-0.010388,-0.131464,-0.235900,0.015920,-0.009970
-0.106675,-0.080903,-0.479086,-0.386058,-0.093712,-0.004164,0.273996,0.006739,-0.003806,-0.112258,-0.025212,-0.166942,-0.290240,0.061036,-0.169446,-0.158914,-0.229095,-0.396447,-0.134904,0.329678
-0.036522,0.228627,0.124962,-0.324469,-0.081475,-0.094588,0.217288,-0.217019,-0.013832,0.440201,0.129040,0.228289,-0.273047,0.009175,-0.372246,-0.143184,-0.189977,-0.364482,-0.009862,-0.223885
-0.011707,-0.070832,-0.211624,-0.215424,-0.013938,-0.092051,-0.142697,-0.001666,-0.377544,-0.108814,-0.137338,0.305475,-0.280782,-0.163781,-0.558189,0.040291,-0.219856,-0.225934,0.281304,-0.103389
0.075910,-0.304774,-0.403973,0.019164,-0.110104,-0.258210,-0.050980,0.205503,-0.160384,0.208986,0.247197,-0.236765,-0.389826,0.159863,-0.221590,-0.075932,-0.257395,-0.333213,0.106829,0.080727
-0.191253,-0.048981,-0.090348,-0.117048,-0.305957,-0.178980,0.238246,-0.254059,-0.198264,0.252941,-0.314621,0.085077,-0.364219,0.146938,-0.334685,-0.123534,-0.218749,-0.312655,-0.165604,-0.167772
-0.317513,-0.103626,-0.265303,-0.189969,-0.172713,0.156928,0.161040,-0.197496,-0.198982,0.103222,-0.222930,0.026270,-0.621501,-0.102515,-0.331960,0.024999,-0.106988,-0.145278,0.123284,0.081212
0.051431,-0.385296,-0.497810,-0.054249,-0.008773,-0.076877,0.347289,-0.109962,-0.002843,0.022750,0.167471,0.195551,-0.286836,-0.160434,-0.382152,0.006294,-0.177357,-0.133136,0.231105,0.189630
0.013552,0.144382,0.074647,-0.184937,-0.209412,-0.348194,0.210192,-0.323137,0.101143,0.094088,0.080308,0.163822,-0.283078,-0.008031,-0.303086,-0.363873,-0.379086,-0.301710,0.029667,-0.181820
-0.118183,-0.233889,-0.137901,0.063670,-0.349251,-0.340317,-0.001841,0.105692,-0.265059,0.263859,-0.107495,0.044730,-0.169800,0.174402,-0.216219,0.035260,-0.395304,-0.444694,0.189775,-0.092650
-0.129502,-0.248767,-0.177069,-0.097792,-0.307513,-0.424910,0.179906,0.035600,-0.205438,0.152593,-0.113820,-0.044847,-0.359301,0.094080,-0.185861,-0.061888,-0.376617,-0.401733,-0.091164,-0.057990
0.305390,0.253327,-0.015986,-0.269943,-0.069718,0.121609,0.481901,-0.100000,-0.088570,0.381851,0.149924,0.492116,0.004497,0.035138,-0.053975,-0.028574,-0.095675,0.037837,-0.249710,-0.106415
-0.323994,-0.110527,0.089620,-0.285252,-0.103886,0.180379,0.288003,-0.320455,-0.256508,0.160208,-0.223892,0.039686,-0.080273,-0.148817,-0.097027,-0.166610,-0.034411,-0.464974,-0.267508,-0.258013
-0.321476,-0.180207,-0.246249,-0.285648,0.032555,0.163787,0.222932,-0.283949,-0.110091,0.125777,-0.211558,-0.112622,-0.142191,0.019297,0.054776,-0.348203,0.030638,-0.410596,-0.317767,-0.251022
0.019536,-0.142078,-0.182592,-0.035788,-0.415600,-0.316011,-0.061075,0.002672,-0.154450,0.210851,-0.064395,0.017384,-0.230771,0.151944,-0.300927,-0.078783,-0.430124,-0.465531,0.140835,-0.032555
0.051098,-0.345433,-0.358323,-0.248352,-0.175703,0.147224,0.193131,-0.182029,-0.196423,0.103183,0.176864,-0.009479,-0.532691,0.152423,-0.098345,-0.233836,0.179337,-0.248449,-0.120376,-0.068470
