-0.065114,0.056464,-0.369844,-0.211069,0.234516,-0.323345,-0.388144,-0.180531,-0.077218,-0.067021,0.003583,-0.088377,0.034188,-0.418680,-0.035810,-0.053374,-0.202893,0.394447,0.268514,-0.026746
-0.019421,-0.027359,-0.281020,-0.310722,-0.097243,-0.457627,-0.196892,-0.127561,-0.159891,-0.180320,0.103674,0.129900,0.087351,-0.458642,0.095314,-0.099736,-0.066172,0.339127,0.277013,-0.174922
0.446890,0.243008,-0.063853,-0.159561,0.045404,-0.254437,-0.172987,-0.001130,0.002504,-0.339733,0.080319,-0.320857,-0.371649,0.088869,-0.151173,-0.135278,-0.073177,0.377104,-0.136786,-0.191579
0.345263,-0.123460,-0.288311,-0.282797,-0.295626,0.055264,-0.145794,-0.230388,-0.433812,-0.305828,-0.115733,-0.021462,-0.056387,-0.365539,0.108249,-0.208064,-0.170790,-0.060501,-0.046525,-0.123658
0.025288,-0.067606,-0.547040,-0.230991,0.022503,-0.394639,-0.072235,-0.121192,-0.145092,-0.228023,-0.051661,0.027299,0.110306,-0.476560,0.022751,-0.065634,-0.200763,0.294370,0.051539,-0.125892
0.189490,0.009420,-0.444981,-0.249165,-0.169469,-0.324101,-0.243592,-0.065180,-0.280370,-0.267161,0.112634,0.026718,0.101385,-0.441030,0.061322,-0.113926,-0.156558,0.255702,0.162391,-0.073437
0.416196,0.306214,0.037168,-0.157157,-0.018793,-0.306289,-0.029416,-0.039681,0.292262,0.209453,0.095548,-0.207159,0.138178,-0.030812,-0.297551,-0.107934,0.202465,0.264074,0.270732,-0.353192
0.254751,-0.282067,-0.260600,0.071371,-0.040209,-0.009146,-0.094686,-0.308417,-0.173030,-0.184483,-0.225326,-0.073550,0.163028,-0.512211,0.128445,-0.232393,-0.413722,-0.019643,-0.148770,0.058864
0.285746,0.008969,-0.244389,-0.210560,0.237709,0.000109,-0.290610,-0.249257,-0.474589,-0.181356,0.050360,-0.022978,-0.014568,-0.440405,0.010375,-0.172475,-0.266304,0.038175,-0.149420,0.176648
0.245178,-0.071580,-0.125244,-0.228573,-0.044277,-0.448369,-0.111091,0.153849,0.115286,-0.286832,0.101625,-0.468354,-0.300308,-0.197527,-0.115097,-0.143212,0.020555,-0.090584,0.175345,-0.316619
0.086150,-0.069247,-0.399562,-0.328488,0.244488,-0.234624,0.023167,-0.220508,-0.248845,-0.220529,-0.077522,0.071334,0.365767,-0.376402,0.080514,-0.133363,-0.166564,0.186239,0.238878,-0.123967
0.117389,0.210062,-0.130653,0.168301,-0.219197,-0.220989,-0.131381,-0.192459,-0.249961,-0.339679,0.265664,0.041145,0.285404,-0.226656,-0.070748,-0.148850,-0.250396,0.234479,0.243106,-0.398260
0.228762,-0.123930,-0.190956,-0.166129,0.364931,-0.006145,-0.360104,-0.226634,-0.375407,-0.181284,0.017482,-0.244748,-0.061144,-0.355753,0.094065,-0.174088,-0.356841,0.045795,0.128735,0.067346
0.513779,0.048654,-0.149271,-0.170644,0.004089,-0.078095,-0.008974,0.322499,-0.160665,-0.330200,0.136601,-0.401597,-0.356644,0.002558,-0.014625,-0.036880,-0.101580,0.283869,0.034699,-0.190779
0.154345,-0.155251,-0.221529,-0.320233,-0.495365,-0.084428,-0.249123,-0.113459,-0.272838,-0.321092,-0.008205,0.014104,-0.289538,-0.293724,0.088431,-0.108739,-0.276670,0.098255,-0.074294,0.117149
0.084697,-0.079184,-0.059386,-0.185053,0.412262,-0.174114,-0.237088,-0.366665,-0.430356,-0.056534,-0.062182,-0.007608,0.104140,-0.413582,0.139150,-0.285259,-0.166445,0.130196,-0.085279,0.175985
0.059684,-0.069655,-0.445961,-0.384906,0.210063,-0.244986,-0.079315,-0.130376,-0.185540,-0.076101,-0.059401,0.097660,0.261457,-0.503818,0.136262,-0.177121,-0.171665,0.105819,0.192414,-0.118386
0.213282,0.123755,-0.050309,-0.170652,-0.057420,-0.170553,0.137452,0.100269,0.020169,-0.197520,0.280655,-0.563516,-0.260423,0.204363,-0.391926,0.001994,-0.144050,-0.108162,0.126861,-0.314220
0.160407,-0.127669,-0.467584,-0.424833,-0.097637,-0.164693,-0.213238,0.227761,-0.259358,-0.305193,0.001137,-0.090542,0.276541,-0.261940,0.100584,-0.128745,-0.151868,0.223475,0.106925,-0.004862
0.089813,-0.143698,-0.208772,-0.101602,0.255593,-0.123192,-0.366436,-0.180059,-0.385887,0.330985,-0.157834,0.016909,0.003955,-0.472449,0.052674,-0.012545,-0.368927,0.025493,-0.149709,0.034534
0.116906,-0.223016,-0.365992,-0.537555,-0.271742,-0.223084,-0.130275,-0.277200,0.143486,-0.252769,0.018810,0.002401,0.037044,-0.267332,0.045521,-0.052787,-0.174589,0.206824,-0.206825,-0.133000
0.217054,0.121286,-0.094811,-0.336049,0.036914,-0.349698,0.146808,0.153349,0.135818,0.013452,0.042194,-0.535115,0.221229,0.016510,-0.181914,-0.110968,0.108834,0.219377,0.271034,-0.335754
-0.027601,-0.093207,-0.494707,-0.476694,-0.181979,-0.163604,0.048291,-0.029876,0.159575,-0.287052,0.069943,0.044851,0.067821,-0.289329,0.089713,-0.077134,-0.172250,0.409707,0.066795,-0.190799
0.095422,0.151846,-0.209595,-0.167165,0.239510,-0.237705,-0.406890,-0.093016,-0.502666,-0.130608,0.020258,0.141293,0.060639,-0.409671,0.197709,-0.224631,-0.137994,0.161313,0.015008,-0.106920
-0.305109,0.030116,-0.311207,-0.207657,-0.507056,-0.239043,-0.174564,-0.168993,0.137608,-0.105834,0.119778,-0.045850,-0.120765,-0.155551,-0.323183,0.235778,-0.109787,-0.271270,0.161905,-0.188394
0.116745,-0.045564,0.179413,0.018241,-0.071846,-0.157281,-0.268568,0.432505,-0.467011,-0.358351,0.112819,-0.264891,0.190843,-0.108102,0.170928,-0.089192,-0.016285,0.366232,-0.104609,0.051580
0.241899,-0.196745,-0.222929,-0.399686,0.154465,-0.143817,-0.075561,-0.262813,-0.359415,-0.314943,0.013600,-0.180234,-0.002853,-0.296367,0.111580,-0.251188,-0.159057,0.075373,-0.161950,0.303931
-0.005111,-0.114132,-0.245338,-0.396409,-0.426319,-0.081151,-0.412898,0.173030,-0.028086,-0.306649,0.307837,0.171474,-0.009585,-0.244048,0.091557,-0.052339,-0.162128,0.223787,0.090712,-0.080634
0.128267,-0.144342,-0.363291,-0.119449,-0.245049,-0.307610,-0.160644,-0.005797,-0.076842,-0.304736,0.099570,-0.093846,0.228120,-0.411229,0.095262,-0.110706,-0.199850,0.313635,0.336028,-0.157359
0.061661,-0.131493,-0.097878,-0.137129,0.356946,-0.246804,-0.369753,-0.283097,-0.464306,-0.033265,-0.045640,0.043767,0.304306,-0.284579,-0.024730,-0.092910,-0.341278,0.132079,-0.086858,0.019051
-0.106564,0.219191,0.197648,0.016837,-0.275257,-0.160784,0.117703,0.527225,0.303878,-0.415093,-0.159665,-0.135764,-0.109527,-0.008938,0.007191,-0.075465,-0.384259,-0.033344,0.001281,0.180703
-0.086748,0.194519,-0.298448,-0.158974,-0.476499,-0.243532,-0.209972,-0.125836,-0.148385,-0.157002,0.404330,-0.236969,-0.104114,-0.205748,-0.208123,0.108768,-0.044561,-0.198663,0.222953,-0.168014
0.317848,-0.067278,-0.342647,-0.059933,-0.190585,-0.192264,0.033876,0.104170,-0.023535,-0.321018,0.158882,-0.338787,-0.483137,-0.117668,0.023824,-0.031943,-0.029694,0.132970,0.160943,-0.388861
0.041625,-0.015800,-0.461858,-0.176904,-0.420002,-0.160733,-0.357976,0.077071,-0.259562,-0.253809,0.136318,-0.082848,-0.062900,-0.184660,-0.199466,0.021806,-0.198878,-0.007852,0.339746,-0.162755
0.349459,-0.273968,-0.108659,0.056351,0.006185,-0.065479,-0.195471,-0.039810,-0.177391,-0.341309,0.035008,-0.384331,0.348722,0.030286,-0.064652,-0.078659,-0.074351,0.402787,0.271565,-0.269108
0.021316,0.024840,-0.471606,-0.186562,-0.084117,-0.254505,-0.310543,-0.044174,-0.084890,-0.141804,0.022739,0.022105,0.042719,-0.474685,-0.127761,0.023474,-0.230323,0.258364,0.421728,0.038402
-0.043758,0.127177,-0.546423,-0.379865,-0.283678,-0.159399,-0.261170,-0.030154,-0.226853,-0.137558,0.160394,0.050071,-0.149621,-0.308113,-0.077098,-0.078550,-0.121253,-0.079896,0.322533,-0.104262
0.339872,-0.143860,-0.204802,-0.124678,0.069180,-0.399019,0.096446,0.171524,0.142283,-0.279301,0.182924,-0.468587,-0.253487,-0.086841,-0.066607,-0.191690,0.103382,0.167081,0.063804,-0.310864
0.169082,-0.043844,-0.322697,-0.332708,0.239881,-0.137429,-0.089525,-0.333010,-0.246553,-0.054481,-0.240140,0.051800,0.053506,-0.451386,0.252760,-0.281714,-0.259439,0.031381,-0.123962,0.041127
0.140505,-0.271509,-0.351979,-0.562896,-0.159483,-0.052222,-0.185340,0.064482,-0.281288,-0.246660,0.156927,0.051492,0.041433,-0.295185,0.080256,-0.192240,-0.199137,0.192714,-0.092134,0.119819
0.365494,0.019583,-0.266325,-0.522352,-0.075628,-0.021240,-0.327175,-0.167699,0.042060,-0.207581,0.039016,-0.079363,-0.064900,-0.408436,0.274208,-0.183574,-0.049315,-0.177211,0.047253,-0.110650
0.173993,-0.146866,-0.195972,0.041506,0.161902,-0.082492,-0.136522,-0.179163,-0.263274,-0.056927,-0.010213,-0.064095,0.196603,-0.585142,0.207128,-0.331383,-0.452424,0.063488,-0.070857,-0.002951
0.169723,0.164548,-0.155961,-0.158561,-0.303251,0.027455,0.351691,-0.227095,-0.153126,-0.175933,0.309007,-0.122099,-0.184116,-0.115540,-0.236434,0.029216,-0.175074,-0.440289,0.059463,-0.360335
-0.038925,0.093189,-0.278858,-0.025949,-0.598842,-0.138607,-0.247050,-0.064256,-0.051809,-0.018886,0.179118,-0.090777,-0.108792,-0.126853,-0.239778,0.163379,-0.176571,-0.335454,0.350126,-0.215884
0.103795,-0.231248,-0.119785,-0.031489,-0.079226,-0.078019,-0.314213,0.052343,-0.316047,-0.303664,-0.046211,-0.004778,-0.147325,-0.539337,-0.019139,-0.084972,-0.048917,0.471373,0.066129,-0.251372
0.172847,-0.061427,-0.175648,-0.200935,0.023600,-0.182445,-0.264742,-0.002451,-0.461730,-0.097568,-0.074708,0.136254,0.030504,-0.549662,0.217976,-0.255032,-0.269996,0.151705,-0.174851,0.047183
0.264054,-0.106407,-0.279422,-0.202456,0.271361,-0.065981,-0.358514,-0.119178,-0.270894,-0.347671,-0.026436,-0.171549,0.012808,-0.490734,0.047040,-0.099614,-0.251908,0.080505,0.017017,0.177277
0.258126,-0.029591,-0.319434,-0.375621,0.029113,-0.149034,0.020090,-0.322977,-0.230420,-0.329665,-0.000491,0.025709,0.259111,-0.311080,0.217354,-0.369632,-0.183051,0.085667,-0.083230,-0.060030
0.128144,-0.164657,-0.294091,-0.444616,-0.179239,0.074509,-0.188817,-0.210677,-0.169791,-0.447609,0.063575,0.009975,-0.131607,-0.255384,0.215675,-0.155806,-0.377945,-0.084133,-0.038407,0.128557
-0.113299,0.091451,-0.427222,-0.361663,-0.526455,-0.063780,-0.179378,-0.210892,0.103669,-0.001418,0.110847,-0.064514,-0.227172,-0.125795,-0.256210,0.089108,-0.159320,-0.187709,0.199466,-0.197455
0.148542,-0.251918,-0.135064,-0.068310,-0.057910,-0.027202,-0.611050,0.185069,-0.079273,-0.192436,0.041425,-0.011786,-0.044010,-0.455251,0.068015,-0.229757,-0.260426,0.067162,0.182633,-0.249752
0.199997,-0.210501,-0.298189,-0.277720,-0.255387,0.075090,-0.121012,-0.151795,-0.241848,-0.117662,-0.026410,-0.170896,-0.246684,-0.347972,0.171334,-0.279926,-0.476365,-0.101314,0.070210,-0.084212
0.397725,-0.140532,-0.209468,0.033828,-0.215533,-0.126496,-0.152611,-0.088183,-0.224154,-0.326013,-0.001850,-0.240080,0.495972,-0.073078,-0.073656,-0.121214,-0.138919,0.303619,0.206982,-0.208759
0.061754,-0.271319,-0.176545,-0.644034,-0.124344,-0.061575,-0.069120,-0.018896,-0.186800,-0.206037,0.075844,-0.007125,-0.024198,-0.428660,0.187357,-0.163641,-0.301834,0.036800,-0.126479,0.120073
0.198826,-0.127531,-0.117505,-0.287599,0.020511,-0.200649,0.018574,-0.450889,-0.327464,-0.227484,0.013679,-0.055013,0.153275,-0.441408,0.268370,-0.176048,-0.206320,0.140225,-0.220051,0.095698
-0.133430,-0.125204,-0.007174,-0.245211,-0.127972,-0.129317,-0.397317,-0.144586,-0.451733,0.143306,-0.172413,0.143580,-0.176717,-0.464210,0.189635,-0.158426,-0.058163,0.149699,-0.240219,-0.168096
-0.058710,0.019973,-0.427084,-0.250289,-0.244084,-0.249850,-0.332245,0.114119,0.137183,-0.041949,-0.000490,-0.007816,-0.062018,-0.385923,-0.222554,0.071887,-0.202757,0.050410,0.481652,-0.043985
0.317101,0.071803,-0.278624,-0.337858,-0.032629,-0.139800,-0.237073,-0.224556,-0.208370,-0.339543,0.032863,-0.067204,0.085358,-0.362696,0.183881,-0.178374,0.108445,0.417777,-0.133648,-0.048445
0.035153,-0.181729,-0.280378,-0.020563,0.362140,-0.188872,-0.203163,-0.152519,-0.358639,0.043089,-0.123129,-0.040888,0.135404,-0.496803,0.063406,-0.121457,-0.312620,-0.046245,-0.324346,0.138020
-0.086783,-0.165493,-0.249645,-0.295418,-0.121395,-0.114438,0.015724,-0.002122,0.255833,-0.446968,0.162563,-0.095502,0.125301,-0.369750,0.214310,0.006202,-0.263562,0.428702,-0.059083,-0.177483
0.317887,-0.030450,0.004866,-0.378249,0.150050,0.331855,-0.355688,-0.162023,-0.335403,-0.194953,0.055726,-0.033466,0.007206,-0.325485,0.129702,-0.337872,-0.257720,0.032163,-0.013692,0.100875
0.100903,-0.134021,-0.307932,-0.268891,0.399949,-0.013694,-0.440008,-0.125481,-0.266300,-0.371850,0.036848,-0.285468,-0.308429,-0.150562,0.018400,0.009761,-0.138785,0.013761,0.073532,0.010328
0.198934,-0.208279,-0.343317,-0.312241,-0.228307,0.142194,-0.272430,-0.154386,-0.429800,-0.380538,-0.054149,-0.179082,-0.039031,-0.287653,0.070228,-0.130079,-0.136601,0.109120,-0.022533,0.171910
-0.062963,0.074120,-0.468306,-0.156220,-0.066515,-0.247867,-0.384168,-0.055838,0.044031,-0.112264,-0.066729,-0.002209,-0.161185,-0.549343,-0.212536,0.154762,-0.237437,-0.008682,0.236306,0.045687
0.259156,0.082894,-0.115428,-0.164751,-0.051056,-0.214472,0.114943,0.047215,0.018343,-0.271465,0.251177,-0.461608,-0.162601,-0.045861,-0.072684,0.033202,-0.164412,-0.277209,0.205899,-0.538566
-0.213578,0.124502,-0.379832,-0.155175,-0.530180,-0.170304,-0.064146,-0.075126,-0.044688,-0.072171,0.251736,-0.147844,-0.134181,-0.067634,-0.232725,0.098912,-0.098756,-0.290496,0.182783,-0.379699
0.065600,0.018693,-0.339965,-0.188912,0.277182,-0.054570,-0.451889,-0.147633,-0.410988,-0.439755,0.096435,-0.109729,-0.182669,-0.186939,0.091737,-0.153449,-0.184742,0.028625,0.130603,-0.048563
0.214213,0.079352,-0.371499,-0.392115,0.162674,-0.086503,-0.238176,-0.237909,-0.183533,-0.127226,-0.040192,0.192570,0.105966,-0.583843,-0.076630,-0.146574,-0.024731,0.150657,-0.131910,0.006308
0.141998,-0.264345,-0.333506,-0.466652,-0.407085,-0.032085,-0.202617,-0.253796,-0.050669,-0.179477,-0.125402,0.110148,0.056408,-0.242443,0.078009,-0.134565,-0.359707,-0.118205,-0.039830,-0.122536
0.258537,-0.145895,-0.381645,-0.394979,-0.027709,-0.143000,-0.293217,-0.213751,-0.271199,-0.143951,0.005686,0.100565,0.120650,-0.431548,0.112369,-0.239495,-0.269294,-0.059239,0.074534,0.023544
0.242096,-0.277010,-0.204803,-0.286668,-0.355861,-0.125507,0.011637,-0.367965,-0.329773,-0.021292,-0.126266,0.008730,0.259895,-0.363321,0.129036,-0.220675,-0.137951,0.031869,-0.159386,-0.164441
0.190234,-0.112398,-0.095745,-0.170047,-0.064935,-0.390989,-0.021544,0.151981,0.102495,-0.341112,0.163902,-0.639636,-0.261803,-0.059714,-0.097987,-0.113158,-0.018469,0.038613,0.090366,-0.255092
-0.059803,0.157934,-0.191292,-0.279242,-0.270705,-0.119659,-0.278210,-0.129238,-0.056641,-0.336016,0.210930,-0.086981,0.039284,-0.360035,-0.242244,0.060607,-0.199542,0.069362,0.518320,0.015140
0.065444,-0.299253,-0.098994,-0.182017,-0.261553,-0.160344,-0.456082,0.122084,0.131711,-0.423868,-0.015955,-0.083097,-0.115196,-0.461276,0.022866,-0.074361,-0.219657,-0.009234,0.119887,-0.217307
0.105616,0.030150,-0.125843,-0.111660,0.274103,-0.156380,-0.401408,-0.174997,-0.461039,-0.317360,-0.047811,-0.064439,0.010048,-0.511535,0.004290,-0.026725,-0.245641,0.064247,0.113268,0.093703
0.058791,-0.001773,-0.083437,-0.216027,0.556943,-0.223248,-0.424513,-0.119550,-0.321245,-0.119944,-0.015975,-0.047714,0.027563,-0.429552,0.012786,-0.118364,-0.188738,0.167193,0.018179,-0.070077
0.240046,-0.292327,-0.203558,-0.202627,0.040079,-0.151893,-0.008252,-0.322978,-0.078183,-0.088446,-0.081046,0.034866,0.203459,-0.492830,0.235308,-0.269594,-0.362745,-0.009072,-0.213895,0.184131
0.125424,-0.123641,-0.472696,-0.325457,-0.100603,-0.017497,-0.213910,-0.017491,-0.040205,-0.514469,0.151854,-0.032533,0.132407,-0.251073,0.025259,-0.000757,-0.188224,0.403821,0.076731,-0.084377
0.165684,0.265473,0.108607,-0.222616,-0.017362,-0.334013,0.113887,0.080983,0.071278,-0.006461,0.456350,-0.375450,-0.256665,0.194165,-0.069989,-0.036292,-0.153592,-0.106919,0.069024,-0.453217
-0.045772,-0.104428,-0.016740,-0.210585,0.034233,-0.194242,-0.506646,-0.235028,-0.450961,-0.001961,0.097297,-0.083983,0.069620,-0.434630,0.121614,-0.039635,-0.342539,0.051201,-0.199896,0.040361
-0.016203,-0.057796,-0.410669,-0.516692,0.193380,-0.240340,-0.122195,-0.180890,-0.196574,-0.202966,-0.035374,0.084518,-0.047608,-0.414529,0.214852,-0.149818,-0.091027,0.273902,0.050436,0.034268
0.016012,0.066617,-0.569702,-0.100545,0.013290,-0.131432,-0.368205,-0.076769,-0.324188,0.024992,0.113662,0.036574,-0.105097,-0.532159,-0.133369,-0.030707,-0.196573,-0.004268,0.122812,-0.122580
0.178562,-0.274644,-0.119328,0.084843,-0.093324,-0.018926,-0.289921,-0.001104,-0.090385,-0.126100,-0.087250,0.139518,-0.135703,-0.403999,0.053085,-0.309097,-0.300362,0.269659,0.165848,-0.506507
-0.109460,-0.099155,-0.194211,-0.526787,-0.097080,-0.093429,-0.060443,-0.056782,-0.006427,-0.356032,0.090207,0.025671,0.254679,-0.260532,0.185871,-0.108043,-0.126248,0.515899,0.031035,-0.200808
-0.009612,-0.060051,-0.008822,0.057286,-0.160594,-0.290369,-0.193066,0.450333,-0.560158,-0.232641,-0.021466,-0.186445,-0.205047,-0.126447,0.195185,-0.047509,-0.204624,0.282141,-0.127357,0.059664
0.174181,-0.011216,-0.464210,-0.277598,-0.063124,-0.147828,-0.195466,-0.267395,-0.438883,-0.232193,0.020845,0.106303,0.089482,-0.487297,-0.004460,-0.148690,-0.015331,-0.023264,0.117397,-0.031928
-0.007647,-0.048403,-0.609996,-0.302516,-0.115770,-0.126373,-0.260714,-0.096663,0.068797,0.106274,-0.066988,0.035643,0.040941,-0.426105,-0.032889,0.039446,-0.126246,0.252204,0.357811,-0.109826
0.241178,-0.110257,-0.226357,-0.214006,0.478268,-0.108638,-0.326899,-0.100455,-0.263941,-0.308345,0.051882,-0.319441,-0.175915,0.052582,-0.150346,-0.067138,-0.309816,0.149397,-0.041960,-0.157418
0.206216,-0.304120,-0.114914,-0.420864,-0.056408,-0.039962,-0.188062,-0.136111,-0.204983,-0.331864,0.234382,-0.001274,-0.016086,-0.502086,0.138129,-0.317752,-0.072266,0.052525,-0.067694,0.154709
0.146834,-0.171955,0.012327,-0.267230,-0.199789,-0.042511,-0.252094,0.042844,-0.381869,-0.485104,0.081907,-0.172411,0.318482,-0.310463,-0.012491,-0.009503,-0.063870,0.300998,0.060005,-0.237212
0.185870,-0.031217,-0.388684,-0.090196,-0.187203,-0.269086,-0.211918,-0.064854,-0.223656,-0.193094,-0.049940,-0.143113,0.178156,-0.357831,0.009992,-0.182576,-0.235710,0.405157,0.312373,-0.167072
-0.150361,-0.181057,-0.366904,-0.217194,-0.391870,-0.245658,-0.131824,0.105842,0.071915,-0.276359,0.053100,0.056593,0.126751,-0.380715,0.134354,-0.047847,-0.205286,0.453195,0.014728,-0.060539
-0.268467,-0.080050,-0.526969,-0.175290,-0.017727,-0.262429,-0.042709,-0.013510,0.392315,-0.348138,-0.186257,-0.200753,0.071304,-0.194281,-0.086515,-0.087341,-0.171376,0.322577,-0.011051,0.017590
0.048512,-0.027040,-0.286985,-0.219639,-0.309558,-0.393377,-0.125925,0.025296,0.166075,-0.258129,-0.056055,0.028781,0.176380,-0.462069,0.164724,-0.069051,-0.070095,0.405345,0.206764,-0.112137
0.176885,-0.373943,-0.080017,0.071384,0.028687,-0.190823,-0.291827,0.167004,-0.035293,-0.265334,-0.058859,-0.096767,-0.430657,-0.495305,0.007349,-0.169313,-0.236477,0.091269,0.044154,-0.238537
0.161551,0.136226,-0.120957,-0.198970,-0.481725,-0.166944,0.259529,-0.067176,-0.122963,-0.144444,0.276717,-0.432329,-0.142199,-0.003724,-0.045009,0.046056,-0.191549,-0.268941,0.055640,-0.365191
0.034045,0.011956,-0.264881,-0.287544,0.372492,-0.392832,-0.146426,-0.203719,-0.271297,0.097825,-0.059750,0.175173,0.060401,-0.518877,0.102878,-0.214053,-0.167281,0.011520,-0.078080,-0.094453
0.128269,0.576793,0.176560,-0.116059,-0.080241,-0.468221,-0.078602,-0.050107,-0.150792,0.331421,0.144396,0.267483,-0.055057,-0.289686,-0.095808,0.167567,-0.071003,-0.119272,-0.043345,0.039069
-0.001727,0.005432,-0.428294,-0.111744,-0.445243,-0.194156,-0.362070,0.151973,-0.029829,-0.059954,0.097553,-0.077154,-0.115358,-0.270494,-0.092709,0.008078,-0.216540,-0.130873,0.462351,-0.145063
0.169891,0.089631,-0.317139,-0.299723,0.344489,-0.201914,-0.402454,0.004888,-0.508958,-0.124036,0.118505,-0.003569,-0.013715,-0.304458,-0.046602,-0.083163,-0.237559,0.053156,0.031351,-0.023749
0.078063,0.186815,-0.426869,-0.218502,-0.227952,-0.207342,-0.161122,0.017004,-0.207516,-0.224137,0.018593,-0.071730,-0.055904,-0.420816,-0.198844,0.054877,-0.239552,0.173960,0.435189,-0.096205
0.277853,-0.396133,-0.161641,-0.351008,-0.468118,-0.059240,-0.013385,-0.370456,-0.207464,-0.133271,-0.087148,-0.084919,-0.044430,-0.327952,0.125887,-0.060618,-0.105526,0.029242,-0.175106,-0.095761
-0.053217,0.054256,-0.370783,-0.109921,-0.536763,-0.178401,-0.258511,-0.121655,-0.045921,-0.153602,0.372144,-0.167170,-0.179555,-0.025650,-0.231252,0.067334,-0.213345,-0.235095,0.171604,-0.172653
0.163681,-0.267848,-0.212196,-0.579152,-0.008544,-0.046204,-0.241028,-0.082254,-0.349394,-0.238546,0.263780,-0.002280,0.115371,-0.304102,0.155541,-0.127282,-0.146070,0.116437,-0.025007,0.153907
0.185418,-0.113418,-0.213654,-0.413302,-0.094270,0.026020,0.011738,-0.406603,-0.169487,-0.192885,-0.101926,0.226624,0.151408,-0.451739,0.177264,-0.337338,-0.083664,-0.056444,-0.182594,0.133587
0.207291,-0.235919,-0.334535,-0.386491,-0.334665,0.240826,-0.119856,-0.288315,-0.214213,-0.400705,0.013843,-0.045161,0.071682,-0.296842,0.018639,-0.104299,-0.216743,-0.087279,0.018622,-0.067016
0.074461,-0.042948,-0.121298,-0.129838,0.240463,-0.257746,-0.550294,-0.225334,-0.346206,0.277709,-0.176520,0.030794,-0.005291,-0.259476,0.243528,-0.177642,-0.280146,-0.067530,-0.109226,-0.030109
0.138355,-0.015639,-0.221738,-0.328735,0.147218,-0.245132,-0.073248,-0.235205,-0.395423,-0.309465,0.101194,0.072632,0.244331,-0.463812,0.163178,-0.169272,-0.131957,0.210404,0.114104,-0.092109
-0.125070,0.213599,-0.312274,-0.360151,-0.421701,-0.164778,-0.288290,-0.096893,0.142998,-0.082052,0.239053,-0.237292,-0.116086,-0.026707,-0.253938,0.046745,-0.169026,-0.258750,0.296161,-0.096434
-0.210828,0.183443,-0.375402,-0.031136,-0.267895,-0.106483,-0.347680,-0.122093,0.022553,-0.124519,0.050603,-0.205586,-0.153239,-0.367237,-0.368940,0.069277,-0.086752,-0.159441,0.328603,-0.245115
0.032415,-0.075365,-0.289732,-0.407195,0.202491,-0.091461,-0.262207,-0.115431,-0.467307,-0.273108,0.062163,0.222499,0.130014,-0.403231,0.084155,-0.053098,-0.193509,0.167110,-0.103623,0.015133
-0.179265,-0.219858,-0.235118,-0.294306,-0.174484,0.110444,-0.425616,0.051326,-0.133680,-0.292816,-0.009813,0.042279,-0.126916,0.019352,-0.226020,-0.087131,-0.133332,0.397255,0.343012,-0.278034
0.079550,-0.144427,-0.402940,-0.012464,-0.328538,-0.283958,-0.135352,-0.201922,0.082966,-0.367248,0.029311,-0.054200,0.152218,-0.334312,0.014603,-0.095303,-0.167685,0.381201,0.162442,-0.270246
0.011147,-0.209083,-0.088331,0.120894,-0.339230,-0.386200,-0.142954,0.403081,-0.286577,-0.035734,-0.043151,-0.097820,0.323972,-0.134907,0.296157,-0.210133,-0.155708,0.305005,-0.071760,0.119695
0.031612,0.305931,-0.042847,-0.131898,-0.118086,-0.271971,-0.058409,0.327345,0.147054,-0.482144,0.049967,-0.328939,-0.314776,0.059595,-0.053387,0.060226,-0.455697,0.045040,0.059825,0.023016
0.005547,-0.029558,-0.017641,-0.185786,-0.348613,-0.135834,0.108238,-0.350041,0.084545,-0.001869,0.136540,-0.243374,-0.312140,0.184922,-0.092305,0.138650,-0.327810,-0.268652,-0.284984,-0.429879
0.198948,-0.171522,-0.258261,-0.148355,-0.357851,0.110407,-0.306204,-0.029570,-0.559657,-0.263799,0.073675,-0.018118,-0.189942,-0.185148,0.130108,-0.152921,-0.149339,0.265458,-0.013383,-0.123403
0.024283,-0.346844,-0.196720,-0.298204,-0.196611,-0.143223,0.183179,-0.264023,0.189275,-0.230375,-0.169026,-0.044149,0.324379,-0.430139,0.155490,-0.140396,-0.276855,0.121457,-0.202300,-0.056407
0.104342,-0.156331,-0.328412,-0.168478,-0.330693,-0.254596,-0.302944,0.303436,-0.238093,-0.324742,0.085649,-0.108216,0.039000,-0.252640,0.165445,-0.107642,-0.098714,0.348872,0.188905,-0.133297
0.117010,0.078836,0.160791,-0.352382,-0.304040,-0.302607,-0.138616,0.170689,-0.183188,-0.424064,0.215721,-0.473527,-0.071180,-0.018048,-0.240533,-0.026857,-0.062652,0.173017,0.040285,-0.118748
-0.298147,0.155727,0.071962,0.084131,-0.307608,-0.171114,0.023669,0.479648,0.251756,-0.432539,-0.081833,-0.060768,-0.223738,0.102291,-0.090636,-0.012804,-0.356094,-0.192542,0.004439,0.162541
0.159724,-0.184566,-0.146670,-0.432215,-0.285619,0.099811,-0.182316,-0.205117,-0.244510,-0.251538,0.033963,-0.219143,-0.482883,-0.289523,0.158053,-0.117711,-0.143931,-0.095372,0.070016,0.049653
0.127862,-0.089619,-0.229780,-0.483080,-0.409643,0.169940,-0.241809,-0.251401,-0.211292,-0.331092,0.001543,0.060749,-0.069629,-0.377380,0.128852,-0.055799,-0.174303,-0.036781,-0.118415,0.019951
0.428269,0.261733,-0.021442,0.092657,0.091820,-0.379294,-0.103096,-0.300904,-0.105980,0.106000,0.135972,0.400367,0.135706,0.015193,-0.303370,-0.082196,-0.030418,0.318207,-0.226440,0.115876
-0.003138,-0.075149,-0.352744,-0.543918,0.047074,-0.222680,0.096950,-0.168360,0.037302,-0.246364,0.054648,0.073189,0.273334,-0.431255,0.194702,-0.253996,-0.115200,0.161762,0.006506,-0.107222
-0.029568,-0.107176,-0.298739,-0.443316,0.310167,-0.298344,0.057017,-0.372588,-0.118381,-0.054906,-0.104480,0.020496,0.221066,-0.459705,0.104338,-0.203767,-0.132489,0.099725,-0.023767,-0.074466
0.202905,-0.150110,-0.381551,-0.417704,-0.348332,0.059588,-0.184706,-0.168787,-0.344705,-0.341929,-0.015513,0.097353,-0.129360,-0.248061,0.045572,-0.043899,-0.274354,0.118186,-0.101694,0.037946
0.045215,-0.142673,-0.134475,-0.534993,-0.258959,-0.184497,-0.152641,-0.190950,-0.184433,-0.025660,0.150644,0.228056,0.179337,-0.319729,0.355667,-0.254028,-0.128183,0.173787,0.159580,-0.074464
