0.087139,-0.500838,0.052697,-0.024867,0.509588,-0.172935,-0.023182,-0.243693,0.386004,-0.063471,-0.353342,-0.078110,-0.077963,-0.126692,-0.275051,-0.010151,-0.036331,0.049001,0.050990,-0.021856
0.011272,-0.430275,0.074497,-0.129137,0.377904,-0.120607,-0.156513,-0.439160,-0.053703,0.038261,-0.203634,-0.013528,-0.452176,0.010676,-0.232011,0.264202,-0.073042,-0.036425,-0.182172,-0.061161
-0.057343,-0.060900,-0.236684,-0.299969,0.032924,0.483709,-0.056446,-0.176853,0.034965,-0.065668,-0.110722,0.326955,-0.279808,-0.424547,-0.335810,0.113211,0.096754,0.185967,0.115430,0.106777
-0.026868,-0.141764,-0.106132,0.083074,-0.562129,-0.359488,-0.055723,-0.121471,-0.314199,-0.045589,-0.353080,0.046078,0.120792,-0.157667,0.027846,0.176125,-0.327992,-0.240232,0.158024,-0.094015
0.032145,-0.257781,0.002950,-0.114941,0.341842,-0.033103,-0.016313,-0.308109,-0.136300,0.068747,-0.320627,0.015407,-0.450331,-0.024642,-0.288680,-0.032460,-0.119651,-0.436851,-0.194888,-0.221071
0.069119,-0.314249,0.078495,-0.155898,0.440331,-0.034535,-0.072939,-0.506204,-0.008198,0.013136,-0.281748,-0.094869,-0.232641,-0.144419,-0.187862,0.034167,0.212652,-0.354735,-0.078712,-0.179010
0.164116,0.110882,0.198552,-0.179197,0.033406,0.001311,0.444681,0.093314,-0.197716,0.196936,-0.094779,0.613828,-0.154082,0.231471,-0.072197,-0.019891,-0.159328,0.116486,0.242773,0.192886
0.025544,-0.360087,0.027923,0.098092,0.058990,-0.557314,0.016645,-0.105695,0.083628,0.075440,-0.516887,-0.171312,0.125564,-0.133621,-0.042897,-0.082193,-0.219721,-0.152138,0.180087,-0.280142
0.110798,-0.401476,0.106159,-0.230789,0.395341,-0.193183,-0.016567,-0.324089,0.183669,0.174074,-0.403203,-0.109158,-0.214520,-0.102871,0.006867,-0.073369,-0.181691,-0.238527,-0.232694,-0.135926
-0.138512,-0.181139,-0.135177,-0.009045,-0.217529,0.129045,-0.016596,-0.157036,-0.182905,0.136700,0.056812,0.190108,-0.457487,-0.353950,-0.177831,0.087751,-0.020781,-0.007102,0.599536,0.124124
0.053828,-0.299807,0.006975,-0.118185,0.326561,-0.122520,-0.092493,-0.241317,-0.068737,-0.007453,-0.318434,0.173819,-0.587185,-0.118186,-0.144463,0.073369,-0.100995,-0.235037,-0.121752,-0.321081
0.277586,-0.161952,-0.365380,-0.214370,-0.112620,0.507350,0.151183,-0.155041,0.339717,-0.018352,-0.059443,0.333597,-0.170494,-0.173359,-0.078596,-0.028185,-0.194945,0.208637,0.145741,-0.029113
-0.181754,-0.332449,-0.100915,0.072158,0.362950,-0.346424,-0.083679,-0.108895,0.488106,-0.228685,-0.365269,-0.060100,-0.162054,-0.195566,-0.125877,-0.009387,-0.117567,0.042840,0.205002,-0.068912
0.131344,-0.003884,-0.408383,-0.016497,-0.028084,0.280723,0.108619,-0.301998,0.048370,0.251099,-0.005600,0.276349,-0.518414,-0.181586,-0.170022,0.172973,-0.139047,0.093292,0.320481,0.000442
0.197530,-0.394391,0.050933,-0.255937,-0.104674,-0.434208,0.035371,-0.217931,-0.074138,0.093288,-0.416798,-0.242530,0.029487,-0.033682,0.208539,0.015441,-0.286638,-0.166800,0.248794,-0.157319
-0.046389,-0.316828,0.076371,-0.100811,0.498925,-0.313847,0.050369,-0.124780,0.384094,-0.089722,-0.326877,-0.142322,0.062401,-0.157661,-0.065503,-0.081403,-0.065989,-0.254840,0.041758,-0.350068
-0.067034,-0.288185,-0.028214,-0.177378,0.144756,-0.208715,-0.062575,-0.207852,-0.145619,-0.060907,-0.282000,0.087192,-0.651345,-0.043441,0.105799,0.099624,-0.031307,-0.299141,-0.169807,-0.299943
0.074403,-0.034337,-0.331491,0.197043,-0.163572,0.262573,-0.026419,-0.255153,-0.199709,0.032417,0.081423,0.239140,-0.348710,-0.175796,-0.115179,-0.017597,-0.072572,-0.012213,0.637636,-0.015646
-0.085603,-0.356722,-0.275419,-0.238367,-0.225955,-0.045457,-0.001232,-0.146454,0.070503,-0.048199,-0.126466,0.058027,-0.635901,-0.133415,0.145622,0.360970,-0.110574,0.090269,0.193076,-0.013828
0.064746,-0.560738,0.163223,-0.080611,0.416575,-0.158887,-0.018789,-0.108877,0.220635,0.136885,-0.329856,-0.213478,0.008778,0.004271,-0.016327,-0.295323,-0.071144,-0.227911,-0.174754,-0.200844
0.018885,-0.285861,0.022835,-0.043868,-0.316295,-0.316344,0.108353,-0.399797,-0.160194,0.095440,-0.350051,-0.010008,-0.012804,-0.056726,-0.264912,0.135816,-0.445091,-0.159167,0.016760,-0.265805
-0.095105,0.016022,-0.169563,0.116940,-0.095196,0.117312,0.027173,-0.060293,-0.254538,0.101987,0.097502,0.507675,-0.544767,-0.036565,-0.258906,0.160695,-0.057591,0.080543,0.420778,0.028657
-0.054627,-0.271692,-0.137938,-0.253608,-0.391139,-0.420282,0.054099,-0.272009,-0.073445,0.081976,-0.191596,0.114867,-0.351942,-0.304994,-0.249841,0.173138,-0.220236,0.048252,0.018796,-0.104060
0.050557,-0.415365,0.157681,-0.211459,0.613466,-0.180388,0.081499,-0.363773,0.260342,-0.055064,-0.244184,-0.129669,-0.046746,-0.123309,0.002875,-0.182733,-0.002444,-0.065101,-0.022365,-0.068562
-0.060132,-0.063290,-0.113768,-0.001888,-0.207263,-0.321774,0.310210,-0.355804,0.321895,0.124407,-0.363867,-0.308812,0.068015,-0.129699,-0.016671,-0.353782,-0.043133,-0.267189,0.190394,0.082845
0.032403,-0.184505,-0.162165,-0.445781,0.009185,0.325310,0.279193,-0.388960,-0.053314,-0.050030,0.060544,-0.106984,-0.416205,-0.091276,0.094945,0.142191,-0.138661,-0.367877,0.103169,0.091040
-0.221250,-0.172646,-0.231999,-0.023846,-0.504805,-0.270622,-0.104351,-0.201452,0.096526,0.036361,-0.303019,0.231224,-0.344387,-0.150811,-0.006584,0.362364,-0.113077,-0.074165,0.197381,-0.038005
0.098012,-0.197484,-0.201970,-0.327544,-0.151913,-0.117959,0.168242,-0.471540,-0.329976,0.004282,-0.154141,0.058719,-0.080302,-0.137547,-0.479556,0.169715,-0.215556,-0.024551,0.182140,-0.123181
-0.061074,-0.127579,-0.130890,-0.053760,0.006080,-0.163341,-0.000089,-0.351145,-0.277789,-0.046829,-0.217888,0.072393,-0.367772,-0.235421,-0.458108,0.314846,-0.144660,-0.368204,0.128681,-0.071739
0.021143,-0.342808,0.055217,-0.039994,0.324129,-0.457200,-0.058987,-0.285139,0.209862,-0.050570,-0.332182,-0.197664,0.102210,-0.096031,-0.159139,-0.185984,-0.113372,-0.013039,0.127769,-0.416611
-0.055903,-0.207144,0.367597,-0.051335,-0.235538,-0.282826,0.201770,-0.194727,-0.120038,0.270654,-0.090896,0.036427,-0.409029,-0.092317,-0.194048,-0.226578,-0.323328,-0.103079,0.078197,-0.344607
0.107427,-0.211607,-0.226718,-0.063449,-0.168394,-0.206248,0.254886,-0.457316,0.383209,0.035820,-0.103851,-0.264941,-0.048841,-0.075063,-0.019125,-0.264974,0.000814,-0.294185,0.363475,0.129952
-0.023636,-0.212931,-0.272943,-0.104202,-0.104928,0.321730,0.016439,-0.208095,-0.246732,0.077667,0.025840,0.141956,-0.412188,-0.223464,-0.165422,0.019098,-0.101566,0.004276,0.603087,0.036231
0.270573,-0.187746,-0.377781,-0.154157,-0.349593,-0.166266,0.197456,-0.323743,0.291809,-0.062293,-0.126870,-0.204784,-0.366360,-0.230457,-0.069320,-0.046518,-0.131749,-0.158685,0.208296,0.064109
0.141558,-0.207697,-0.215980,-0.087020,-0.091585,0.224264,0.003821,-0.171977,0.197357,-0.033218,-0.045283,0.040418,-0.505529,-0.203448,-0.058962,0.309557,-0.288542,0.131996,0.501821,0.042859
0.224387,-0.436072,-0.040681,0.013916,0.373298,-0.169392,0.260797,-0.251951,0.073890,0.144184,-0.258227,0.111781,-0.341567,-0.046991,-0.378891,-0.048396,-0.268898,-0.018652,0.017545,0.122229
0.114746,-0.455877,-0.059876,0.015545,-0.049741,-0.382142,0.108125,-0.161138,0.188735,0.226721,-0.413408,-0.279083,-0.336742,-0.158061,-0.160294,-0.193883,-0.027889,0.153802,0.158303,0.045249
-0.147960,-0.010489,-0.034760,-0.042854,-0.173449,0.265721,-0.036288,-0.230705,-0.211208,0.326784,0.060240,0.145740,-0.423880,-0.384390,-0.208004,0.062290,-0.080545,0.009974,0.496593,0.125249
-0.109214,-0.374503,0.116142,0.149603,0.186701,-0.472965,-0.035053,-0.196217,0.175396,0.173189,-0.306865,-0.021206,-0.093190,-0.060186,0.205984,0.146740,-0.177278,-0.402190,0.051004,-0.293664
0.180844,-0.237699,0.030581,-0.316954,-0.424314,-0.091367,-0.017793,-0.190668,0.093790,0.118179,-0.301711,0.006915,-0.247682,-0.257211,0.103045,0.048045,-0.242076,0.370376,0.329146,-0.161098
-0.099465,-0.195736,-0.217603,0.197313,-0.437793,-0.394243,0.070712,-0.246978,-0.019747,0.061048,-0.298440,0.022301,0.148310,-0.014949,-0.178233,0.395338,-0.215814,-0.143288,0.259207,-0.119032
0.006776,-0.413262,0.215718,-0.057396,0.356443,-0.430529,0.011578,-0.330868,0.157005,0.058687,-0.301599,-0.088019,-0.044713,-0.069509,-0.019643,-0.241568,0.060366,-0.295653,-0.114111,-0.246727
0.192566,-0.167393,-0.492436,0.077140,-0.060113,0.297580,-0.073982,-0.145922,-0.308391,0.011868,0.003553,0.090772,-0.120528,-0.265284,-0.027759,-0.145317,-0.193026,-0.061289,0.545470,-0.136672
0.103567,-0.146563,-0.170920,-0.102766,-0.234545,-0.277384,0.403441,-0.393381,0.449937,0.006630,-0.113542,-0.228782,0.008655,-0.113347,-0.019826,-0.305228,-0.070580,-0.103126,0.252946,0.157333
0.311129,-0.170398,-0.283800,-0.122792,-0.350883,-0.039060,0.472051,-0.048015,0.067545,0.029406,-0.263974,-0.046579,-0.451715,0.023497,-0.234890,-0.034266,-0.208046,0.054282,0.205060,0.047506
0.078612,-0.413081,0.226234,0.077122,0.436277,-0.366557,0.157671,-0.209451,0.110539,0.080375,-0.264107,-0.224190,0.091279,-0.062276,0.012040,-0.241787,-0.102250,-0.146632,0.162985,-0.323410
0.127961,-0.260234,-0.061755,-0.078783,0.446263,-0.199718,-0.150065,-0.225097,0.344886,-0.160443,-0.487402,-0.083631,-0.167189,-0.244195,-0.203152,-0.109508,-0.233912,-0.069739,0.062471,-0.009350
-0.095705,-0.278599,0.036236,-0.124267,-0.200282,-0.447519,0.001274,-0.255644,0.088653,0.128086,-0.131837,0.264869,-0.438349,-0.260022,0.072118,0.289959,-0.193428,0.070143,0.202785,-0.215474
0.094158,-0.115438,0.060513,-0.045700,-0.408425,-0.474064,-0.035447,-0.344696,-0.020969,0.011069,-0.339562,0.109331,0.197851,-0.135040,0.040948,0.170527,-0.243164,-0.171477,0.282786,-0.275650
0.080673,-0.173822,-0.066883,0.096005,-0.324420,-0.461888,0.380858,-0.267108,0.235304,0.198450,-0.313471,-0.209055,0.027812,-0.176774,-0.080913,-0.166714,-0.035019,-0.200696,0.248121,0.091914
0.466802,-0.313443,-0.292072,-0.001605,-0.222398,-0.073020,0.187770,-0.053088,0.127081,-0.021880,-0.303328,-0.114151,-0.321394,0.032437,-0.179999,-0.004185,-0.094191,0.052042,0.484850,0.024131
-0.154159,-0.038136,0.012907,0.143355,-0.511081,-0.486311,-0.021631,-0.137784,-0.136092,0.009048,-0.349268,0.000013,0.143468,-0.075547,0.246234,0.116834,-0.220658,-0.137796,0.293133,-0.205283
0.183310,-0.216015,-0.253504,-0.168588,-0.102661,0.173553,0.121310,-0.210296,0.273334,0.014286,-0.129725,0.203717,-0.476221,-0.183106,-0.247534,0.225433,-0.318773,0.179438,0.292116,0.051478
-0.006667,-0.387813,0.063216,-0.232082,-0.500533,-0.278936,0.086084,-0.120133,0.066729,0.258142,-0.328964,-0.013556,-0.211072,-0.158386,0.015416,0.149322,-0.138720,0.025849,0.309157,-0.233161
0.032820,-0.365553,0.231455,-0.110499,0.424095,-0.299916,-0.089237,-0.274231,0.103992,0.134809,-0.404661,0.022658,0.024069,-0.137158,0.024739,0.120296,-0.263629,-0.216976,-0.126846,-0.293506
-0.069292,-0.441623,0.186868,-0.023129,0.279818,-0.374070,0.314226,-0.165100,0.057907,0.015234,-0.299383,-0.335338,0.215912,-0.093305,0.016014,-0.260535,-0.145496,-0.084134,0.053987,-0.245363
0.145021,-0.433546,-0.139739,-0.058926,-0.048908,-0.266628,0.247843,-0.114509,0.157692,0.174581,-0.443370,-0.178014,-0.340701,-0.016827,-0.010958,-0.275796,-0.271375,0.106992,0.241505,-0.020394
-0.175484,-0.167203,-0.218995,-0.070676,-0.164585,-0.172336,-0.056470,-0.257810,-0.122504,0.010900,-0.187292,0.127071,-0.452150,-0.260095,-0.251086,0.559778,-0.163304,-0.125748,0.011153,0.066413
-0.014172,-0.365839,0.135202,-0.131858,0.446594,-0.218671,-0.121961,-0.154670,0.222390,0.066646,-0.359521,-0.236828,-0.044354,-0.154832,-0.038246,-0.305406,-0.007567,-0.270025,-0.096116,-0.319543
-0.113347,-0.272844,-0.055698,-0.163393,-0.052676,-0.142175,0.031028,-0.238431,-0.259309,0.004323,-0.213474,0.141167,-0.272659,-0.293197,-0.549047,0.221528,-0.374441,-0.078881,0.084517,-0.070306
0.228794,-0.300505,0.156843,0.030825,0.136011,-0.411636,0.246262,-0.348858,0.101409,-0.070028,-0.392050,-0.107323,0.117327,-0.133655,0.075379,-0.194976,-0.273659,0.087266,0.186025,-0.297767
-0.147666,-0.182452,-0.305355,-0.141668,0.093092,0.000580,-0.206798,-0.173063,0.325844,-0.214830,-0.306138,0.110041,-0.444380,-0.307699,-0.348143,0.176464,-0.070351,0.063715,0.173213,0.092466
0.019343,-0.354898,-0.149482,0.172276,-0.108350,-0.365591,-0.209331,-0.148571,0.022495,-0.111249,-0.447411,-0.026040,-0.042685,-0.267916,0.132927,0.303605,-0.202752,0.124226,0.391184,-0.060088
0.142205,-0.397040,0.089788,0.036971,0.415079,-0.158527,0.146566,-0.212319,0.328566,0.114645,-0.464116,-0.188073,-0.035149,-0.095762,-0.203676,-0.170573,-0.136507,-0.277630,0.012350,0.001384
0.046611,-0.081423,-0.523209,0.069044,0.234369,0.125199,-0.055638,-0.224387,-0.107059,0.173711,0.044990,0.091693,-0.432043,-0.270098,-0.160170,-0.061367,-0.088816,-0.024201,0.478966,-0.098224
0.008686,-0.083634,-0.188562,-0.032724,-0.420728,-0.277996,0.331307,-0.411381,0.320898,0.095612,-0.128091,-0.228508,-0.024712,-0.146919,-0.058884,-0.219373,0.034218,-0.265739,0.276883,0.141529
-0.145598,-0.195620,-0.169091,-0.107102,0.138006,-0.213310,-0.098742,-0.217840,0.303821,-0.309872,-0.221763,0.098416,-0.475941,-0.377424,-0.268540,0.128448,-0.096665,0.095595,0.222917,0.075972
-0.135656,-0.379958,-0.159259,-0.136360,0.222184,-0.224393,-0.210305,-0.294383,-0.119814,0.175194,-0.259863,0.069163,-0.441467,-0.200586,-0.246147,-0.057772,-0.232111,-0.130425,-0.259056,-0.090844
0.159937,-0.127829,0.000793,0.055346,-0.393474,-0.382561,0.060731,-0.242768,-0.213334,0.015334,-0.413448,-0.017619,0.215923,0.006478,-0.014245,-0.011829,-0.341046,-0.138290,0.222806,-0.377006
0.229190,-0.338042,0.042743,0.048969,0.244434,-0.423700,-0.120346,-0.257734,0.254500,-0.095378,-0.343759,-0.154869,0.334921,-0.034456,0.003624,-0.075210,-0.157544,-0.222858,0.141082,-0.281698
-0.047733,-0.255671,-0.002391,0.135821,-0.418866,-0.448469,0.021554,-0.122015,-0.158327,0.078110,-0.285452,-0.056248,0.260528,-0.164318,0.131625,0.081338,-0.307934,-0.086166,0.231344,-0.362733
-0.080294,-0.134420,-0.181958,0.036076,-0.209538,0.094845,-0.070484,-0.150885,-0.163562,0.097236,0.166559,0.222169,-0.639692,-0.100837,-0.274872,-0.014307,0.006091,0.062215,0.492861,0.071950
0.209405,-0.462770,-0.082648,-0.063617,-0.058611,-0.321546,0.248452,-0.291581,0.386985,0.246985,-0.210611,-0.179697,-0.090348,0.014589,-0.116709,-0.281196,-0.096463,-0.187756,0.203756,0.054698
0.295589,-0.249058,-0.305622,0.024740,-0.327571,-0.121971,0.236517,-0.039504,-0.024664,0.001142,-0.446581,-0.271449,-0.285170,0.078654,-0.256526,-0.145156,-0.194282,0.009755,0.278437,-0.115838
0.153060,-0.422156,0.011450,-0.198211,0.533267,-0.085608,-0.112707,-0.188289,0.357945,0.008271,-0.336721,-0.181147,-0.159526,-0.140992,-0.109798,-0.184546,-0.035748,-0.204678,-0.030850,-0.095553
0.040637,-0.403240,0.090580,-0.104587,0.508322,-0.275924,0.053954,-0.197162,0.287747,-0.115812,-0.442197,-0.170990,0.080594,-0.086070,-0.168820,-0.202721,-0.104031,-0.069362,-0.087228,-0.112099
0.048300,-0.409817,0.174079,0.000597,-0.193119,-0.426859,-0.151647,-0.290175,0.147106,0.203543,-0.424959,-0.040348,-0.044133,-0.031878,0.072691,0.088549,-0.056365,-0.158769,0.089612,-0.418234
-0.118634,-0.140988,-0.089066,-0.228364,-0.293368,-0.150549,0.017969,-0.227412,-0.210118,-0.141313,-0.127592,0.282089,-0.433567,-0.225862,-0.449167,0.178254,-0.258077,-0.023234,0.206442,-0.054244
0.154264,-0.036265,-0.436035,0.237179,-0.100274,0.303480,-0.031220,-0.249516,-0.299222,0.152199,0.250733,0.152227,-0.037390,-0.116749,0.007532,-0.081801,-0.071475,-0.070285,0.563480,-0.122659
0.065727,-0.300076,0.063897,-0.112791,0.442976,-0.285819,-0.004273,-0.156315,0.223061,-0.142619,-0.425543,-0.288995,0.235310,-0.041093,-0.183103,-0.274509,-0.068725,-0.215718,0.045893,-0.180139
-0.141077,-0.281583,0.119652,-0.253529,0.396114,-0.311259,0.003161,-0.375123,0.127625,0.035820,-0.332425,-0.085080,-0.088832,-0.061067,0.111481,0.130591,0.017016,-0.257844,-0.183298,-0.388470
0.019063,-0.466481,-0.029583,0.018063,0.280235,-0.226466,0.185482,-0.326825,0.183941,0.277308,-0.278356,-0.204391,-0.215921,-0.055486,-0.114297,-0.260861,0.043906,-0.365989,-0.107766,-0.038723
0.372551,-0.234310,-0.274428,0.020100,-0.363677,-0.186305,0.378682,-0.059621,0.000122,0.090601,-0.320494,-0.100640,-0.286992,0.064065,-0.202191,-0.045198,-0.219914,0.144696,0.307421,0.049103
-0.108120,-0.147857,-0.109769,-0.168560,-0.159252,-0.184141,0.041105,-0.328581,-0.274821,-0.009709,-0.108244,0.157635,-0.205421,-0.253959,-0.557009,0.293139,-0.348411,-0.017325,0.099143,-0.102338
-0.087078,-0.113461,-0.367354,-0.261209,-0.015816,0.251134,0.289806,-0.204822,-0.186278,-0.294441,-0.082276,-0.105946,-0.555806,-0.061263,-0.053482,0.097369,-0.135827,-0.294558,0.118543,0.058642
-0.004400,-0.305970,-0.192307,-0.128796,0.089520,-0.085542,-0.190334,-0.389727,-0.182420,-0.166427,-0.085572,-0.073844,-0.562030,-0.218258,0.080194,0.120819,-0.179482,-0.317003,-0.183561,-0.157014
0.023330,-0.530241,-0.140040,-0.056857,0.188675,-0.195764,0.258423,-0.269527,0.257848,0.257389,-0.239138,0.091066,-0.393770,0.113465,-0.135779,-0.123993,-0.257240,-0.058273,0.047186,0.101783
-0.129862,-0.277212,-0.250837,-0.415542,-0.016326,0.178681,-0.188643,-0.144136,0.186291,-0.034977,-0.265734,0.220139,-0.342272,-0.331106,-0.293962,0.116535,-0.263434,0.009438,0.170784,0.041322
0.006069,-0.302111,-0.099147,-0.269663,-0.329889,0.072558,0.001645,-0.138316,0.452188,0.150951,-0.134306,0.121041,-0.041565,-0.205012,-0.011150,0.224407,-0.332689,-0.139513,0.447729,-0.090125
0.407879,-0.326752,-0.369992,-0.168417,-0.232048,0.158653,0.130252,-0.046320,0.193886,-0.216833,-0.174066,0.211014,-0.377976,-0.053363,-0.138259,0.026263,-0.228711,0.202084,0.194066,0.087858
0.047730,-0.267561,-0.204293,-0.082305,0.184605,-0.103006,-0.024987,-0.309250,0.196422,-0.131275,-0.353960,0.140762,-0.355970,-0.308484,-0.327123,0.221974,-0.312213,0.169844,0.143991,0.102673
-0.072150,-0.203139,-0.129274,-0.128930,-0.144702,-0.279465,0.190543,-0.304541,-0.344564,0.106291,-0.182105,0.078683,-0.384315,-0.188286,-0.372948,0.229216,-0.254971,-0.258594,0.014052,-0.125977
-0.159617,-0.162455,-0.088156,-0.240506,-0.094772,-0.362841,0.007278,-0.332363,-0.142039,-0.092893,-0.371958,-0.008713,-0.345870,-0.304765,-0.306508,-0.089190,-0.286318,-0.019372,-0.165705,-0.199769
-0.093607,-0.335782,-0.241578,-0.100758,0.132141,-0.056130,0.016966,-0.234084,-0.009670,0.085912,-0.231077,0.253284,-0.551422,-0.217709,-0.385104,0.226734,-0.201727,-0.043805,0.116114,-0.044555
0.246624,-0.205003,-0.329407,-0.001935,-0.574520,-0.076949,0.277969,-0.019135,0.050677,0.022847,-0.359540,-0.201931,-0.342474,0.036711,-0.170063,0.014720,-0.171081,0.024275,0.122426,0.096198
0.098668,-0.083908,-0.499731,0.229116,-0.049862,0.196495,-0.013813,-0.080794,-0.433289,0.038253,0.020798,-0.003126,-0.127690,-0.320182,-0.004880,-0.236786,-0.104622,0.032874,0.490947,-0.124785
0.044461,-0.355845,0.143807,-0.212873,0.263435,-0.211557,-0.024507,-0.283113,-0.077791,0.152614,-0.343940,-0.093924,-0.308489,0.033923,0.096446,-0.018290,-0.064437,-0.360630,-0.340333,-0.313129
0.282669,0.181005,-0.171835,-0.234558,-0.066877,0.231396,0.553238,-0.122773,-0.120490,0.269243,0.013689,0.391404,0.007314,0.045868,0.182022,-0.303305,0.045611,0.042228,-0.195619,0.117564
0.112566,-0.239379,-0.442172,0.009317,-0.209439,-0.196265,0.293837,-0.340637,0.395081,-0.000476,-0.147244,-0.263135,-0.213290,-0.086736,0.123951,-0.084930,-0.100948,-0.118429,0.287468,0.142157
0.100770,-0.451326,0.034117,-0.137063,0.543702,-0.095595,-0.036971,-0.176193,0.178840,0.051244,-0.437637,-0.176139,-0.160270,-0.179474,0.017581,-0.191379,0.027949,-0.247189,-0.067990,-0.102667
0.368107,-0.456004,-0.109374,-0.130399,0.139096,-0.293107,0.476478,-0.273998,0.060592,0.041392,-0.152158,-0.157076,-0.215989,-0.063042,-0.035492,-0.241370,-0.148123,0.086684,0.099284,0.132513
0.032629,-0.131864,-0.017361,-0.046270,-0.399002,-0.381520,-0.093610,-0.046867,-0.201985,0.085394,-0.497622,-0.062018,0.340824,-0.164280,0.127084,0.098605,-0.257995,-0.245266,0.173422,-0.194958
0.114148,-0.176620,-0.213939,-0.123135,-0.236116,-0.220314,0.166894,-0.318753,0.473223,-0.023751,-0.202611,-0.185737,-0.103030,-0.070195,-0.085450,-0.174485,-0.070732,-0.273852,0.471166,0.075891
0.063541,-0.354998,-0.157237,-0.108846,-0.432887,-0.121721,0.057331,-0.260572,0.210667,0.039134,0.073431,0.083762,-0.391493,-0.196948,-0.089345,0.407430,-0.203912,-0.141605,0.237809,-0.132042
-0.084658,-0.059704,0.065918,-0.119236,-0.474997,-0.401562,0.151983,-0.186108,0.084794,0.050329,-0.164756,0.349118,-0.097871,-0.151956,-0.027880,0.041255,-0.182979,0.022626,0.482310,-0.256087
0.056290,-0.033576,-0.039948,-0.096031,-0.405121,-0.450203,-0.082497,-0.124190,-0.218230,-0.156915,-0.395964,0.114298,0.167057,-0.325879,-0.000337,0.101559,-0.330914,-0.086017,0.244541,-0.180639
-0.051842,-0.371635,0.016880,0.106231,0.389639,-0.278759,-0.081442,-0.342140,0.382602,0.073879,-0.353283,-0.261939,0.155650,-0.026744,0.122160,-0.015817,-0.146197,-0.148139,0.052949,-0.250820
-0.006400,-0.460925,0.150714,-0.189550,0.415068,-0.143079,-0.050760,-0.165282,0.057494,0.007967,-0.162344,0.053054,-0.302535,-0.199480,-0.248338,0.039932,-0.110255,-0.460355,-0.139545,-0.188506
0.116950,-0.183205,-0.246673,-0.009512,-0.227208,-0.198355,0.337543,-0.364646,0.308117,0.004559,-0.338117,-0.282602,-0.053511,-0.103814,0.005861,-0.273474,-0.016133,-0.076199,0.409385,0.051777
-0.011783,-0.152763,0.054016,-0.005085,0.058962,-0.383290,0.307664,-0.231189,0.317121,0.195773,-0.291152,-0.342224,0.127372,-0.087997,-0.192343,-0.384662,-0.177544,-0.298332,-0.033470,0.061128
0.033008,-0.351376,0.114776,-0.195020,0.523117,-0.275120,0.004919,-0.163671,0.254193,0.059460,-0.326558,-0.222092,0.110666,-0.184322,-0.106793,-0.201464,-0.045563,-0.044828,0.171214,-0.303900
0.194079,-0.377961,-0.239994,-0.138797,0.046250,-0.117568,-0.021853,-0.460154,0.194666,0.064774,-0.148426,-0.354710,-0.071789,-0.025669,-0.402827,-0.180702,-0.175886,-0.158846,-0.177114,-0.190327
-0.191243,-0.254630,-0.235722,-0.027731,-0.226766,-0.289695,0.057167,-0.267457,-0.345163,-0.010364,-0.258135,0.141325,-0.337625,-0.191696,-0.405732,0.254544,-0.166009,-0.062330,0.113256,-0.042861
-0.068008,-0.055376,-0.451530,-0.278501,-0.138800,0.130526,0.326796,-0.114632,-0.015177,-0.082743,-0.126763,-0.109433,-0.424219,-0.111998,-0.157942,0.023043,-0.188003,-0.357133,0.354669,0.113338
0.005704,-0.088684,-0.015337,-0.223029,-0.027121,-0.260288,0.217612,-0.257571,-0.189921,0.270351,0.040588,0.533069,-0.429545,-0.201723,-0.248920,-0.124363,-0.085327,-0.061331,0.067164,-0.216312
-0.052660,-0.052793,-0.228072,-0.086096,-0.024667,0.175058,-0.142288,-0.070617,-0.198776,-0.229192,-0.222159,0.257426,-0.092431,-0.321449,-0.335759,-0.281421,-0.243898,-0.072355,0.547988,-0.045213
0.080948,-0.430374,0.001992,-0.263267,-0.293083,-0.270441,0.023205,-0.226385,-0.130303,-0.030095,-0.183030,-0.269145,0.023821,-0.051048,0.330137,0.236700,-0.266356,0.122268,0.384412,0.049035
-0.045184,-0.241994,0.025571,0.005546,-0.377852,-0.446152,0.077583,-0.264276,-0.185491,0.161716,-0.290948,0.117947,-0.131105,-0.056945,-0.238339,0.133506,-0.330406,-0.262336,0.075183,-0.288452
-0.084105,-0.361051,-0.321419,-0.039825,-0.185110,-0.054806,0.027275,-0.159497,-0.228125,-0.026990,-0.103335,0.026148,-0.523516,-0.234403,-0.272273,0.405889,-0.150122,-0.039872,0.191617,0.036771
0.027384,-0.381275,-0.523709,-0.044017,-0.105332,0.063556,0.143173,-0.130136,0.002279,-0.224659,-0.196649,0.028222,-0.547734,0.077134,0.060897,0.113389,-0.135404,-0.018362,0.276756,0.131778
-0.017910,-0.058929,0.165556,-0.190204,-0.287335,-0.344055,0.357479,-0.199149,-0.015328,0.246093,0.047671,0.078294,-0.439349,-0.092331,-0.100217,-0.349363,-0.190473,-0.198043,0.109714,-0.271745
-0.115220,-0.204634,-0.021347,0.023256,-0.415154,-0.368353,0.026845,-0.160268,-0.228903,-0.158390,-0.372623,-0.005915,0.335198,-0.082919,0.145452,0.153130,-0.155728,-0.249637,0.362733,-0.105155
-0.043058,-0.154969,0.109295,-0.206705,-0.336485,-0.442773,0.112529,-0.148799,-0.392416,0.004766,-0.330492,-0.004575,0.057401,-0.180566,0.134444,0.221147,-0.320748,-0.133549,0.182907,-0.234682
0.339052,0.164240,-0.203619,-0.228030,-0.095476,0.162115,0.589960,-0.180077,0.041989,0.346308,0.042926,0.343211,-0.055955,0.040468,-0.114280,-0.053859,-0.098751,0.174547,-0.184583,-0.111297
-0.050705,-0.312486,0.164537,-0.182854,-0.013497,-0.239750,0.075522,-0.238515,-0.138488,0.044057,-0.259842,0.182987,-0.420526,-0.259706,-0.179160,0.224156,-0.271047,-0.318928,-0.061720,-0.302113
-0.082321,-0.227650,0.082071,-0.230115,0.215333,-0.234916,-0.092203,-0.231788,-0.026478,0.020789,-0.296524,-0.005890,-0.563947,-0.013919,0.105849,0.066583,-0.032649,-0.290946,-0.251421,-0.382151
0.199633,-0.155648,-0.023760,-0.082819,-0.444862,-0.356098,-0.089706,-0.212436,-0.276620,0.031086,-0.356880,0.015816,0.071071,-0.102413,0.022195,0.063586,-0.308331,-0.143450,0.395802,-0.230508
0.158546,-0.474265,0.010064,-0.214319,-0.326021,-0.167103,0.253853,-0.344204,0.010730,0.067696,0.047359,0.049940,-0.292479,0.088815,0.163550,0.283446,-0.204608,-0.138464,0.126942,-0.315694
