-0.280280,-0.232123,-0.363261,-0.073338,0.110739,-0.097112,0.182122,-0.173210,0.243238,0.342775,-0.301427,-0.271490,-0.101370,-0.073973,-0.164233,-0.379327,-0.167989,-0.217947,-0.170029,-0.113563
-0.275524,-0.350877,-0.066444,-0.080337,0.006644,0.187186,0.420661,-0.074536,0.020457,0.124763,-0.243136,-0.324022,-0.188241,0.095713,-0.197929,-0.426985,-0.059480,-0.307605,-0.157606,-0.057734
-0.167169,-0.051213,-0.074090,-0.484564,-0.393222,-0.160972,-0.124792,-0.306982,-0.127610,0.296503,0.010519,0.203896,-0.390834,-0.223165,-0.112509,0.038493,-0.093094,-0.038740,-0.183742,0.179692
-0.074812,-0.169145,-0.194014,-0.228327,-0.501860,-0.132857,-0.153558,-0.000647,-0.322615,0.197899,-0.048389,0.111043,-0.344852,0.082745,-0.268174,-0.055721,-0.267932,-0.386168,-0.032868,-0.047136
-0.426654,-0.147872,-0.022970,-0.134573,-0.102998,0.167609,0.209658,-0.199590,-0.108134,0.141355,-0.250316,-0.196536,-0.182654,0.050412,-0.005491,-0.438525,-0.103662,-0.444353,-0.268610,-0.115871
-0.402347,-0.295468,-0.119197,0.012477,0.085747,0.336910,0.158896,-0.040159,-0.071818,0.191398,-0.160287,-0.252636,-0.085419,-0.087776,0.090444,-0.419605,0.049668,-0.466633,-0.178274,-0.078599
0.043145,0.385108,0.274762,-0.171433,0.013941,0.057958,0.227158,0.033997,-0.265745,0.454705,0.408612,0.319578,-0.100020,-0.142685,-0.120022,0.152734,0.018112,0.228869,-0.143964,-0.025198
-0.148978,-0.151730,-0.244832,-0.269720,-0.265200,-0.367598,0.100776,-0.019006,0.051192,0.225877,-0.337532,-0.222363,-0.230673,0.020831,-0.226674,-0.095380,-0.105021,-0.363095,-0.327799,-0.157033
-0.280921,-0.206052,-0.066964,-0.162138,-0.068085,-0.042081,0.144272,-0.124062,-0.069731,0.379698,-0.197193,-0.425092,-0.128515,-0.048828,0.010107,-0.220319,-0.022411,-0.281190,-0.454798,-0.287516
-0.205467,0.107594,-0.491030,-0.216393,-0.108748,0.003157,-0.030743,0.180252,-0.303909,0.288752,0.425136,0.033695,-0.249546,-0.098725,-0.277227,0.166846,-0.158758,0.057459,-0.222791,-0.023012
-0.518773,-0.244914,-0.156579,-0.153640,-0.048277,0.174039,0.235213,-0.148200,-0.284437,0.089323,-0.165198,-0.192875,-0.090589,-0.036164,-0.011082,-0.252178,-0.187899,-0.334937,-0.366329,-0.067599
0.119752,0.008488,-0.117976,-0.345365,0.039795,0.411359,0.079128,-0.151356,0.063658,0.111302,0.449646,0.378487,0.251908,-0.217801,-0.252010,-0.062419,-0.114485,0.084691,-0.228138,0.199802
-0.410619,-0.123449,-0.333526,-0.106395,0.121548,-0.104074,0.116928,0.046358,0.146267,0.327419,-0.233809,-0.456738,-0.159017,-0.358043,-0.166829,-0.043344,-0.070950,-0.063733,-0.194997,-0.173150
0.055762,0.045531,-0.215879,-0.160874,-0.258306,0.230746,0.004066,-0.082302,-0.024140,0.238167,0.600298,0.264587,-0.086606,-0.243621,-0.402490,0.179912,-0.027314,-0.095778,-0.021655,0.190528
0.057748,-0.141714,-0.275826,-0.139742,0.076816,-0.183863,-0.020003,0.265562,-0.333729,0.152612,-0.231514,-0.251541,-0.210689,0.088375,-0.307667,-0.222716,-0.262393,-0.415224,-0.254497,-0.127734
-0.156990,-0.124443,-0.303951,-0.048573,0.191500,-0.202816,0.349894,0.016298,0.069403,0.276717,-0.262961,-0.357435,-0.148009,-0.217158,-0.109258,-0.168422,-0.054932,-0.361918,-0.321011,-0.199777
-0.300411,-0.401550,-0.120691,-0.349649,-0.006034,0.393103,0.086416,-0.055853,-0.222141,-0.110584,-0.154896,-0.207054,0.124185,-0.012285,0.021381,-0.401198,0.008199,-0.262923,-0.267062,0.024266
0.048087,-0.122929,-0.193105,-0.088433,-0.341423,0.110407,0.062831,-0.026187,-0.058207,0.252447,0.410192,0.095676,-0.139519,-0.210192,-0.594838,0.117582,0.013928,-0.328879,0.118017,0.077182
-0.193157,-0.168700,-0.265838,-0.145075,-0.247935,-0.048979,0.351170,0.000849,-0.124888,-0.165477,0.075263,-0.291235,-0.464990,-0.025764,-0.438451,-0.105259,0.162270,0.187010,-0.080254,0.184164
-0.214144,-0.239321,-0.130964,-0.144104,-0.015271,-0.150396,0.174500,-0.016692,0.024810,0.179350,-0.271717,-0.634849,-0.054530,0.021707,0.013082,-0.242149,-0.041731,-0.392623,-0.159749,-0.228159
-0.069308,-0.173340,-0.089308,-0.239994,-0.271330,-0.013255,0.298849,-0.142304,-0.204171,0.070819,-0.298658,-0.094514,-0.186602,0.047061,-0.462505,-0.208652,-0.261175,-0.351187,-0.241425,-0.164552
-0.144969,0.271986,-0.003399,-0.230661,-0.087770,0.199396,0.012895,-0.122468,-0.052187,0.525185,0.438153,0.014322,-0.288554,-0.214378,-0.295746,0.196077,-0.005330,0.189082,0.127969,-0.105591
-0.268010,-0.011676,-0.053831,-0.175746,-0.416306,0.293503,0.230000,-0.152590,-0.102730,0.000188,-0.205473,-0.100517,-0.389310,-0.108271,-0.488254,-0.193867,-0.027847,-0.156872,0.028304,0.174033
-0.260317,-0.431727,-0.191009,0.039319,0.046167,-0.097703,0.264550,-0.026371,0.118325,0.193047,-0.139160,-0.435359,-0.329909,-0.157007,-0.064526,-0.301648,-0.079936,-0.133603,-0.321115,-0.096358
-0.250559,0.229587,-0.012154,-0.052050,-0.161046,-0.294944,0.234817,-0.192765,0.247715,0.367678,-0.355358,-0.073057,-0.333088,-0.333102,-0.033520,-0.238126,-0.241914,-0.079086,-0.043617,-0.043017
-0.015127,-0.159288,-0.361904,-0.389857,0.040699,0.022886,0.111735,0.129608,-0.133715,0.015972,0.319373,-0.189021,-0.388922,0.057215,0.034034,-0.161959,-0.267857,-0.434514,-0.188317,0.161783
-0.295807,-0.066996,-0.316020,-0.125767,-0.501399,-0.151272,0.099415,-0.038277,-0.165057,0.039493,-0.114454,-0.179182,-0.423802,0.012766,-0.356655,0.062957,0.157274,-0.104626,-0.258007,-0.139626
-0.196086,-0.003626,-0.048704,-0.164382,-0.081142,0.595623,0.135584,-0.118895,-0.244339,0.007669,-0.164546,0.021382,-0.357639,-0.020518,-0.424358,-0.223494,-0.195961,-0.163423,0.130865,0.101942
-0.487839,-0.020651,0.005096,-0.208837,-0.261755,0.301810,0.107881,-0.129573,-0.272664,0.015503,-0.084462,-0.039809,-0.378700,0.246750,-0.302893,-0.256756,0.003467,-0.136680,0.179640,0.183521
-0.213713,-0.153576,-0.313043,-0.095811,-0.010263,-0.278511,0.214480,-0.119049,0.033382,0.087807,-0.222738,-0.399254,-0.228574,-0.250643,-0.237385,-0.232251,-0.168497,-0.230156,-0.327523,-0.232128
-0.110383,0.370036,-0.133599,-0.209866,-0.080868,-0.388307,0.267035,-0.230670,0.008076,0.245133,0.079587,0.185725,-0.089274,-0.101256,-0.190790,-0.219099,-0.413070,-0.261667,0.017609,-0.253259
-0.252601,0.201210,-0.092017,0.005396,-0.160264,-0.216062,0.134010,-0.374334,0.296747,0.525040,-0.064453,-0.095399,-0.366123,-0.236396,-0.085164,-0.125224,-0.116863,-0.201311,0.001123,0.112831
-0.136731,0.008931,-0.157958,-0.235571,-0.206156,0.236384,-0.128523,-0.105206,-0.161387,0.149972,0.232750,0.089025,-0.488989,-0.273151,-0.453279,0.028138,-0.041610,-0.331421,0.045917,0.174716
-0.204142,0.252978,-0.168760,0.021581,-0.362981,-0.244624,0.040395,-0.286571,0.309593,0.239879,0.001309,-0.190623,-0.108748,-0.417014,-0.243247,-0.233434,-0.125799,-0.006092,0.225628,0.184785
0.017710,-0.093936,-0.200994,-0.165078,-0.110694,-0.112023,-0.176550,0.071957,-0.153262,0.388800,0.432500,-0.145569,-0.321413,0.072797,-0.340526,0.222729,-0.233473,0.336457,-0.058738,0.183918
-0.381095,-0.219206,-0.104264,-0.171323,-0.007109,-0.027400,0.240927,-0.178588,0.196948,0.420423,-0.305459,-0.203587,-0.202288,-0.080039,-0.207951,-0.325767,-0.091842,-0.328138,-0.033235,-0.107452
-0.411054,-0.118699,-0.051138,-0.058216,-0.116109,-0.254564,0.209799,-0.212468,0.296399,0.403810,-0.258275,-0.297823,-0.229005,-0.103947,-0.067539,-0.354220,0.015351,-0.112138,-0.171560,-0.040683
-0.252477,0.245924,-0.142533,-0.333457,-0.195569,0.128698,-0.092183,-0.033395,-0.261517,0.434850,0.377244,0.118747,-0.264036,-0.021212,-0.264179,0.049008,-0.168439,-0.046319,-0.305056,0.003438
-0.182052,-0.242177,-0.329975,-0.020761,-0.156890,-0.159264,0.331099,-0.101214,-0.008305,0.299904,-0.142535,-0.341353,-0.261712,-0.055953,-0.208356,-0.159684,0.056337,-0.449892,-0.146058,-0.186409
0.022987,-0.033904,-0.409707,-0.079635,-0.274399,-0.159166,0.059814,0.032787,-0.181164,-0.227289,0.064670,-0.203726,-0.495776,0.137821,-0.440584,-0.207887,0.042957,0.090506,-0.225028,-0.160868
-0.213332,-0.499515,-0.152127,-0.257501,-0.189240,-0.185326,0.208011,0.129768,-0.145501,0.193594,-0.216363,-0.121570,-0.135365,-0.034211,-0.481176,-0.034611,-0.160868,-0.195433,-0.174006,-0.135815
-0.334083,-0.189785,-0.113712,-0.119863,-0.049854,-0.155891,0.149261,-0.114172,-0.006121,0.242429,-0.168957,-0.398828,-0.235950,-0.045962,0.002325,-0.330173,-0.002186,-0.358872,-0.456453,-0.112268
0.125210,-0.255128,-0.048998,-0.184515,-0.105712,0.116257,-0.076226,-0.018313,0.248053,0.147485,0.062516,0.151504,-0.247191,-0.245453,-0.529944,0.068366,0.129704,-0.544772,0.145865,-0.007992
-0.270530,0.204877,-0.046151,-0.031741,-0.165253,-0.495049,0.059240,-0.328638,0.187171,0.346459,-0.083683,-0.085862,-0.238714,-0.388944,-0.040196,-0.280201,-0.181306,0.025507,0.046451,0.065538
-0.070198,-0.183553,-0.297670,-0.293448,-0.089167,0.087020,0.079900,0.068258,-0.262986,-0.180978,-0.037982,-0.153872,-0.178247,-0.266027,-0.462774,-0.352638,-0.181226,-0.162045,0.035465,0.362829
-0.058617,-0.286953,-0.252949,-0.038275,0.168877,-0.199373,0.375047,0.007373,-0.054473,0.202683,-0.183321,-0.422706,-0.349149,-0.072908,-0.181600,-0.281802,-0.148707,-0.275588,-0.146482,-0.155965
-0.233795,-0.156168,-0.295342,-0.136128,0.129817,-0.061217,0.047376,0.120799,0.015883,0.333090,-0.326604,-0.408169,-0.237241,-0.259738,-0.254670,-0.158341,-0.159897,-0.134593,-0.353376,-0.105127
-0.212772,-0.160111,-0.188126,-0.120966,-0.296855,-0.193013,0.080979,-0.169985,-0.221464,0.030498,0.042696,-0.184765,-0.508680,0.128003,-0.422529,-0.027222,0.252835,-0.102733,-0.318714,-0.042783
-0.112151,-0.132474,-0.218744,-0.155294,-0.265913,-0.211914,-0.014411,0.117964,-0.161205,0.301473,-0.097101,0.018564,-0.230971,0.194157,-0.318539,-0.041581,-0.087742,-0.545042,-0.311070,-0.213883
-0.334142,0.098199,-0.098514,0.029881,-0.275325,-0.472746,0.152431,-0.349930,0.127690,0.324080,-0.159126,-0.115989,-0.133757,-0.215571,-0.152255,-0.340146,-0.107209,-0.079587,-0.184582,-0.088775
0.003433,-0.167398,-0.327968,-0.091718,-0.033292,0.067760,0.222792,0.225743,-0.154351,-0.110168,-0.140660,-0.289290,-0.187451,-0.382809,-0.386167,-0.249475,-0.234066,0.133717,0.271082,0.266578
-0.200540,-0.088101,-0.153811,-0.081088,-0.387714,-0.206894,0.084453,-0.017939,-0.215503,0.340152,-0.073158,0.022309,-0.158725,0.115828,-0.255391,-0.062227,-0.278437,-0.559982,-0.102442,-0.209534
-0.077505,0.116660,-0.246869,-0.437951,-0.223246,0.109774,0.019923,-0.272806,-0.253453,0.113508,0.217370,0.192727,-0.389370,0.311965,-0.361100,-0.020871,-0.105995,0.074609,0.115617,0.139585
-0.048017,-0.121106,-0.293266,-0.082387,-0.468562,-0.270853,0.160254,0.003322,-0.333145,-0.098286,-0.068498,-0.145795,-0.444123,0.226034,-0.270447,-0.159725,0.118464,-0.135170,-0.155378,-0.146974
-0.186530,-0.136900,-0.256245,-0.174629,-0.003535,-0.155275,0.347457,-0.086189,-0.106307,0.429465,-0.190963,-0.230998,-0.245398,-0.017996,-0.187908,-0.195101,-0.185514,-0.341001,-0.308706,-0.180411
-0.079064,-0.234868,-0.277304,0.013055,0.094169,-0.415412,0.286024,-0.018355,-0.081853,0.214643,-0.163305,-0.363605,-0.084497,-0.125897,-0.232239,-0.221338,-0.328946,-0.078200,-0.241803,-0.295945
-0.366673,-0.063362,-0.161960,-0.170921,-0.168017,-0.261060,0.271932,-0.098711,0.125219,0.364268,-0.326113,-0.248201,-0.218467,-0.088086,-0.171109,-0.387017,-0.091357,-0.239797,0.083066,-0.048956
-0.347338,0.002920,-0.145221,-0.272247,-0.243831,0.235374,0.033118,-0.190945,-0.219964,0.233973,-0.233628,0.078891,-0.303550,-0.015578,-0.455822,-0.027541,0.091428,-0.350603,-0.153195,0.110128
-0.205351,-0.194014,-0.204253,-0.113393,0.018087,-0.207129,0.234063,0.005376,-0.039279,0.208651,-0.294125,-0.482586,-0.227457,-0.037277,-0.075520,-0.174869,-0.080394,-0.246867,-0.336057,-0.365160
-0.441294,0.000423,0.019419,-0.267720,-0.156118,0.073101,0.176430,-0.094964,-0.208122,-0.019377,-0.373504,0.016949,-0.068554,-0.002143,-0.506668,-0.113934,-0.212741,-0.389780,-0.089818,0.014538
-0.252774,-0.219981,-0.288192,-0.071076,0.047420,-0.339802,0.383786,0.062357,-0.050563,0.360214,-0.123801,-0.362549,0.051046,-0.141305,-0.312701,-0.121571,-0.180589,-0.134920,-0.240664,-0.088114
-0.384318,-0.066258,-0.319214,-0.014509,0.117778,0.175390,-0.213880,0.163540,0.116088,0.159178,-0.347378,-0.263400,-0.269573,-0.330703,-0.403160,-0.024154,-0.124713,0.169784,0.077668,0.065147
-0.210407,-0.171488,-0.406940,-0.130368,-0.117898,-0.276493,-0.034745,0.146121,-0.105295,0.223592,-0.049036,-0.163583,-0.263060,-0.013102,-0.530528,-0.055242,-0.237896,-0.326056,-0.111647,-0.106384
-0.208624,-0.070079,-0.130618,-0.024741,-0.022448,-0.236573,0.210812,-0.181456,0.113370,0.430930,-0.324072,-0.269959,-0.213161,-0.094707,-0.135722,-0.362876,-0.225161,-0.354914,-0.121194,-0.166564
0.024155,-0.076481,-0.073385,-0.194510,-0.111316,0.155856,-0.069585,-0.015454,-0.262355,0.267880,0.193602,0.049181,0.143128,-0.339589,-0.678778,0.074647,0.027311,-0.315752,0.158473,-0.020425
-0.315366,0.327675,0.024187,-0.038026,-0.214333,-0.304515,0.166402,-0.297352,0.210217,0.386322,-0.050549,-0.116517,-0.245909,-0.444171,-0.120975,-0.108896,-0.193513,0.055387,-0.044418,-0.007726
-0.426929,-0.078197,-0.315985,0.046701,0.099194,0.029202,-0.043278,0.028351,0.129438,0.238289,-0.312763,-0.359933,-0.157762,-0.397363,-0.390522,-0.022488,-0.010379,0.062685,-0.233921,-0.027509
-0.334858,-0.306924,-0.173829,0.003010,-0.054232,-0.121137,0.156049,-0.056774,-0.035981,0.140349,-0.274073,-0.227741,-0.196533,-0.199025,-0.089602,-0.335387,-0.118319,-0.424390,-0.288126,-0.307255
0.047494,-0.169586,-0.258331,-0.224425,-0.375905,-0.314998,0.127838,0.075556,-0.278859,0.097309,-0.194754,0.121615,-0.203954,0.178865,-0.271099,-0.124251,-0.283851,-0.424870,-0.075233,-0.141718
-0.078979,-0.171565,-0.291790,-0.025740,-0.075660,-0.121074,0.247258,0.037632,0.065906,0.214723,-0.209050,-0.327587,-0.192637,-0.179809,-0.361369,-0.195667,-0.118562,-0.441328,-0.249857,-0.290781
-0.047181,-0.116679,-0.264251,-0.193330,-0.448365,-0.351248,0.028259,-0.048971,-0.224667,0.306933,-0.018294,-0.078184,-0.304711,0.182358,-0.338596,-0.063443,-0.035259,-0.265300,-0.199744,-0.204745
-0.158813,0.080748,-0.300180,-0.134160,-0.232144,0.052672,-0.125559,-0.007506,-0.250796,0.486420,0.358481,0.101563,-0.337659,-0.076783,-0.438883,0.059333,-0.101817,-0.102519,-0.111309,-0.004833
-0.290328,-0.236587,-0.004617,-0.086513,-0.040887,-0.101513,0.089216,-0.166883,0.141763,0.729652,-0.231559,-0.345484,-0.083452,-0.021209,-0.086945,-0.213304,-0.097585,-0.037297,0.082543,-0.027879
-0.157387,-0.141713,-0.275947,-0.208280,-0.057521,-0.026371,0.166389,0.138946,-0.214740,-0.032987,-0.298279,-0.207647,-0.146915,-0.269219,-0.415000,-0.481293,-0.186704,-0.044370,0.234310,0.125199
-0.288580,-0.234021,-0.165158,-0.103748,0.320519,-0.011313,0.147450,0.040288,0.028854,0.285763,-0.187733,-0.398614,-0.160514,-0.237779,-0.141608,-0.292233,-0.130032,-0.201035,-0.395726,-0.139214
-0.227272,-0.226971,-0.254287,-0.046361,0.085839,-0.149941,0.219516,0.049305,-0.010356,0.174236,-0.381331,-0.278033,-0.149099,-0.296232,-0.214818,-0.216519,-0.118633,-0.175288,-0.468733,-0.169848
-0.172936,-0.179930,-0.127801,-0.085984,-0.319130,-0.194426,0.255209,-0.018204,-0.065010,0.178595,-0.329919,-0.291166,-0.152102,0.229362,-0.238602,-0.158820,0.263321,-0.232847,-0.321329,-0.307299
-0.277118,0.221252,0.011440,-0.207167,-0.294429,0.083994,-0.000275,-0.250056,-0.205294,-0.012839,-0.085871,0.019165,-0.396146,0.075484,-0.337609,-0.221079,-0.087004,-0.522414,-0.120811,0.065684
0.153190,-0.221783,-0.213651,-0.131092,-0.305185,0.167504,-0.020539,0.051075,-0.168832,0.226966,0.286749,0.242683,-0.041457,-0.431338,-0.387755,0.225475,0.107095,-0.291978,0.172878,-0.059815
-0.206454,-0.210111,-0.247237,-0.067814,0.145198,-0.207106,0.237779,0.125999,0.033926,0.180914,-0.477944,-0.352808,-0.071671,-0.151825,-0.133530,-0.225677,-0.156590,-0.261772,-0.286964,-0.228014
-0.304643,-0.235463,-0.096803,-0.051976,-0.080796,0.198506,0.371833,-0.023857,-0.044050,0.086301,-0.173563,-0.344808,0.011033,-0.246710,-0.057826,-0.345425,0.233188,-0.378109,-0.270378,-0.205948
-0.389623,-0.093441,-0.045977,-0.060469,-0.101833,-0.168081,0.193596,-0.130911,0.138109,0.367294,-0.230748,-0.320774,-0.202643,-0.057863,0.045382,-0.339408,-0.064469,-0.428396,-0.207372,-0.194893
-0.057480,-0.295514,-0.433921,-0.243492,-0.206122,-0.050005,0.037312,0.107828,-0.223830,-0.086212,0.000424,-0.151111,-0.123165,-0.234436,-0.388777,-0.364001,-0.172879,0.023160,0.083535,0.363652
-0.284586,-0.029498,-0.014077,-0.150546,-0.146055,0.225150,0.123234,-0.125206,-0.152318,-0.053732,-0.243842,0.044605,-0.090685,0.019255,-0.545173,-0.109516,-0.072683,-0.593489,-0.159693,0.063551
-0.083880,-0.062583,-0.270357,-0.477913,0.119726,-0.064815,0.094857,0.026615,-0.110033,-0.356208,-0.021060,-0.144886,-0.393050,-0.069734,-0.116664,-0.231255,-0.154705,-0.315186,-0.107045,0.371094
-0.369862,-0.227057,-0.204177,-0.094359,-0.011591,0.425784,0.006058,-0.153018,-0.256422,-0.054335,-0.088696,-0.207879,-0.160069,-0.139510,0.000702,-0.518603,-0.037622,-0.332548,-0.060988,-0.081454
-0.481463,-0.123311,-0.028852,-0.128750,-0.083536,-0.260691,0.307483,-0.223970,0.032882,0.340863,-0.301473,-0.093216,-0.210860,0.089737,-0.162928,-0.346282,-0.079008,-0.305548,-0.022667,0.001593
-0.252667,0.060147,-0.096929,-0.192420,0.111664,0.124251,-0.338783,-0.097735,-0.029496,0.244443,-0.171339,-0.250011,-0.211179,-0.172003,-0.435163,0.118052,-0.366087,0.291486,0.254766,0.141519
-0.101309,-0.113362,-0.296054,-0.094849,-0.503529,-0.286339,0.066680,0.049356,-0.243621,-0.224946,0.024146,-0.123840,-0.321607,0.126720,-0.494869,-0.047710,0.111614,-0.087584,-0.146548,0.060749
-0.116058,-0.294181,-0.228835,-0.223096,-0.010810,0.136092,-0.143822,0.031630,-0.202454,-0.190319,-0.012476,0.120709,-0.220841,-0.137077,-0.406007,-0.306657,-0.261600,0.370977,0.294702,0.215045
-0.270072,-0.274480,-0.243031,-0.199182,0.117900,0.220990,0.053709,-0.148882,0.121381,0.154108,-0.267607,-0.162138,-0.093485,-0.053523,-0.477525,-0.289617,-0.149235,-0.091575,0.379643,0.174683
-0.265074,0.046849,-0.095780,-0.305664,-0.157455,0.207035,0.145586,-0.098450,-0.258723,0.026467,-0.156504,-0.011043,-0.458971,0.099290,-0.235948,-0.309019,-0.094438,-0.484746,-0.064680,0.119929
-0.299328,-0.121321,-0.090583,-0.309549,-0.196355,-0.241227,0.240103,-0.092714,0.055587,0.111927,-0.265452,-0.167622,-0.240852,-0.179311,-0.424416,-0.272636,-0.222654,-0.241303,-0.247484,-0.028548
-0.324183,-0.224344,-0.000971,-0.327405,-0.012217,0.075985,0.298743,-0.115472,-0.379732,0.109476,-0.182230,0.005369,-0.245139,0.143915,-0.459497,-0.294601,-0.068854,-0.213535,-0.052694,0.087238
-0.107061,-0.242949,-0.296108,-0.286219,-0.079574,0.032029,0.227494,0.173316,-0.276751,-0.115129,-0.098728,-0.295487,-0.297548,-0.209767,-0.476582,-0.209802,-0.215318,-0.015411,0.029169,0.180893
0.067215,-0.270212,-0.106695,-0.248169,-0.088052,0.059569,-0.055081,-0.091481,-0.043276,0.119924,-0.071214,0.201954,-0.148466,-0.462042,-0.650936,0.133899,0.041351,-0.277352,0.089666,-0.028895
-0.238159,-0.339581,0.009996,-0.154509,-0.107416,0.035961,0.296653,-0.121131,-0.187465,0.074075,-0.236979,-0.266037,-0.095828,0.088285,0.077554,-0.328972,0.080776,-0.369572,-0.375584,-0.324860
-0.114449,0.386587,0.185511,-0.338780,0.124922,0.169498,0.265684,0.038746,-0.150870,0.331869,0.282392,0.334191,0.328527,-0.029311,0.149861,-0.179741,0.029950,-0.070023,-0.196534,-0.198832
-0.305251,0.126174,-0.110280,-0.044778,-0.227688,-0.268321,0.184743,-0.156542,0.346227,0.489982,-0.050223,-0.225372,-0.263862,-0.222569,-0.161000,-0.295992,-0.063441,-0.037643,0.162808,0.127873
-0.323886,-0.209573,-0.110314,-0.017111,0.051587,-0.005224,0.329701,-0.077290,0.071870,0.181787,-0.275699,-0.457148,-0.130516,-0.132318,0.017134,-0.268387,-0.077144,-0.313611,-0.353367,-0.249209
-0.277033,-0.137524,-0.164368,-0.175649,0.004526,-0.083832,0.195818,-0.104765,0.082404,0.520544,-0.122940,-0.317780,-0.120364,-0.359627,-0.120933,-0.275254,-0.144132,-0.360044,-0.102274,-0.034271
-0.037760,-0.130106,-0.184762,-0.129984,-0.256954,-0.200963,-0.058598,0.057172,-0.314082,0.342119,-0.129711,0.048186,-0.186044,0.246961,-0.240399,-0.113198,-0.164142,-0.585305,-0.142303,-0.163335
-0.272613,0.085774,0.016474,-0.025398,-0.152310,-0.146842,0.063668,-0.381397,0.265759,0.365102,-0.092291,-0.047551,-0.342009,-0.460751,-0.135991,-0.236372,-0.254288,-0.007189,0.148332,0.134469
-0.177071,-0.002057,-0.418644,-0.071890,-0.228036,0.178711,0.100459,-0.044832,-0.077711,0.157756,0.073955,-0.383459,-0.333531,0.161910,-0.347832,-0.219076,0.408750,-0.157994,-0.081508,-0.060102
-0.063515,-0.108197,-0.283988,-0.186401,-0.254638,-0.241199,0.327835,-0.061019,-0.146058,0.098630,0.053751,-0.243068,-0.221975,0.201238,-0.513209,0.020774,0.157488,-0.130809,-0.350501,-0.152538
-0.112595,-0.072694,-0.118276,-0.134541,-0.438419,-0.311007,-0.064513,-0.034597,-0.089363,0.140994,-0.110194,0.075077,-0.270871,0.119782,-0.381151,-0.096154,-0.219822,-0.528284,-0.176185,-0.096545
-0.183185,-0.267350,-0.316583,-0.039772,0.075021,-0.213296,0.187839,0.005404,0.095233,0.311054,-0.178549,-0.456731,-0.196551,-0.226352,-0.160229,-0.038534,-0.148825,-0.176555,-0.291292,-0.324377
-0.243576,-0.267912,-0.197926,-0.064701,0.192498,0.025972,0.310799,-0.178327,-0.296655,0.227386,-0.210829,-0.344163,-0.133481,-0.020945,-0.149208,-0.205692,-0.114022,-0.467555,-0.185996,-0.088142
-0.292737,0.166699,-0.072518,-0.014168,-0.173704,-0.292511,0.243493,-0.105332,0.433819,0.467728,-0.183356,-0.260941,-0.187202,-0.209312,-0.188004,-0.161114,-0.139943,0.162665,-0.006181,-0.004177
-0.399317,0.047525,-0.003310,-0.099709,-0.156702,-0.266377,0.157152,-0.153281,0.163972,0.509835,-0.272772,-0.326842,-0.161398,-0.077030,-0.041452,-0.304123,-0.124096,-0.190631,-0.082318,-0.178531
-0.331057,-0.146803,-0.245790,0.063121,0.158978,-0.295044,0.219772,0.032679,0.058585,0.197693,-0.268108,-0.392051,-0.079490,-0.195561,-0.259730,-0.246665,-0.102651,-0.216182,-0.273994,-0.263531
-0.112956,-0.278020,-0.009876,-0.121128,-0.113489,-0.171785,-0.091694,-0.178102,0.032253,0.467488,-0.300856,-0.173813,-0.219953,-0.026567,-0.122041,-0.400924,-0.302566,-0.268654,-0.251047,-0.144509
-0.373080,0.009522,-0.053988,-0.161256,-0.272438,0.107370,0.079131,-0.231502,-0.319013,0.033450,-0.248115,0.106246,-0.483030,0.049956,-0.294351,-0.181301,0.028554,-0.385906,0.023424,0.069619
-0.104588,-0.028251,-0.337613,-0.329006,0.025087,-0.092440,0.092652,0.046647,-0.056615,-0.209252,-0.095235,-0.262156,-0.561782,0.045097,-0.122097,-0.154906,-0.213073,-0.327518,-0.215530,0.256235
-0.104954,0.192850,0.104061,-0.435436,-0.122565,0.008997,0.093987,-0.143493,0.020252,0.548076,0.059452,0.285542,-0.140417,-0.220197,-0.244132,-0.185819,-0.136121,-0.322702,-0.073673,-0.174761
0.030075,-0.078112,-0.064659,-0.339554,-0.028985,-0.254699,-0.186674,0.043892,-0.386138,-0.138739,-0.107118,0.251070,-0.229810,-0.144893,-0.589971,0.093586,-0.126236,-0.253936,0.075607,-0.106783
0.066112,-0.175756,-0.389214,0.009344,0.035214,-0.184506,-0.333115,0.319562,-0.217397,0.233481,0.220187,-0.311731,-0.276854,0.125827,-0.276373,-0.136158,-0.107240,-0.305755,-0.158026,0.001675
-0.186943,0.016652,-0.037970,-0.149527,-0.306497,-0.127916,0.248925,-0.285326,-0.218523,0.155099,-0.233874,0.063770,-0.397443,0.240766,-0.331221,-0.189035,-0.030153,-0.338240,-0.258912,-0.114034
-0.403489,-0.017067,-0.124649,-0.178988,-0.145073,0.283062,0.040178,-0.106312,-0.196141,0.056700,-0.163803,-0.022152,-0.625948,0.033758,-0.335431,-0.082234,0.007482,-0.194442,0.139537,0.191507
0.003763,-0.296399,-0.382890,-0.260964,-0.205624,-0.104985,0.374080,-0.029204,0.018900,0.069368,0.122527,0.113755,-0.303651,-0.191115,-0.432059,0.027422,-0.080176,0.005050,0.352313,0.153227
-0.042922,0.232066,0.100601,-0.248744,-0.103419,-0.365217,0.143284,-0.325027,0.101293,0.159668,0.091375,0.163916,-0.245665,-0.255832,-0.235335,-0.339210,-0.391906,-0.236665,-0.048481,-0.151283
-0.092106,-0.178430,-0.268976,-0.121129,-0.283696,-0.218947,-0.146750,0.168115,-0.233457,0.257236,-0.072152,0.070181,-0.348895,0.208662,-0.311121,-0.046397,-0.265838,-0.445289,-0.072103,-0.158962
-0.092447,-0.161085,-0.233087,-0.252569,-0.401332,-0.351736,0.042833,0.027831,-0.204564,0.207169,-0.133052,-0.104365,-0.300455,0.163580,-0.347844,-0.096404,-0.210430,-0.300073,-0.244906,-0.070746
0.294398,0.331787,0.143872,-0.294076,-0.027917,0.165842,0.302770,-0.054436,-0.107830,0.370408,0.179538,0.546773,0.207573,-0.017803,-0.069989,-0.029479,-0.057848,-0.063786,-0.186499,-0.041945
-0.314960,-0.089247,0.121572,-0.280982,-0.242928,0.203653,0.318854,-0.210983,-0.300750,-0.063174,-0.185636,-0.145963,0.067460,0.230326,-0.144425,-0.199292,0.142131,-0.399893,-0.310665,-0.086150
-0.318270,-0.214252,-0.171339,-0.305459,-0.114700,0.191499,0.224438,-0.145016,-0.127690,0.017544,-0.206549,-0.195331,0.058246,0.047884,0.040854,-0.384095,0.106451,-0.445286,-0.365566,-0.115524
-0.007998,-0.102544,-0.324338,-0.115172,-0.323055,-0.191742,-0.208235,0.066873,-0.173023,0.220084,-0.055438,0.012844,-0.261678,0.180602,-0.415209,-0.130016,-0.309121,-0.457800,-0.068194,-0.014237
0.028095,-0.190126,-0.270794,-0.164926,-0.325526,0.133558,0.159408,-0.178972,-0.266368,0.047373,0.178342,-0.106083,-0.284726,0.203778,-0.308624,-0.288538,0.433995,-0.189767,-0.198186,0.017118
