-0.180031,-0.289445,-0.086916,-0.052786,0.473842,-0.271498,0.077554,-0.164036,0.227810,0.330550,-0.370149,-0.186090,-0.201989,-0.135071,-0.278251,-0.073723,-0.026849,-0.116299,-0.229440,-0.026799
-0.301954,-0.334983,-0.031330,-0.164148,0.309472,-0.088580,0.085181,-0.404420,-0.034456,0.244643,-0.237735,-0.102735,-0.483501,0.038942,-0.117932,0.090151,-0.049270,-0.049750,-0.322341,-0.003491
-0.105892,-0.005264,-0.071034,-0.345624,-0.110376,0.329078,-0.020246,-0.242363,-0.116161,-0.087117,-0.020372,0.411245,-0.331908,-0.310688,-0.467581,0.107226,0.078950,0.186238,-0.078026,0.100931
-0.098176,-0.137841,-0.156839,0.040759,-0.547013,-0.281194,-0.053820,-0.106600,-0.390825,0.133733,-0.274991,0.078541,-0.033316,-0.061386,-0.029143,0.153444,-0.324265,-0.387014,0.125351,-0.014753
-0.255562,-0.121493,-0.045750,-0.173876,0.266456,0.022947,0.086650,-0.336054,-0.044533,0.206507,-0.302336,-0.099101,-0.425101,-0.026524,-0.065144,-0.099504,-0.054904,-0.467242,-0.288576,-0.222743
-0.293444,-0.225840,-0.045472,-0.060893,0.382223,0.000920,0.055138,-0.384640,-0.071546,0.290382,-0.170331,-0.179741,-0.373637,-0.138839,-0.020759,-0.071965,0.207162,-0.327658,-0.262949,-0.159246
0.046287,0.162446,0.235867,-0.106480,-0.006333,-0.037352,0.430088,0.111771,-0.241817,0.205009,0.192039,0.651117,-0.186301,0.156999,-0.070017,0.017880,-0.001833,0.252515,0.041395,0.119158
-0.177580,-0.252462,-0.137111,0.024543,0.036626,-0.460553,0.192029,-0.041560,0.012773,0.208105,-0.419161,-0.191628,-0.224177,-0.076374,-0.146183,-0.098229,-0.148576,-0.483061,0.063340,-0.175624
-0.135437,-0.299477,0.029788,-0.145345,0.313177,-0.164968,0.079536,-0.322267,0.037301,0.292382,-0.332424,-0.297442,-0.317128,-0.125550,0.033155,-0.069095,-0.045755,-0.288695,-0.339815,-0.159708
-0.261913,-0.039253,-0.195158,0.145469,-0.185528,-0.003802,0.061839,-0.110471,-0.022867,0.476108,0.171552,0.177992,-0.517067,-0.270561,-0.260248,0.104479,0.044331,-0.098414,0.311387,0.063388
-0.231548,-0.162742,-0.040098,-0.204008,0.246829,-0.133421,0.096613,-0.156002,-0.132505,0.129950,-0.298217,0.074644,-0.603702,-0.068916,-0.093799,-0.050577,-0.070986,-0.254177,-0.332355,-0.273241
0.323000,-0.145020,-0.296302,-0.255927,-0.066087,0.496307,0.167663,-0.202806,0.178714,0.092514,0.249327,0.422107,-0.099799,-0.128508,-0.177835,-0.013136,-0.209501,0.106975,-0.083478,-0.002446
-0.373879,-0.174377,-0.190170,0.021019,0.346758,-0.303227,0.111872,-0.058726,0.230250,0.051411,-0.307900,-0.205477,-0.418340,-0.335096,-0.242551,0.104410,-0.061450,-0.061921,-0.030100,-0.082587
0.112559,0.154723,-0.374405,0.038436,0.032677,0.375362,0.120664,-0.271512,0.167500,0.251468,0.165523,0.269263,-0.475248,-0.194145,-0.269779,0.110180,-0.129393,-0.018679,0.174676,0.064984
0.033854,-0.347707,-0.145305,-0.106443,0.020565,-0.369740,0.089992,-0.103391,-0.124143,0.179500,-0.368265,-0.184653,-0.185575,0.109153,-0.059175,-0.060163,-0.310061,-0.528221,0.189313,-0.088182
-0.133358,-0.137810,-0.085985,-0.095080,0.387469,-0.326548,0.265242,-0.062620,0.186929,0.116301,-0.260416,-0.286315,-0.316974,-0.172496,-0.075710,-0.090147,-0.048938,-0.400586,-0.113184,-0.312615
-0.125133,-0.244502,-0.155350,-0.246269,0.110266,0.047830,0.019575,-0.171734,-0.176058,0.051741,-0.142515,0.016000,-0.695562,-0.036849,0.042827,-0.111205,-0.009082,-0.228815,-0.199145,-0.386980
0.050774,0.012280,-0.277742,0.335445,-0.215413,0.216370,0.009980,-0.304407,-0.125399,0.194939,0.268331,0.248956,-0.294117,-0.109979,-0.308166,0.024526,-0.020908,-0.171343,0.458206,-0.001575
-0.080041,-0.345218,-0.485377,-0.183254,-0.230743,-0.008360,0.227889,-0.077315,0.047200,0.021953,-0.011548,-0.009022,-0.632694,-0.142109,-0.093043,0.176948,-0.111814,-0.064290,0.113507,-0.033367
-0.172970,-0.395251,0.083080,-0.101066,0.406463,-0.241539,0.108444,-0.094324,0.145418,0.286611,-0.285314,-0.359809,-0.119248,0.023109,-0.027124,-0.212371,0.030267,-0.274021,-0.218815,-0.232157
-0.063846,-0.266619,-0.046324,-0.142413,-0.214188,-0.243736,0.198131,-0.362593,-0.176577,0.184692,-0.329811,0.005346,-0.249539,-0.015464,-0.285109,0.087966,-0.411050,-0.277828,-0.084699,-0.217818
-0.109795,0.154429,-0.125498,0.087864,-0.130145,0.121371,0.055296,-0.090319,-0.196227,0.319365,0.281068,0.444777,-0.500324,-0.058450,-0.302780,0.147772,-0.009094,0.136863,0.307139,-0.004101
-0.101797,-0.169309,-0.078693,-0.285151,-0.380856,-0.243611,0.087566,-0.306222,-0.081361,0.128829,-0.315905,0.073450,-0.407534,-0.217546,-0.262342,-0.046164,-0.310510,0.001464,-0.206725,-0.125320
-0.158822,-0.319039,-0.035048,-0.097499,0.439871,-0.308674,0.309041,-0.215448,0.128598,0.162834,-0.121512,-0.235507,-0.481888,-0.141994,-0.070439,-0.106338,0.018887,-0.066696,-0.210365,-0.024015
-0.132871,0.053782,-0.035752,-0.030802,-0.137455,-0.271438,0.303194,-0.341009,0.231171,0.274262,-0.404101,-0.343297,-0.051702,-0.190836,0.035260,-0.375257,-0.155701,-0.226435,0.087453,0.048095
0.025310,-0.242322,-0.375886,-0.314360,0.027556,0.277503,0.227872,-0.305779,-0.186044,0.006137,0.222296,-0.038515,-0.414112,0.036158,0.038810,-0.031957,-0.192135,-0.352929,-0.081511,0.219868
-0.320921,-0.087385,-0.352871,-0.024572,-0.448681,-0.182016,0.075566,-0.110170,0.045399,0.117452,-0.187967,0.045827,-0.495562,-0.177380,-0.205125,0.264010,-0.018480,-0.236646,0.092279,-0.070647
0.004036,-0.132472,-0.221927,-0.310583,-0.026335,0.042724,0.153387,-0.404656,-0.150956,0.037712,-0.331069,0.033829,-0.319370,-0.080515,-0.527706,0.139084,-0.259866,-0.070881,0.154750,-0.095751
-0.247851,-0.059392,-0.132669,-0.112582,0.093639,0.037851,0.103065,-0.397393,-0.358189,0.207824,-0.208304,0.042631,-0.467657,-0.052231,-0.450954,0.162674,-0.126773,-0.074991,-0.042538,-0.185919
-0.167356,-0.228282,-0.126656,-0.056589,0.292333,-0.455361,0.180088,-0.132678,0.053987,0.210838,-0.308698,-0.292363,-0.223301,-0.112470,-0.290395,-0.104850,-0.144662,-0.130451,-0.052883,-0.362041
-0.039275,0.032145,0.190529,-0.055451,-0.191670,-0.309151,0.237151,-0.200204,-0.097946,0.091317,0.049678,0.244476,-0.405052,0.015134,-0.268547,-0.183387,-0.368257,-0.155981,0.362396,-0.296524
0.039704,-0.029640,-0.173902,-0.001178,-0.167517,-0.200090,0.225156,-0.467868,0.243411,0.230664,-0.182046,-0.301769,-0.082545,-0.106700,-0.010666,-0.369992,-0.128260,-0.381451,0.218019,0.168089
-0.082887,-0.140141,-0.285509,-0.040937,-0.104337,0.460129,0.048677,-0.233787,-0.088480,0.155721,0.157684,0.144086,-0.445378,-0.237577,-0.298507,-0.041308,-0.088791,-0.040739,0.417637,0.058181
0.191924,-0.029260,-0.221618,-0.025665,-0.341123,-0.115612,0.128588,-0.349350,0.310837,0.189256,-0.140526,-0.223173,-0.351026,-0.267367,-0.099498,-0.290257,-0.195456,-0.210831,0.186497,0.189597
0.201960,-0.199329,-0.265338,-0.070933,-0.089986,0.092318,0.018764,-0.170557,0.155848,0.129242,0.170331,0.026501,-0.494433,-0.065461,-0.325267,0.297512,-0.345765,0.133699,0.365178,0.115893
-0.028236,-0.269825,-0.124892,-0.003614,0.303074,-0.154358,0.240730,-0.488339,0.173510,0.348001,-0.261025,-0.092387,-0.320877,-0.062091,-0.271453,-0.164142,-0.203364,-0.095000,-0.102765,0.049103
-0.145554,-0.227449,-0.080648,-0.037209,0.021499,-0.343139,0.067914,-0.223510,0.146337,0.415916,-0.369269,-0.388020,-0.338500,-0.180989,-0.051837,-0.293878,-0.117917,-0.067931,-0.093150,0.038856
-0.270235,0.197541,-0.025022,0.007157,-0.138618,0.137841,0.014822,-0.218996,-0.173275,0.496978,0.178751,0.186736,-0.464284,-0.281630,-0.289542,0.050337,-0.047913,-0.095800,0.229815,0.107308
-0.230852,-0.285706,-0.220447,0.142205,0.125886,-0.414073,0.220173,-0.144869,-0.005343,0.304693,-0.209995,-0.128177,-0.311970,-0.096395,0.097946,0.103014,-0.147072,-0.364754,-0.067089,-0.316385
0.191265,-0.145377,-0.404845,-0.155121,-0.381892,-0.175250,0.108056,-0.087111,0.052305,0.188646,-0.094710,-0.032475,-0.533655,-0.050174,-0.217075,0.021544,-0.180435,0.121433,0.300216,-0.194506
-0.197305,-0.240121,-0.229154,0.004930,-0.312196,-0.401623,0.149361,-0.282595,-0.104108,0.164610,-0.267108,-0.003862,-0.055424,-0.105644,-0.151877,0.456044,-0.176142,-0.232300,0.188725,-0.121501
-0.301018,-0.257552,0.089420,-0.081932,0.246228,-0.382767,0.162548,-0.227555,0.030361,0.208334,-0.224164,-0.209166,-0.300720,-0.039659,-0.007168,-0.232630,0.118119,-0.361918,-0.289855,-0.171908
0.156174,-0.328105,-0.392553,0.331296,-0.125730,0.332523,-0.104931,-0.141941,-0.115979,0.123436,0.080447,0.121356,-0.152914,-0.248980,-0.029622,-0.116992,-0.268766,-0.205700,0.404274,-0.136943
0.016970,-0.024816,-0.082456,-0.030451,-0.279146,-0.356378,0.339499,-0.386490,0.197236,0.172084,-0.157826,-0.312938,-0.029187,-0.195200,0.016299,-0.412222,-0.266458,-0.096675,0.134583,0.151156
0.179678,-0.209614,-0.315050,-0.119847,-0.233133,0.038610,0.597723,-0.012073,-0.010353,-0.149012,-0.225172,-0.140633,-0.309782,0.033710,-0.302731,-0.093233,-0.234311,-0.020231,0.134503,0.182385
-0.069155,-0.380291,0.009249,0.056070,0.394085,-0.324108,0.394159,-0.155482,0.012033,0.185270,-0.202277,-0.289633,-0.249646,-0.057913,-0.088214,-0.233104,-0.090096,-0.238073,-0.007870,-0.235702
-0.101643,-0.197762,-0.177442,-0.037969,0.479630,-0.215756,0.046535,-0.143493,0.146075,0.077006,-0.427079,-0.198267,-0.395363,-0.289066,-0.267580,-0.032929,-0.139786,-0.165705,-0.098264,0.009891
-0.268602,-0.204599,-0.271813,-0.093598,-0.162760,-0.338251,0.166274,-0.178870,0.014950,0.177104,0.027203,0.118073,-0.630463,-0.163027,-0.160702,0.229072,0.002472,-0.175519,0.062853,-0.139314
-0.095695,-0.146904,-0.040543,0.049440,-0.380756,-0.454888,0.014098,-0.172756,-0.134155,0.097924,-0.190873,0.118939,-0.016005,0.003680,-0.080468,0.128034,-0.229643,-0.606099,0.185478,-0.165633
-0.084084,-0.020146,-0.009487,-0.009285,-0.264616,-0.393066,0.260443,-0.234660,0.078815,0.382446,-0.344778,-0.302268,-0.083384,-0.253945,0.014684,-0.289473,-0.288707,-0.189790,0.039489,0.076375
0.314368,-0.350596,-0.304688,0.042338,-0.264481,-0.043070,0.348984,-0.001545,0.181638,-0.126469,-0.320178,-0.221295,-0.194950,0.030388,-0.244446,-0.075466,-0.118927,-0.034515,0.380001,0.159515
-0.231453,-0.028942,-0.027596,0.097171,-0.486329,-0.471414,0.078804,-0.096526,-0.161943,0.146850,-0.266540,-0.003526,0.001625,-0.002592,0.112709,0.091230,-0.329281,-0.373730,0.216255,-0.162374
0.172245,-0.121694,-0.331744,-0.217245,-0.093148,0.187109,0.116921,-0.276708,0.017879,0.094133,-0.026251,0.220167,-0.522057,-0.045556,-0.277680,0.134292,-0.391828,0.128139,0.251742,0.054063
-0.094848,-0.283665,-0.283819,-0.071771,-0.490364,-0.270102,0.215088,-0.060346,-0.010423,0.229859,-0.142641,-0.059410,-0.424739,0.048631,-0.125012,0.092985,-0.026311,-0.302492,0.218298,-0.194440
-0.187540,-0.226070,-0.009192,-0.137502,0.279884,-0.264293,0.182277,-0.143382,-0.056206,0.396464,-0.379254,-0.073540,-0.341711,-0.087492,-0.128105,0.066789,-0.192905,-0.335907,-0.193077,-0.224852
-0.127050,-0.355883,-0.062080,0.021771,0.244023,-0.417069,0.421438,-0.080229,-0.019080,0.102716,-0.258270,-0.369820,-0.097877,-0.107464,-0.129914,-0.227818,-0.195814,-0.148588,-0.050699,-0.260871
-0.040382,-0.207363,-0.178678,-0.088833,0.051973,-0.203009,0.217804,-0.169000,0.166646,0.360725,-0.434460,-0.268652,-0.333421,-0.128974,0.005617,-0.338401,-0.329821,-0.089734,0.118000,0.060900
-0.229477,-0.112606,-0.268983,-0.150420,-0.116440,-0.074625,0.008629,-0.294290,-0.117311,0.191187,-0.287153,0.143326,-0.444711,-0.201521,-0.301480,0.449684,-0.145516,-0.149743,-0.071728,0.018284
-0.182644,-0.223402,-0.007610,-0.115908,0.335168,-0.282323,0.126151,-0.087179,0.058870,0.190061,-0.305107,-0.382554,-0.336372,-0.121724,-0.093953,-0.161483,0.027539,-0.283151,-0.198751,-0.354054
-0.192315,-0.153706,-0.050711,-0.277993,-0.022098,-0.077667,0.081902,-0.275438,-0.199145,0.054817,-0.453764,0.159003,-0.207097,-0.092508,-0.493063,0.082818,-0.423155,-0.063520,-0.049597,-0.098099
-0.167848,-0.252565,0.078900,0.050314,0.212682,-0.437363,0.492461,-0.173093,-0.001159,0.167578,-0.347747,-0.207866,0.046001,-0.162377,-0.096856,-0.144574,-0.292418,-0.138867,0.103074,-0.154533
-0.235259,-0.159457,-0.368794,-0.022739,0.078510,0.033023,-0.140881,-0.065634,0.159054,-0.037445,-0.282452,0.033849,-0.604975,-0.284477,-0.372390,0.100154,-0.100808,0.046771,0.159557,0.101149
-0.147130,-0.300681,-0.462118,0.262062,-0.047823,-0.286138,-0.043626,0.011453,-0.073257,0.189985,-0.257570,-0.048060,-0.226406,-0.187172,-0.050140,0.163514,-0.290968,-0.303147,0.339730,-0.043406
-0.071132,-0.153180,-0.026451,0.019052,0.325465,-0.216366,0.157338,-0.304862,0.182536,0.345120,-0.450530,-0.285135,-0.190301,-0.168072,-0.168261,-0.192857,-0.184638,-0.259613,-0.156960,-0.084698
0.032764,-0.035130,-0.330043,0.283951,0.189018,0.227708,-0.116573,-0.158685,0.005085,0.534405,0.168073,0.065607,-0.156398,-0.213104,-0.153070,-0.062477,-0.058427,-0.213072,0.451384,-0.117692
-0.092194,0.073899,-0.042874,0.002777,-0.375841,-0.221253,0.260025,-0.398925,0.173859,0.334339,-0.150169,-0.323386,-0.069977,-0.274705,0.014113,-0.366609,-0.084103,-0.215388,0.092382,0.145362
-0.272104,-0.156222,-0.293490,-0.021985,0.153351,-0.155095,-0.015779,-0.117556,0.098018,-0.105286,-0.240767,-0.033373,-0.589914,-0.397205,-0.334870,0.159023,-0.073654,0.017045,0.002126,0.156853
-0.303463,-0.299991,-0.248717,-0.120262,0.202315,-0.207273,-0.071833,-0.200499,-0.033160,0.249360,-0.240509,-0.071082,-0.470301,-0.249278,-0.191955,-0.106947,-0.174702,-0.127754,-0.302451,-0.127423
0.045771,-0.154141,-0.089322,0.050930,-0.424429,-0.380979,0.199855,-0.198584,-0.258583,0.067787,-0.390537,0.062224,0.041563,0.072304,-0.046380,-0.005471,-0.351516,-0.342391,0.151415,-0.241251
-0.042323,-0.230677,-0.212410,0.084321,0.223207,-0.401076,0.128896,-0.162408,0.161102,0.231309,-0.336116,-0.243976,-0.161636,-0.189925,-0.107074,-0.063594,-0.082936,-0.467497,-0.000562,-0.289827
-0.119247,-0.205698,-0.162158,0.104122,-0.498138,-0.479281,0.104730,-0.085302,-0.197458,0.189016,-0.130969,-0.048387,-0.100136,0.005901,-0.010956,0.103863,-0.215932,-0.372759,0.185426,-0.274038
-0.125735,0.036894,-0.213686,0.236409,-0.180406,0.061232,0.002419,-0.142727,-0.132832,0.306464,0.288881,0.248310,-0.580725,-0.075047,-0.358424,-0.001199,-0.016472,-0.058413,0.304802,-0.000508
-0.032914,-0.339009,-0.028071,-0.045191,0.057630,-0.158034,0.199776,-0.314338,0.237108,0.565194,-0.268319,-0.287339,-0.099334,-0.056010,-0.094808,-0.294860,-0.162488,-0.129565,0.169729,0.054667
0.023611,-0.220943,-0.300445,0.021805,-0.242480,-0.112545,0.318805,0.002880,-0.035279,-0.054938,-0.507826,-0.251662,-0.154955,0.085227,-0.325456,-0.283386,-0.228332,-0.142080,0.263367,0.045875
-0.089049,-0.315490,-0.025627,-0.133308,0.564593,-0.088098,0.025387,-0.134118,0.208993,0.242605,-0.233471,-0.297927,-0.314509,-0.161274,-0.152391,-0.148690,-0.021724,-0.258777,-0.159733,-0.141194
-0.131321,-0.313846,-0.015454,-0.063381,0.454873,-0.346706,0.282615,-0.130589,0.086440,0.035422,-0.414362,-0.218718,-0.167500,-0.216830,-0.241142,-0.128570,-0.050541,-0.117300,-0.229204,-0.095400
-0.192941,-0.340025,-0.104424,0.051355,-0.111219,-0.396635,0.090560,-0.160261,0.060289,0.342684,-0.430349,-0.158834,-0.252399,0.028470,-0.000868,-0.017274,-0.018833,-0.303213,-0.105691,-0.360925
-0.155700,0.031345,-0.095782,-0.147136,-0.244684,-0.025563,0.073115,-0.327990,-0.244927,-0.081052,-0.175864,0.212163,-0.535662,-0.191085,-0.434738,0.076448,-0.293477,-0.127529,0.082842,0.021457
0.111713,-0.117825,-0.468608,0.228826,-0.157114,0.339066,-0.042149,-0.220075,-0.282865,0.288727,0.264201,0.249013,-0.006683,-0.273535,-0.112810,-0.022211,-0.019521,-0.147602,0.307789,-0.107937
-0.193231,-0.205862,-0.127203,-0.083751,0.414083,-0.338602,0.176862,-0.049112,0.110972,0.107607,-0.352199,-0.304171,-0.133276,-0.160944,-0.168434,-0.181881,-0.038297,-0.443467,-0.109446,-0.146962
-0.269127,-0.299541,-0.084459,-0.092040,0.314627,-0.086368,0.278323,-0.229814,0.022741,0.168421,-0.280822,-0.128413,-0.287840,-0.094337,0.161998,-0.165503,-0.060959,-0.369091,-0.223003,-0.355274
-0.284310,-0.238714,-0.027691,-0.024301,0.179349,-0.199763,0.114553,-0.395110,0.121698,0.362725,-0.274185,-0.350770,-0.254846,-0.086099,0.040551,-0.247548,-0.015326,-0.249463,-0.261890,-0.092671
0.098559,-0.354758,-0.336177,-0.015775,-0.382881,-0.157406,0.422181,0.011427,-0.054521,-0.114064,-0.222200,-0.139795,-0.173636,0.076370,-0.225504,-0.086161,-0.215752,-0.006588,0.340788,0.244011
-0.141777,-0.112205,-0.111976,-0.346333,0.089651,0.006006,0.079575,-0.283960,-0.214359,0.093252,-0.300608,0.160969,-0.211674,-0.076763,-0.576586,0.075331,-0.416102,-0.007310,-0.046472,-0.068443
-0.067862,-0.076122,-0.537669,-0.229735,0.049248,0.343995,0.277851,-0.166087,-0.105836,-0.288298,-0.036735,-0.007623,-0.385017,0.114561,-0.106432,-0.162851,-0.150788,-0.283324,-0.061398,0.143093
-0.092873,-0.283010,-0.255770,-0.211929,0.127961,-0.076018,-0.088820,-0.331959,-0.227475,-0.061425,-0.053297,-0.111954,-0.526685,-0.185511,0.141288,-0.074853,-0.039839,-0.326196,-0.329911,-0.188704
-0.275608,-0.281936,-0.181909,-0.123768,0.155230,-0.160360,0.304995,-0.365403,0.080081,0.320961,-0.414218,-0.027926,-0.351993,0.072438,-0.094566,-0.177429,-0.210613,-0.136900,-0.045209,0.057371
-0.129967,-0.247697,-0.243094,-0.175167,0.001812,0.127496,-0.186956,-0.117414,0.056365,0.056676,-0.139125,0.260179,-0.496746,-0.300329,-0.396848,0.062740,-0.338989,0.160561,0.181615,0.038545
-0.055561,-0.242800,-0.310238,-0.065603,-0.358395,0.061991,0.173573,-0.054288,0.388067,0.155684,-0.034283,0.028098,-0.247453,-0.019761,-0.277421,0.173089,-0.107042,-0.404876,0.384761,-0.057256
0.397154,-0.367237,-0.342222,-0.114604,-0.103812,0.210357,0.197579,-0.012802,0.111742,-0.219999,-0.135027,0.263334,-0.251040,-0.116877,-0.283715,-0.060118,-0.273921,0.213644,0.188686,0.131897
-0.138187,-0.240515,-0.229279,-0.094712,0.206898,-0.090600,0.098540,-0.361443,0.149074,0.123727,-0.309963,0.094346,-0.400199,-0.235047,-0.369335,0.159042,-0.335203,0.083450,-0.034975,0.173161
-0.172655,-0.087449,-0.154983,-0.199804,-0.037926,-0.128231,0.210605,-0.303562,-0.376073,0.133117,-0.240833,0.073540,-0.460607,-0.062951,-0.306261,0.093201,-0.281398,-0.321507,-0.111381,-0.089972
-0.154848,-0.168550,-0.130618,-0.269897,-0.069231,-0.315300,0.030474,-0.304730,-0.112422,-0.032592,-0.349690,0.017946,-0.374576,-0.193089,-0.337644,-0.258263,-0.243611,-0.030785,-0.245306,-0.211287
-0.220275,-0.307381,-0.241381,-0.318432,0.159913,0.001602,0.213466,-0.247332,-0.011715,0.157274,-0.257990,0.183455,-0.451348,-0.085443,-0.357492,0.098876,-0.233664,-0.158692,-0.105663,-0.019744
0.006107,-0.367465,-0.376120,-0.016840,-0.200876,-0.006235,0.468230,0.027867,-0.025558,-0.118694,-0.360422,-0.293049,-0.261415,0.014213,-0.282102,-0.024816,-0.188592,-0.041232,0.140235,0.163043
0.029107,-0.174702,-0.471197,0.299031,-0.227396,0.238133,-0.024531,-0.084259,-0.285839,0.157063,0.072817,0.087230,-0.211493,-0.398995,0.032728,-0.136748,-0.134171,-0.091176,0.383776,-0.156485
-0.161920,-0.301011,0.046503,-0.194663,0.201348,-0.178346,0.163473,-0.271315,-0.101412,0.157755,-0.281242,-0.188397,-0.432436,0.012275,0.138640,-0.080843,0.081566,-0.262614,-0.386988,-0.287031
0.220275,0.257185,-0.137426,-0.278330,-0.027572,0.195123,0.466439,-0.094513,-0.153119,0.191785,0.209469,0.406604,0.124037,0.019167,0.250901,-0.304559,0.062604,-0.005457,-0.280561,0.009773
0.054857,-0.109679,-0.360723,0.006037,-0.142991,-0.137477,0.215656,-0.382900,0.374033,0.253321,-0.149734,-0.394146,-0.215498,-0.169346,0.104602,-0.227219,-0.133479,-0.158251,0.165946,0.180024
-0.193204,-0.264026,-0.023280,-0.085585,0.384041,-0.168602,0.168455,-0.228859,0.068652,0.264304,-0.344766,-0.388661,-0.284696,-0.184304,0.004413,-0.134108,0.054367,-0.192782,-0.305448,-0.132264
0.175272,-0.302907,-0.154560,-0.032306,0.256229,-0.262860,0.308622,-0.346931,0.041911,0.438753,-0.138976,-0.291160,-0.183375,-0.168056,0.004695,-0.278251,-0.213343,-0.000371,0.013877,0.137351
-0.130561,-0.169529,-0.087668,0.023852,-0.425846,-0.412096,-0.012120,-0.020701,-0.259236,0.279688,-0.274937,0.015619,0.053251,0.042960,0.047015,0.155032,-0.320257,-0.413723,0.200970,-0.167050
0.048072,-0.054517,-0.175500,-0.073632,-0.223727,-0.286795,0.199287,-0.364279,0.339483,0.184717,-0.232126,-0.287445,-0.102694,-0.135496,-0.040242,-0.327147,-0.208936,-0.313044,0.274894,0.114600
-0.112284,-0.273971,-0.434792,-0.081813,-0.244602,-0.038696,0.137299,-0.201069,0.151986,0.280642,0.240094,-0.063771,-0.531014,-0.148095,-0.187592,0.049498,-0.065012,-0.227385,0.114809,-0.147501
-0.132762,-0.133190,-0.072708,-0.068564,-0.498251,-0.541511,0.307634,-0.049004,0.066785,0.051324,0.034083,0.121383,-0.124856,-0.079197,-0.186565,0.091144,-0.081758,-0.261023,0.349461,-0.176673
-0.069865,-0.053062,-0.108626,0.016184,-0.378853,-0.459426,-0.030212,-0.083130,-0.220698,-0.012253,-0.319164,0.168447,0.037774,-0.164142,-0.040009,0.061676,-0.379768,-0.454196,0.206564,-0.108438
-0.185833,-0.314245,-0.131499,0.085355,0.322637,-0.346406,0.136469,-0.202644,0.241228,0.264395,-0.257803,-0.385660,-0.134520,-0.124933,-0.028847,0.081893,-0.111276,-0.224734,-0.103037,-0.316734
-0.206591,-0.278407,-0.036035,-0.208427,0.385751,-0.139268,0.115550,-0.179028,-0.088448,0.243454,-0.155554,-0.006835,-0.510986,-0.163520,-0.209609,0.003607,-0.077060,-0.341655,-0.242752,-0.129384
0.044686,-0.058796,-0.145802,0.027373,-0.165297,-0.126257,0.210810,-0.365348,0.264506,0.296535,-0.355458,-0.426855,-0.046004,-0.133790,0.026435,-0.401109,-0.120967,-0.109366,0.260455,0.094182
-0.170425,-0.038177,0.045036,-0.033455,0.058396,-0.336030,0.202766,-0.241907,0.202417,0.468790,-0.273218,-0.385249,0.025131,-0.094851,-0.048894,-0.386414,-0.217738,-0.220279,-0.095655,-0.013126
-0.242624,-0.194323,-0.095464,-0.037235,0.419973,-0.332217,0.229744,-0.042213,0.111174,0.304024,-0.277961,-0.295647,-0.222563,-0.205974,-0.156473,-0.172141,-0.111499,-0.175475,-0.019434,-0.304016
0.074240,-0.359644,-0.232115,-0.058487,-0.006175,-0.134462,-0.059143,-0.382326,0.095259,0.287859,-0.218855,-0.328064,-0.109632,-0.025137,-0.317338,-0.294027,-0.266002,-0.184588,-0.251590,-0.157046
-0.251013,-0.101184,-0.213418,-0.131084,-0.163235,-0.102377,0.103402,-0.350530,-0.350089,0.082554,-0.349781,0.125253,-0.451961,-0.087470,-0.343552,0.209223,-0.199133,-0.097815,0.031606,-0.044497
-0.075371,-0.070811,-0.561086,-0.227312,-0.013553,0.075759,0.340340,-0.088598,0.072793,-0.073583,-0.065406,-0.081220,-0.448954,0.053077,-0.148410,-0.113650,-0.230180,-0.351707,0.033753,0.233421
-0.016520,0.042677,0.000534,-0.283711,-0.010459,-0.325925,0.199604,-0.275035,-0.196344,0.231996,0.067149,0.276585,-0.413223,-0.015160,-0.389153,-0.170350,-0.227232,-0.248145,0.086415,-0.223806
0.026244,-0.025811,-0.367996,-0.174294,-0.057943,0.073877,-0.124180,-0.039370,-0.246835,-0.153931,-0.151218,0.300431,-0.275822,-0.238305,-0.401727,-0.013061,-0.257253,-0.209121,0.446045,-0.077602
-0.025196,-0.427206,-0.169595,-0.031800,-0.321407,-0.319704,0.062262,-0.075171,-0.167153,0.167035,0.009258,-0.182407,-0.149258,0.140360,0.056477,0.160040,-0.330677,-0.354469,0.410021,0.094619
-0.161140,-0.163857,-0.060145,-0.074941,-0.301420,-0.330432,0.180134,-0.257390,-0.228956,0.256198,-0.342813,0.095419,-0.235037,0.042973,-0.285935,0.069519,-0.331567,-0.283025,-0.026058,-0.245214
-0.175990,-0.174409,-0.338885,-0.147999,-0.124808,0.017430,0.131680,-0.173605,-0.259668,0.088626,-0.161831,0.026518,-0.620389,-0.160261,-0.336667,0.247971,-0.167851,-0.043806,0.144115,0.008174
0.068256,-0.420970,-0.575429,0.115584,0.064827,0.010355,0.163894,-0.147830,0.159084,-0.173444,0.075065,0.132459,-0.361531,0.094215,-0.212595,0.023485,-0.180309,-0.235947,0.165615,0.202761
0.006800,0.034482,0.113953,-0.174569,-0.173744,-0.370243,0.261136,-0.276644,-0.038727,0.122912,0.042583,0.150077,-0.352216,-0.014261,-0.302111,-0.367950,-0.343442,-0.260016,0.150242,-0.208131
-0.149389,-0.196260,-0.078504,0.138267,-0.427505,-0.452821,0.043225,-0.074351,-0.258646,0.029335,-0.244712,0.046440,0.112999,-0.001212,-0.054241,0.105440,-0.259947,-0.439046,0.316184,-0.041777
-0.143652,-0.248262,-0.002200,-0.058931,-0.323915,-0.436970,0.271140,-0.049121,-0.377745,0.073191,-0.204713,0.051934,-0.180207,-0.043673,0.020581,0.101113,-0.406903,-0.350772,0.088808,-0.090989
0.316045,0.213685,-0.148720,-0.240174,-0.095235,0.125970,0.528655,-0.154601,-0.039392,0.386422,0.122270,0.415068,-0.043829,0.015000,-0.064633,-0.046502,-0.104807,0.127824,-0.245211,-0.110877
-0.217986,-0.194478,0.065530,-0.232729,-0.113228,-0.040828,0.173099,-0.241354,-0.175015,0.120240,-0.209705,0.110936,-0.553819,-0.281125,-0.102996,0.072319,-0.184497,-0.306522,-0.159559,-0.311594
-0.217365,-0.178961,-0.072237,-0.230003,0.106129,-0.083185,0.040859,-0.227307,-0.095017,0.138067,-0.232917,-0.050516,-0.617031,-0.009589,0.070032,-0.140616,-0.001069,-0.340571,-0.272661,-0.332208
0.039945,-0.140394,-0.089320,0.006692,-0.517917,-0.357579,-0.044119,-0.131140,-0.255993,0.126402,-0.175363,0.050552,-0.083883,0.040362,-0.066756,0.017212,-0.384959,-0.418742,0.308240,-0.092946
0.115733,-0.459676,-0.316443,-0.278370,-0.236226,-0.023167,0.229589,-0.232736,-0.068313,0.131837,0.154634,0.049760,-0.426397,0.109626,0.104007,0.234368,-0.046155,-0.267827,-0.028196,-0.227578
