0.129995,-0.440790,0.221258,-0.151530,0.336260,-0.065638,-0.131994,-0.222241,0.292850,-0.494783,-0.301177,-0.089949,-0.031026,-0.075624,0.072359,-0.006417,-0.108961,-0.251243,0.127625,0.009220
0.108646,-0.477154,0.280050,-0.137458,0.390912,0.128418,-0.261739,-0.359723,0.047362,-0.345114,-0.117711,-0.042178,-0.178316,-0.032225,0.025250,0.182185,-0.233366,-0.122060,-0.144920,-0.044497
-0.070737,-0.325632,-0.266755,-0.410002,0.102970,0.307875,-0.023849,-0.147947,0.145200,-0.181121,-0.196526,0.023251,-0.304729,-0.515616,-0.012914,0.214689,0.043421,-0.068668,0.128710,-0.025649
0.080331,-0.159800,-0.100872,-0.086237,-0.510169,-0.410100,-0.080824,-0.121663,-0.244026,-0.250281,-0.374874,-0.036949,0.097210,-0.279611,0.055809,0.124184,-0.230782,0.084091,0.121912,-0.234867
0.073517,-0.309029,0.105064,-0.127169,0.339052,-0.010823,-0.155837,-0.224960,-0.224169,-0.254803,-0.216166,0.047861,-0.464769,-0.084048,-0.197765,-0.061956,-0.230495,-0.388636,-0.172195,-0.133738
0.163277,-0.395442,0.176645,-0.463449,0.328221,0.014549,-0.178154,-0.360629,0.137140,-0.272322,-0.110620,-0.092749,0.042446,-0.203220,-0.026764,0.013319,-0.053721,-0.369182,-0.032296,-0.056759
0.377265,0.018573,0.222085,-0.139200,0.062212,0.100901,0.383945,0.091595,-0.134559,0.302204,-0.239184,0.344527,-0.179963,0.208751,-0.159475,-0.011380,-0.289022,0.071718,0.335849,0.174455
0.213172,-0.283758,-0.005736,-0.087373,-0.155938,-0.402313,-0.079144,-0.192661,0.049949,-0.272429,-0.437780,-0.254649,0.293654,-0.192433,0.020801,-0.022525,-0.269567,-0.139582,0.125351,-0.267475
0.311162,-0.329482,0.179699,-0.381787,0.228451,-0.150747,-0.165001,-0.263323,0.169906,-0.157389,-0.321162,-0.090978,-0.150067,-0.097390,0.082412,-0.110481,-0.374772,-0.249846,-0.106758,-0.121446
-0.039527,-0.372133,-0.013153,-0.155073,-0.114738,0.162876,-0.057905,-0.197711,-0.169862,-0.148349,-0.032045,0.047702,-0.373853,-0.261982,0.006829,0.065952,-0.041741,-0.148225,0.677153,0.066241
0.074694,-0.377360,0.196525,-0.154288,0.397826,0.023813,-0.186762,-0.163955,0.016465,-0.255649,-0.187232,0.119066,-0.489987,-0.153558,-0.056556,0.076270,-0.210820,-0.315724,-0.114626,-0.155533
0.205432,-0.188468,-0.323558,-0.252851,-0.152991,0.514201,0.185726,-0.159389,0.344934,-0.074791,-0.246040,0.123259,-0.141400,0.030321,0.027105,0.012861,-0.167933,0.193293,0.342210,-0.034052
-0.036417,-0.406186,-0.022600,-0.093158,0.292866,-0.201245,-0.231331,-0.214963,0.384768,-0.395271,-0.341461,-0.113113,-0.024982,-0.091780,0.141931,-0.084206,-0.138678,-0.140767,0.290654,-0.070845
0.209780,-0.193149,-0.386211,-0.078457,0.016405,0.220565,0.210945,-0.259464,-0.044222,0.020504,-0.098748,0.167093,-0.462747,-0.093146,-0.054974,0.280118,-0.253460,0.017747,0.428671,-0.099858
0.266675,-0.286466,0.033667,-0.381691,-0.178272,-0.415065,-0.057256,-0.190617,-0.059774,-0.178581,-0.319844,-0.237789,0.117755,-0.255267,0.228802,0.060894,-0.263559,0.002302,0.147225,-0.189181
0.010844,-0.356354,0.148460,-0.200267,0.323480,-0.210552,-0.109026,-0.186464,0.281874,-0.334748,-0.321977,-0.103491,0.267026,-0.173535,0.227442,-0.101515,-0.172367,-0.240620,0.090154,-0.223701
-0.084844,-0.317918,0.149652,-0.223324,0.200251,-0.171183,-0.190363,-0.136461,-0.106878,-0.194851,-0.223956,0.067982,-0.506743,-0.037367,0.092441,0.101767,-0.081380,-0.494366,-0.185727,-0.168602
0.182669,-0.141212,-0.354851,0.003352,-0.031680,0.231955,0.017542,-0.272314,-0.267252,-0.072282,0.005518,0.021944,-0.276586,0.018060,-0.020322,-0.018694,-0.168785,-0.005621,0.709184,-0.072669
-0.100605,-0.296825,-0.015088,-0.229548,-0.117063,-0.148892,-0.075929,-0.172960,0.055098,-0.359056,-0.189034,-0.100515,-0.383848,-0.302623,0.316161,0.258737,-0.152833,-0.091636,0.388125,0.106247
0.155547,-0.560789,0.206797,-0.223729,0.350349,-0.073113,-0.107281,-0.122312,0.142974,-0.134707,-0.345236,-0.207395,0.025191,-0.065600,0.052837,-0.271401,-0.148520,-0.264099,-0.179979,-0.086986
0.076436,-0.266665,0.071518,-0.024602,-0.368758,-0.340138,-0.048098,-0.362945,-0.137389,-0.142885,-0.326259,-0.084069,0.016142,-0.112762,-0.187985,0.071620,-0.459575,-0.200604,0.010778,-0.271649
0.014464,-0.201875,-0.135856,0.072730,-0.119640,0.168365,0.048408,-0.033485,-0.085390,-0.004639,-0.021435,0.429092,-0.582577,-0.009675,-0.199800,0.150729,-0.085294,0.150529,0.514791,-0.014143
-0.074104,-0.308037,-0.055347,-0.211686,-0.303763,-0.305688,-0.045317,-0.205993,-0.066225,-0.300459,-0.107754,0.102113,-0.373045,-0.448484,-0.233701,0.154108,-0.195278,-0.206368,0.057962,-0.045795
0.093848,-0.283000,0.245186,-0.362507,0.469060,-0.008191,-0.136419,-0.315244,0.157396,-0.245031,-0.224426,-0.070039,0.193246,-0.136338,0.172970,-0.171123,-0.138856,-0.309017,0.049360,-0.095258
0.028647,0.007826,-0.225822,-0.074906,-0.302839,-0.477536,0.190883,-0.311893,0.038034,-0.150406,-0.084720,-0.284382,0.014797,0.070861,-0.197353,-0.169165,-0.013430,-0.378590,0.395689,0.063572
0.015271,-0.209649,-0.053784,-0.476407,0.052671,0.292882,0.271647,-0.244987,-0.089481,-0.135638,-0.042623,-0.327128,-0.265917,-0.171050,0.100747,0.291825,-0.166249,-0.271626,0.235916,-0.126496
-0.097147,-0.234879,-0.039052,0.036409,-0.468984,-0.386740,-0.252889,-0.228949,0.060479,-0.237207,-0.326985,-0.037092,-0.189760,-0.287147,0.115558,0.274525,-0.117670,-0.088222,0.213020,0.065200
0.062407,-0.189106,-0.082343,-0.177789,-0.305820,-0.147204,0.016919,-0.447780,-0.400191,-0.201897,0.013548,0.076004,-0.094238,-0.403322,-0.317563,0.198721,-0.248544,-0.036775,0.025590,-0.153049
0.001949,-0.215951,-0.013014,-0.032388,-0.141784,-0.098798,-0.072246,-0.303416,-0.133509,-0.256279,-0.092615,0.035283,-0.171432,-0.393624,-0.318587,0.381160,-0.244185,-0.402671,0.279990,0.019987
0.095866,-0.358413,0.085136,-0.144923,0.218238,-0.312470,-0.170450,-0.289105,0.171239,-0.300017,-0.287128,-0.191217,0.328765,-0.073314,0.058833,-0.198295,-0.166475,-0.106508,0.123606,-0.356761
-0.012308,0.114164,0.131916,-0.290419,-0.048496,-0.246479,0.289510,-0.097934,-0.068809,0.372117,-0.101534,-0.145508,-0.405767,0.141500,-0.159750,-0.262670,-0.215629,0.006428,-0.282057,-0.385478
0.144573,-0.135634,-0.224983,-0.209334,-0.208284,-0.330461,0.183255,-0.388667,0.182912,-0.171019,0.041753,-0.255754,-0.086535,0.047321,-0.147196,-0.039628,0.008159,-0.266444,0.541302,0.046304
-0.010424,-0.327752,-0.167924,-0.219261,-0.021722,0.162663,0.010279,-0.170307,-0.196377,-0.129833,-0.050047,0.035109,-0.288645,-0.242003,-0.058202,0.082300,-0.097860,-0.076838,0.729984,0.024413
0.211511,-0.306694,-0.285769,-0.211997,-0.301754,-0.327335,0.108069,-0.289722,-0.112774,-0.311566,-0.078787,-0.179089,-0.267600,-0.123106,-0.128082,0.190197,-0.155530,-0.183227,0.308453,0.021261
0.113574,-0.234804,-0.115563,-0.128150,-0.067752,0.097420,0.013385,-0.123368,0.121331,-0.233607,-0.259183,-0.122946,-0.455994,-0.222186,0.049454,0.313278,-0.312959,0.000357,0.499872,-0.124197
0.363861,-0.412698,0.071613,-0.065793,0.191514,-0.140995,0.150449,-0.122383,0.142894,-0.301570,-0.163033,-0.000604,-0.361974,-0.074130,-0.129650,0.013012,-0.365724,-0.170764,0.340156,0.153610
0.266167,-0.487178,-0.024071,-0.037563,-0.205593,-0.328921,-0.108001,-0.254062,-0.039175,-0.303582,-0.174849,-0.073941,-0.262763,-0.044219,-0.090273,-0.098950,0.031518,-0.094045,0.480832,0.058644
-0.036448,-0.215696,0.087969,-0.121455,-0.088173,0.293054,-0.037530,-0.262241,-0.175853,0.017105,-0.006019,0.074262,-0.376973,-0.344820,0.009700,0.115501,-0.122449,-0.049462,0.655897,0.083483
-0.017016,-0.380902,0.198335,-0.104496,0.083611,-0.447458,-0.189544,-0.274855,0.198497,-0.174182,-0.375657,-0.026389,0.017564,-0.074039,0.218056,0.040559,-0.218827,-0.324933,0.143177,-0.212558
0.133743,-0.248343,0.132615,-0.252935,-0.348675,-0.283069,-0.119213,-0.286251,0.093018,-0.104078,-0.294287,-0.125070,-0.068372,-0.479815,0.147184,0.052459,-0.233420,0.037922,0.316794,-0.060797
0.087951,-0.224113,-0.123240,0.170227,-0.463016,-0.358262,-0.139096,-0.248902,0.075302,-0.180294,-0.329247,-0.055466,0.106076,0.045144,-0.011732,0.151632,-0.372362,-0.136824,0.297395,-0.204797
0.265120,-0.414328,0.228097,-0.135953,0.245745,-0.275582,-0.122066,-0.389218,0.170577,-0.193027,-0.246999,-0.062618,0.095035,-0.188900,0.116022,-0.187031,-0.150685,-0.280571,0.024501,-0.241533
0.236255,-0.188369,-0.418767,-0.154345,0.090538,0.158087,0.022282,-0.270736,-0.312508,-0.081733,-0.096313,-0.042035,-0.045413,-0.199670,-0.020182,-0.130997,-0.128433,0.011795,0.628648,-0.125760
0.129987,-0.134497,-0.254355,-0.224415,-0.233606,-0.470708,0.226889,-0.389018,0.149644,-0.180270,-0.009107,-0.198310,-0.064977,0.047674,-0.143282,-0.114099,-0.016384,-0.191826,0.437793,0.089063
0.253122,-0.145676,-0.330967,-0.408747,-0.334243,-0.006376,0.434090,-0.062345,0.091869,0.029189,-0.278819,-0.104200,-0.390813,0.030290,-0.115574,-0.029029,-0.193758,0.041104,0.062336,-0.158604
0.178431,-0.329603,0.265478,-0.094052,0.298140,-0.345276,-0.065248,-0.254941,0.072862,-0.119063,-0.297295,-0.208661,0.166664,-0.135685,0.275311,-0.200830,-0.161141,-0.153961,0.181497,-0.326356
0.221451,-0.188731,0.000341,-0.216026,0.350034,-0.062553,-0.230861,-0.271176,0.243188,-0.319772,-0.429735,-0.161698,-0.026205,-0.188624,0.132035,-0.086667,-0.348107,-0.217549,0.112701,-0.027797
0.015483,-0.305244,0.090861,-0.108837,-0.270823,-0.434554,-0.158080,-0.283225,0.130385,-0.063257,-0.271098,0.079072,-0.183863,-0.337883,0.123779,0.094461,-0.398701,-0.069855,0.274407,-0.083624
0.211821,-0.114664,0.052170,-0.179441,-0.382620,-0.301566,-0.067081,-0.358180,-0.028569,-0.201319,-0.350803,-0.141695,0.254560,-0.258967,0.082341,0.128967,-0.242209,0.080670,0.226813,-0.283814
0.124485,-0.148808,-0.137095,0.026879,-0.255621,-0.483132,0.093225,-0.389086,0.022373,-0.185733,-0.111957,-0.143910,0.045598,0.004245,-0.183057,-0.119613,0.011514,-0.303018,0.521033,0.049196
0.374639,-0.122741,-0.414056,-0.151531,-0.198612,0.056987,0.171318,-0.125518,0.009536,0.025693,-0.362993,-0.272709,-0.396337,0.142083,-0.159109,0.030365,-0.167018,-0.015711,0.260476,-0.236633
-0.064430,-0.095139,0.011055,0.071486,-0.512921,-0.436406,-0.086188,-0.202768,-0.135319,-0.102036,-0.330891,-0.073437,0.133048,-0.219276,0.209765,0.099480,-0.129248,0.252062,0.257763,-0.263659
0.145618,-0.353371,-0.153986,-0.123749,-0.056644,0.090961,0.231198,-0.160908,0.085019,-0.137303,-0.263642,0.019848,-0.351985,-0.278394,-0.123242,0.339100,-0.342683,0.119908,0.402949,-0.048376
0.074753,-0.417656,0.144213,-0.261453,-0.379358,-0.333486,-0.044534,-0.248367,0.017243,0.045570,-0.306870,-0.203368,-0.060137,-0.351174,0.016447,0.080650,-0.130588,-0.226890,0.253672,-0.086758
0.119434,-0.317364,0.268602,-0.167836,0.228948,-0.177998,-0.233830,-0.290556,0.110913,-0.260152,-0.350228,-0.123675,0.284712,-0.192356,0.256343,0.025683,-0.225083,-0.258040,-0.043981,-0.199874
-0.033498,-0.350818,0.191991,-0.189655,0.337174,-0.272839,0.082416,-0.256257,0.030239,-0.034265,-0.291368,-0.348861,0.226125,-0.188156,0.127646,-0.221596,-0.222712,-0.267451,0.027407,-0.244715
0.257757,-0.418259,-0.080065,-0.059313,-0.154362,-0.379419,0.127482,-0.058405,0.056164,-0.247175,-0.254791,-0.057727,-0.342661,0.046635,-0.087825,-0.123485,-0.131152,-0.036803,0.512354,0.071600
-0.139441,-0.229605,-0.106281,0.043215,-0.211773,-0.202825,-0.215107,-0.247413,-0.150371,-0.251958,-0.187320,0.106911,-0.276739,-0.363310,-0.107083,0.513872,-0.254456,-0.173232,0.040635,0.089852
0.109645,-0.381980,0.195592,-0.226312,0.346746,-0.147175,-0.229555,-0.191110,0.173874,-0.152979,-0.305278,-0.202717,0.084658,-0.185548,0.087989,-0.319627,-0.111061,-0.339210,-0.046312,-0.229172
-0.151741,-0.335963,0.126909,-0.073442,-0.122684,-0.171956,-0.092005,-0.207510,-0.192600,-0.377919,-0.158270,0.144013,-0.185774,-0.272423,-0.286465,0.280287,-0.452806,-0.196427,0.077388,-0.042388
0.384402,-0.205768,0.124220,-0.205379,-0.004323,-0.238473,0.022123,-0.372913,0.091789,-0.192283,-0.348804,-0.088228,0.154950,-0.115546,0.206352,-0.110571,-0.331899,0.017303,0.144620,-0.396809
-0.064252,-0.209561,-0.170906,-0.330756,0.206575,-0.036964,-0.236904,-0.323328,0.322818,-0.321067,-0.280371,-0.049544,-0.394794,-0.260277,0.011468,0.223056,-0.046416,0.009888,0.189626,0.092645
0.074537,-0.333469,-0.062132,-0.263660,-0.171828,-0.324215,-0.207217,-0.270544,-0.026313,-0.284909,-0.298473,-0.216088,-0.015545,-0.295519,0.149178,0.309741,-0.173179,0.180917,0.263780,-0.058121
0.244229,-0.377394,0.142675,-0.098360,0.282075,-0.265225,-0.006537,-0.052135,0.296087,-0.303421,-0.335990,-0.109814,-0.141248,-0.076864,-0.029843,-0.163866,-0.235374,-0.410423,0.181896,0.002683
0.121938,-0.166233,-0.404335,-0.047175,0.259602,0.059130,-0.008191,-0.317931,-0.313552,-0.011179,-0.061826,0.020547,-0.335383,-0.166707,-0.140365,-0.026598,-0.114835,-0.050273,0.577519,-0.084485
0.052549,-0.080276,-0.231740,-0.122868,-0.332094,-0.524608,0.123878,-0.314953,0.028380,-0.171002,0.008463,-0.148984,-0.081312,0.068254,-0.192570,-0.035287,0.061182,-0.354390,0.432779,0.058372
-0.083192,-0.224582,-0.018957,-0.233255,0.148935,-0.171325,-0.206495,-0.349399,0.361079,-0.357526,-0.220139,-0.058363,-0.348344,-0.257334,0.116254,0.113786,-0.139802,-0.041713,0.354674,-0.021123
-0.067672,-0.473408,-0.144491,-0.221748,0.195627,-0.238220,-0.347440,-0.308836,-0.034459,-0.069948,-0.238397,-0.015018,-0.413835,-0.103782,-0.194104,0.011775,-0.263605,-0.084506,-0.174012,-0.015791
0.231562,-0.120943,0.001271,-0.082858,-0.357139,-0.358373,-0.021844,-0.267737,-0.167763,-0.173700,-0.329002,-0.165597,0.243110,-0.123564,-0.048628,-0.042931,-0.379205,0.085886,0.201935,-0.363640
0.255342,-0.346516,0.061826,-0.130140,0.105209,-0.315512,-0.222153,-0.276247,0.171197,-0.215582,-0.279954,-0.200183,0.314017,-0.048661,0.115780,-0.123259,-0.359875,-0.189361,0.119015,-0.233133
0.021055,-0.254333,0.041894,-0.001315,-0.379631,-0.381220,-0.044629,-0.137416,-0.111891,-0.069293,-0.275691,-0.179929,0.285316,-0.363315,0.089441,0.017421,-0.385815,0.054868,0.190617,-0.295274
-0.035442,-0.280210,-0.021528,-0.111408,-0.062043,0.147523,-0.083503,-0.209972,-0.139741,-0.128431,0.054164,0.066349,-0.504883,-0.146559,-0.084858,0.049373,-0.028077,-0.007625,0.706610,0.033917
0.302227,-0.385220,-0.055143,-0.139012,-0.111325,-0.292280,0.143627,-0.244159,0.376830,-0.260565,-0.137480,-0.164925,-0.221448,0.096996,-0.096670,-0.080192,-0.082935,-0.169706,0.440074,-0.016518
0.280187,-0.198041,-0.349498,-0.104921,-0.222685,-0.014269,0.135197,-0.068011,-0.064031,-0.017468,-0.352447,-0.421013,-0.359841,0.092884,-0.231358,-0.070976,-0.207947,-0.008797,0.149361,-0.329000
0.221139,-0.389604,0.057630,-0.333621,0.412870,-0.047002,-0.210928,-0.127690,0.264999,-0.268672,-0.338197,-0.183020,-0.030688,-0.121280,0.086549,-0.192612,-0.099820,-0.297519,0.020128,-0.042496
0.096560,-0.321136,0.163502,-0.244569,0.473834,0.027048,-0.117719,-0.229054,0.264938,-0.265184,-0.327585,-0.234302,0.227912,-0.070760,0.118050,-0.169974,-0.184465,-0.256547,-0.017574,-0.082293
0.292730,-0.359853,0.217398,-0.109124,-0.159322,-0.320209,-0.224870,-0.371274,0.141096,-0.093255,-0.350478,-0.087604,0.209032,-0.175840,0.069767,0.011823,-0.175672,-0.276999,0.187693,-0.166624
-0.079938,-0.268563,-0.071600,-0.189348,-0.387840,-0.134109,-0.050823,-0.188817,-0.191526,-0.289891,-0.054129,0.190943,-0.306269,-0.395545,-0.332583,0.186768,-0.220329,-0.047894,0.237242,-0.104326
0.329502,-0.210876,-0.339714,0.152770,-0.071888,0.233651,0.065152,-0.272333,-0.202205,-0.038892,0.065794,-0.020633,-0.211197,0.096531,-0.022375,-0.094779,-0.140982,-0.096786,0.630303,-0.181549
0.209977,-0.306253,0.107095,-0.235168,0.318556,-0.184897,-0.180104,-0.200742,0.117964,-0.224449,-0.339099,-0.274882,0.267268,-0.073011,0.042392,-0.220891,-0.215591,-0.324296,-0.009407,-0.230251
-0.047909,-0.371492,0.169237,-0.443061,0.231350,-0.323818,-0.200001,-0.320118,0.090222,-0.222094,-0.235869,-0.085148,-0.010122,-0.376716,-0.000738,0.043614,-0.055207,-0.241095,-0.090815,-0.014303
0.228266,-0.535598,0.013592,-0.034929,0.164035,-0.338526,-0.010783,-0.058809,0.030636,-0.135868,-0.106962,-0.044073,-0.371916,-0.004403,-0.173679,-0.278676,-0.062389,-0.438068,0.197304,-0.029523
0.319930,-0.106462,-0.317667,-0.093432,-0.308953,-0.117055,0.379636,-0.136067,0.036051,0.140763,-0.285686,-0.132770,-0.339253,0.045428,-0.148801,-0.066280,-0.269893,0.124066,0.107695,-0.375492
-0.094115,-0.164482,-0.009384,-0.006404,-0.460577,-0.160579,-0.064825,-0.300352,-0.226979,-0.377070,-0.040981,0.114876,-0.176392,-0.258483,-0.304163,0.331595,-0.328000,-0.039952,0.083846,-0.080263
-0.087078,-0.234451,-0.163659,-0.409081,-0.017517,0.269965,0.201534,-0.199103,-0.240161,-0.225148,-0.080922,-0.196540,-0.370156,-0.149601,0.046626,0.263501,-0.152772,-0.345780,0.233574,-0.088681
-0.042553,-0.292151,-0.105771,-0.230061,0.059439,-0.021786,-0.227051,-0.289639,-0.161359,-0.285565,-0.071472,-0.115969,-0.584838,-0.302176,-0.016422,0.122552,-0.224588,-0.284416,0.014202,-0.054430
0.128489,-0.545577,-0.049892,-0.089477,0.099277,-0.206888,0.090420,-0.159809,0.146265,-0.148840,-0.054672,0.093021,-0.638638,0.089632,-0.073383,-0.065689,-0.203367,-0.130818,0.207618,0.081297
-0.058480,-0.288278,-0.182761,-0.323555,0.090967,0.100032,-0.151632,-0.207978,0.207320,-0.118108,-0.435093,0.196095,-0.315597,-0.342076,-0.062398,0.207896,-0.284347,-0.116053,0.200907,0.088040
0.054496,-0.309097,0.011507,-0.193766,-0.245994,-0.168585,-0.126984,-0.229453,0.322685,-0.128966,-0.247357,-0.068798,0.036000,-0.470116,0.079184,0.123227,-0.291932,-0.098573,0.420298,-0.063844
0.288233,-0.302552,-0.335282,-0.393596,-0.132383,0.208494,0.075133,-0.092873,0.239587,-0.130747,-0.240144,-0.215769,-0.347215,0.204778,0.020144,0.120948,-0.217877,0.194725,0.153335,0.132812
0.053442,-0.357408,-0.056034,-0.112294,0.182696,-0.047434,-0.026657,-0.271096,0.186281,-0.304933,-0.283186,-0.000680,-0.203453,-0.398805,0.055375,0.291892,-0.395747,0.099436,0.276817,0.064082
-0.072002,-0.297105,-0.046444,-0.100906,-0.291363,-0.261929,0.157612,-0.188708,-0.305569,-0.093236,-0.072598,0.055289,-0.309997,-0.385219,-0.317319,0.271184,-0.285777,-0.204366,0.050996,-0.158436
-0.209162,-0.200626,-0.059672,-0.232214,-0.177446,-0.245796,-0.182778,-0.238397,-0.119765,-0.273818,-0.258431,-0.026928,-0.130802,-0.485058,-0.235070,0.024807,-0.357724,-0.195736,-0.154273,-0.145595
-0.054973,-0.438363,0.018250,-0.068300,-0.018929,0.020174,-0.191432,-0.078492,0.043639,-0.325476,-0.087518,0.313418,-0.488400,-0.250049,-0.297671,0.205861,-0.296362,-0.051802,0.136393,-0.036794
0.231119,-0.097126,-0.493035,-0.122062,-0.454524,-0.026512,0.220463,-0.045117,0.022016,0.078543,-0.377933,-0.242094,-0.349936,0.138160,-0.112478,0.005553,-0.206234,-0.010384,-0.061058,-0.111996
0.130490,-0.261368,-0.414563,-0.098877,0.028154,0.153926,0.087424,-0.260787,-0.216937,-0.145392,-0.034609,-0.168910,0.039133,-0.235500,0.042586,-0.066129,-0.068553,0.192095,0.632481,-0.173614
0.165134,-0.318400,0.239838,-0.279946,0.237007,-0.193100,-0.190008,-0.215381,-0.019120,-0.061936,-0.291284,-0.042526,-0.183331,0.002523,0.034199,-0.146593,-0.276860,-0.452414,-0.279971,-0.229483
0.293788,0.098479,-0.035939,-0.242426,-0.120251,0.184253,0.610685,-0.087004,-0.123643,0.407987,-0.109678,0.279453,-0.052931,0.152417,0.035326,-0.265006,-0.036172,0.089323,-0.083487,0.171416
0.091938,-0.272291,-0.283412,-0.068141,-0.238316,-0.330207,0.125491,-0.222853,0.039257,-0.285079,-0.027089,-0.155626,-0.257100,0.014890,-0.043334,0.073692,-0.076204,-0.177400,0.606892,0.119189
0.185149,-0.449174,0.175802,-0.342086,0.383692,-0.020129,-0.225944,-0.140482,0.115575,-0.242937,-0.271641,-0.088255,-0.076769,-0.159901,0.093713,-0.234624,-0.120577,-0.351107,0.030982,-0.097986
0.241674,-0.404952,-0.063171,-0.281009,-0.026728,-0.206989,0.231325,-0.207535,0.131868,-0.278396,-0.109308,-0.127496,-0.317165,0.048629,-0.033710,-0.174096,-0.164696,-0.176180,0.486751,0.043794
0.097231,-0.174102,-0.015607,-0.211364,-0.333622,-0.297528,-0.144431,-0.075412,-0.188075,-0.124876,-0.456408,-0.165189,0.282488,-0.458902,0.066423,0.075183,-0.210328,0.090727,0.131918,-0.179036
0.180270,-0.170834,-0.189134,-0.183898,-0.208598,-0.249432,0.087592,-0.240259,0.296578,-0.206901,-0.121523,-0.164640,-0.150216,0.001287,-0.125652,0.060615,-0.059026,-0.364394,0.587653,0.036447
0.115432,-0.369312,0.053279,-0.111005,-0.385771,-0.242763,-0.066828,-0.265042,0.086276,-0.320806,-0.038340,-0.108617,-0.252066,-0.333782,0.005314,0.347317,-0.137436,-0.186809,0.275839,0.059582
0.044335,-0.088407,0.118422,-0.165474,-0.486042,-0.362471,-0.110560,-0.264673,0.047786,0.016589,-0.208362,-0.011946,0.086980,-0.289945,0.128697,-0.023751,-0.214450,0.010877,0.458247,-0.296551
0.175787,-0.055602,-0.054441,-0.320281,-0.369059,-0.342912,-0.053090,-0.165656,-0.212155,-0.288656,-0.294441,-0.061151,0.141317,-0.401437,-0.020913,0.071205,-0.201167,0.239973,0.152159,-0.223171
-0.015236,-0.359854,0.072546,0.009528,0.363642,-0.231696,-0.175642,-0.274401,0.294395,-0.156966,-0.317612,-0.222978,0.225335,0.040866,0.259036,-0.092956,-0.255335,-0.232501,0.105544,-0.228849
0.069935,-0.502921,0.233127,-0.236835,0.327821,-0.036933,-0.224877,-0.185879,0.181095,-0.362958,-0.155617,0.024010,-0.072551,-0.142992,0.059552,-0.066306,-0.145771,-0.421636,-0.067206,-0.106146
0.143212,-0.205853,-0.326098,-0.082363,-0.275228,-0.400213,0.138302,-0.350250,0.081426,-0.238279,-0.111481,-0.201282,-0.094420,0.013289,-0.066538,-0.091909,0.030261,-0.150184,0.533348,-0.004596
0.111475,-0.107380,0.030184,-0.057600,-0.052474,-0.384336,0.123037,-0.164946,0.122288,-0.203137,-0.197207,-0.293363,0.001553,-0.021716,-0.272995,-0.294886,-0.154371,-0.490169,0.410176,0.059423
0.116225,-0.329799,0.148511,-0.424974,0.370466,-0.187710,-0.205279,-0.253562,0.090793,-0.221664,-0.260622,-0.188189,0.239809,-0.243959,0.034612,-0.191656,-0.036349,-0.143954,0.195934,-0.141587
0.290988,-0.244344,-0.215351,-0.203130,-0.015940,-0.147191,-0.044822,-0.466924,0.271509,-0.210813,-0.042948,-0.397452,-0.065870,0.039534,-0.323391,-0.074352,-0.175496,-0.227646,-0.010362,-0.222092
-0.122787,-0.385049,-0.206382,0.107854,-0.339738,-0.268339,-0.044728,-0.151653,-0.279420,-0.253903,-0.089954,0.102930,-0.275590,-0.362572,-0.305852,0.200194,-0.219857,-0.059967,0.118775,-0.041326
-0.048487,-0.124775,-0.296122,-0.238884,-0.247215,0.260025,0.229471,-0.096242,-0.165181,-0.104511,-0.155821,-0.168689,-0.379549,-0.172733,-0.023490,0.245499,-0.113164,-0.200671,0.516362,-0.036260
0.093135,-0.229916,-0.098454,-0.333429,-0.002677,-0.190553,0.397620,-0.124687,-0.305707,0.120598,0.133666,0.249219,-0.486438,-0.262494,-0.199325,-0.140269,-0.152135,0.061651,0.006941,-0.166519
-0.072381,-0.099907,-0.112340,-0.120982,-0.032732,0.041925,-0.118442,-0.173212,-0.070883,-0.140768,-0.281392,0.125790,-0.032723,-0.321798,-0.219921,-0.341115,-0.235535,-0.133903,0.663975,-0.084842
0.071906,-0.408483,0.004348,-0.256049,-0.229934,-0.223851,-0.048335,-0.222781,-0.078518,-0.294011,-0.158482,-0.283278,0.036213,-0.194966,0.283474,0.257173,-0.175346,0.294177,0.325386,-0.022216
0.070160,-0.264457,0.037483,0.039754,-0.490764,-0.450456,-0.010306,-0.260525,-0.134831,-0.132421,-0.203253,0.053328,-0.040089,-0.223429,-0.204614,0.118628,-0.341240,-0.240774,0.083349,-0.204242
-0.047542,-0.434344,-0.150904,0.053070,-0.218830,-0.069799,-0.059383,-0.149484,-0.220155,-0.222932,-0.044229,-0.031865,-0.424117,-0.352620,-0.138867,0.451881,-0.179093,-0.076192,0.187714,0.053989
0.040636,-0.375519,-0.188640,-0.262474,0.027223,0.040396,0.115000,-0.132794,-0.078580,-0.186714,-0.256755,-0.089055,-0.517249,0.125312,0.200449,0.315703,-0.184794,0.047347,0.380898,-0.012735
0.004120,-0.018910,0.053325,-0.303980,-0.266377,-0.280132,0.393413,-0.054895,-0.229149,0.121157,0.085974,-0.032404,-0.505028,-0.074134,-0.022215,-0.297218,-0.120451,-0.106875,-0.078718,-0.374195
0.013294,-0.214028,-0.004076,-0.280639,-0.384162,-0.253171,-0.064337,-0.190948,-0.267313,-0.356692,-0.266693,-0.150074,0.255311,-0.249751,0.171246,0.183268,-0.092710,0.167188,0.243863,-0.210105
0.090335,-0.032333,0.042630,-0.361139,-0.353355,-0.439757,0.020234,-0.212979,-0.173438,-0.073088,-0.265998,-0.156151,0.071572,-0.440881,0.124267,0.189185,-0.222093,0.047798,0.046141,-0.243945
0.404331,0.048170,-0.140236,-0.221319,-0.121199,0.113295,0.651139,-0.142272,0.107036,0.283707,-0.127945,0.316563,-0.019493,0.123456,-0.123133,-0.014651,-0.145346,0.139143,-0.098227,-0.064331
0.034694,-0.343847,0.295278,-0.109641,0.011888,-0.294788,-0.118894,-0.246427,-0.070941,-0.212465,-0.190131,0.148283,-0.318494,-0.223911,-0.171306,0.209908,-0.370385,-0.355192,0.052532,-0.141609
0.033254,-0.307154,0.193474,-0.241736,0.228008,-0.299104,-0.203631,-0.182660,0.013854,-0.147958,-0.323592,-0.017459,-0.509787,-0.055971,0.125781,0.021988,-0.093819,-0.295352,-0.229331,-0.193269
0.193221,-0.185832,-0.037205,-0.241377,-0.339267,-0.311869,-0.095449,-0.223279,-0.233570,-0.170582,-0.332316,-0.073464,0.066405,-0.283700,0.014278,0.075682,-0.320285,0.240315,0.295306,-0.243529
0.123290,-0.392911,0.277168,-0.136554,-0.264842,-0.300183,0.167723,-0.336871,0.040261,-0.168723,-0.055668,-0.047535,-0.157913,-0.070039,0.132039,0.214027,-0.388762,-0.227669,0.303171,-0.098361
