-0.377898,-0.260656,-0.258696,-0.038927,-0.084311,-0.116657,0.190112,-0.031171,0.232754,0.253471,-0.244615,-0.252242,-0.063289,-0.173228,-0.149544,-0.403601,-0.085652,-0.403665,-0.143698,-0.104380
-0.232188,-0.302373,0.009911,-0.054773,-0.191678,0.088549,0.316962,0.053039,-0.060566,0.071161,-0.232139,-0.346036,-0.268937,0.106897,-0.146957,-0.416416,-0.004191,-0.466920,-0.049192,-0.148780
-0.167696,-0.059660,-0.076445,-0.552298,-0.295967,-0.232809,-0.248083,-0.280780,0.127906,0.265592,-0.046125,0.134298,-0.238607,-0.252663,-0.012616,0.145798,-0.095668,-0.246338,0.092924,0.218043
-0.114597,-0.112470,-0.238854,-0.317512,-0.537574,-0.138084,-0.279005,0.033797,-0.124461,0.158390,-0.068845,0.146583,-0.361199,0.071773,-0.288106,-0.050127,-0.213763,-0.296802,-0.086337,-0.011660
-0.391592,-0.175884,0.025281,-0.140053,-0.319550,-0.017592,0.224297,-0.108569,-0.143248,0.153178,-0.254661,-0.225085,-0.313691,0.018149,0.000994,-0.410447,-0.101368,-0.370248,-0.220454,-0.091059
-0.416885,-0.311285,-0.046694,0.010311,-0.205755,0.254707,0.144537,0.025050,-0.069950,0.168052,-0.195058,-0.285177,-0.128184,-0.148724,0.094519,-0.403571,0.009296,-0.457134,-0.128899,-0.098787
0.075492,0.395234,0.225585,-0.202142,0.052419,0.098992,0.194551,0.016556,-0.267572,0.485016,0.401717,0.214948,-0.066062,-0.197507,-0.102775,0.197076,-0.040953,0.208368,-0.196608,0.068791
-0.114200,-0.172427,-0.176934,-0.306523,-0.474036,-0.288804,0.014318,0.035982,0.071196,0.219652,-0.337142,-0.164109,-0.163059,-0.033268,-0.283690,-0.074857,-0.116766,-0.221143,-0.352513,-0.166896
-0.224519,-0.208473,-0.039033,-0.144515,-0.261087,-0.113369,0.120288,-0.021029,-0.091128,0.362710,-0.198597,-0.387921,-0.117219,-0.105252,0.031246,-0.204780,-0.019489,-0.343789,-0.448417,-0.265758
0.074749,0.109671,-0.366656,-0.229474,-0.282776,-0.104830,-0.137477,0.189749,-0.258276,0.288251,0.429371,-0.222752,-0.150870,-0.012799,-0.235920,0.152683,-0.250500,-0.043463,-0.299764,-0.096264
-0.504786,-0.249810,-0.108533,-0.125568,-0.268382,0.117303,0.213449,-0.030164,-0.365645,0.078373,-0.131817,-0.249944,-0.115757,-0.037063,-0.017721,-0.212046,-0.198804,-0.391315,-0.218750,-0.052347
0.064426,0.136880,-0.059945,-0.340252,0.030587,0.315485,-0.135455,-0.084432,0.152830,0.080654,0.485508,0.207138,0.344924,-0.252948,-0.250697,-0.066923,-0.004082,0.237435,-0.156236,0.303701
-0.341147,-0.192745,-0.262822,-0.113129,-0.137800,-0.101744,0.068902,0.060810,0.163329,0.399749,-0.220264,-0.396020,-0.131459,-0.419402,-0.168512,-0.056553,-0.099880,-0.177083,-0.173288,-0.197096
0.158450,0.054284,-0.142184,-0.292132,-0.246326,0.050214,-0.133110,0.038190,0.054217,0.183896,0.620887,0.185133,0.104081,-0.262338,-0.372685,0.193811,0.017838,-0.155584,0.060010,0.207958
0.023210,-0.076065,-0.237540,-0.111445,-0.251715,-0.144462,-0.240076,0.299271,-0.426325,0.150243,-0.263783,-0.188560,-0.076717,-0.007459,-0.381856,-0.172405,-0.161583,-0.214614,-0.321212,-0.164665
-0.158696,-0.213515,-0.202357,-0.047865,-0.129897,-0.144532,0.293730,0.073583,0.066342,0.359681,-0.341979,-0.322670,-0.018411,-0.274139,-0.102931,-0.178708,-0.066200,-0.366114,-0.334936,-0.181852
-0.443078,-0.317627,0.053560,-0.292516,-0.114599,0.186969,0.052412,0.010958,-0.324668,-0.094230,-0.198187,-0.349004,-0.048824,-0.006227,0.043872,-0.370611,-0.022623,-0.239758,-0.287188,0.076552
0.156760,-0.096424,-0.143194,-0.059815,-0.374181,0.068072,0.046936,0.045391,-0.053170,0.206955,0.479794,0.016581,-0.002730,-0.267777,-0.615289,0.139408,0.031241,-0.179314,0.012961,0.118228
-0.208696,-0.034196,-0.172398,-0.127031,-0.402189,-0.102725,0.014066,-0.031002,-0.322877,-0.362581,0.073675,-0.261744,-0.184541,0.132256,-0.563606,-0.096346,0.146848,0.130744,-0.078668,0.054508
-0.156539,-0.263334,-0.091494,-0.120727,-0.180222,-0.154133,0.129835,0.032016,-0.045047,0.198087,-0.268502,-0.529534,-0.060553,-0.130325,0.014597,-0.191624,-0.059880,-0.527707,-0.162301,-0.222107
-0.079065,-0.106235,-0.125593,-0.242216,-0.410454,-0.069276,0.131358,-0.000455,-0.217795,0.067451,-0.276018,-0.114023,-0.134386,0.054927,-0.512138,-0.215753,-0.225394,-0.309675,-0.281397,-0.143267
-0.129863,0.232593,-0.021411,-0.247446,-0.022389,0.180591,0.004691,-0.084175,-0.271846,0.459893,0.462488,-0.096653,0.000963,-0.383833,-0.243798,0.223995,-0.049084,0.234759,0.062684,0.009869
-0.343025,0.080593,0.004086,-0.181497,-0.484501,0.127531,0.156799,-0.073587,-0.081818,-0.050993,-0.190005,0.011765,-0.358711,0.044760,-0.424961,-0.157420,0.147256,-0.287480,0.045198,0.271877
-0.219339,-0.446425,-0.127200,0.112662,-0.123025,-0.136446,0.205262,0.021756,0.129202,0.224094,-0.203124,-0.449942,-0.196865,-0.232135,-0.046985,-0.284578,-0.061647,-0.161889,-0.323227,-0.162563
-0.300834,0.231321,0.028700,-0.043738,-0.178915,-0.208382,0.208930,-0.125227,0.243095,0.298178,-0.285590,0.145262,-0.419158,-0.285068,-0.304516,-0.183325,-0.198084,-0.151692,-0.138046,-0.056728
-0.004454,-0.055714,-0.439750,-0.411540,0.120326,-0.145503,0.004765,0.262515,-0.018601,-0.019910,0.197812,-0.266283,-0.436911,0.045958,0.062478,-0.120986,-0.251269,-0.318240,-0.160816,0.130184
-0.242367,-0.068422,-0.226750,-0.145337,-0.577358,-0.177880,0.000831,-0.027386,-0.308199,0.063651,-0.151011,-0.134098,-0.260511,0.013021,-0.373523,0.043511,0.147237,0.018517,-0.259812,-0.243942
-0.328942,0.052514,-0.012334,-0.146306,-0.319336,0.371910,0.098759,-0.005962,-0.279628,0.047116,-0.101337,-0.039335,-0.359768,0.113075,-0.494590,-0.171484,-0.033264,-0.283088,0.096550,0.135501
-0.477840,0.033109,0.097000,-0.260747,-0.388295,0.169447,0.035688,0.015203,-0.157938,-0.024035,-0.073475,-0.040489,-0.292868,0.313530,-0.262124,-0.282827,0.075647,-0.200467,0.263158,0.178018
-0.154528,-0.173175,-0.255394,-0.059725,-0.223711,-0.235788,0.113407,-0.086599,0.077525,0.128003,-0.235336,-0.322753,-0.143083,-0.304865,-0.281101,-0.180219,-0.146050,-0.364529,-0.347134,-0.264124
-0.134582,0.241852,-0.149479,-0.370890,-0.027006,-0.297271,0.083915,-0.256626,-0.280961,0.363608,-0.037770,0.132449,-0.032301,-0.337621,-0.188962,-0.252865,-0.328134,-0.217177,-0.026723,-0.033829
-0.406131,0.199345,-0.010329,-0.016981,-0.120368,-0.124813,0.076774,-0.151123,0.313846,0.412170,-0.002694,0.111005,-0.509170,-0.183757,-0.284334,-0.033370,-0.057936,-0.254618,-0.094934,0.056863
0.031664,0.060404,-0.078616,-0.358844,-0.224932,0.056019,-0.337070,-0.011330,-0.177278,0.124769,0.264722,0.009445,-0.196390,-0.194910,-0.394512,0.112422,-0.033332,-0.540402,-0.047728,0.188412
-0.300549,0.258083,-0.065698,-0.028308,-0.413396,-0.309933,-0.023274,-0.209071,0.396930,0.048640,0.044699,-0.025888,-0.130398,-0.383738,-0.375530,-0.138677,-0.022458,0.071156,0.143549,0.116038
-0.022201,0.094854,-0.149440,-0.198719,-0.159482,-0.122440,-0.270552,0.001361,-0.143856,0.380925,0.522723,-0.172276,-0.141327,0.103765,-0.223182,0.237328,-0.153149,0.385912,-0.183761,0.057607
-0.310868,-0.216497,-0.048781,-0.194809,-0.156650,-0.109913,0.153110,-0.056231,0.116815,0.356629,-0.254262,-0.196588,-0.197974,-0.098445,-0.137888,-0.316617,-0.008362,-0.577446,-0.032415,-0.078105
-0.349553,-0.140629,0.017047,0.022372,-0.168239,-0.280072,0.271563,-0.202107,0.361427,0.314316,-0.223308,-0.168478,-0.212953,-0.097151,-0.164360,-0.348276,0.108702,-0.227464,-0.217951,-0.118638
0.010194,0.210486,-0.195804,-0.343000,-0.223064,-0.056938,-0.141053,0.031767,-0.229191,0.395422,0.456782,-0.036211,-0.151994,0.063629,-0.181892,0.104387,-0.196967,-0.201346,-0.395131,-0.015948
-0.156129,-0.265891,-0.184965,0.004802,-0.441680,-0.158628,0.238832,-0.063170,-0.003088,0.292932,-0.151942,-0.298171,-0.106278,-0.108001,-0.322992,-0.126438,0.068085,-0.390565,-0.193720,-0.231583
0.005484,0.038954,-0.295585,-0.080863,-0.407285,-0.155258,-0.012964,0.021744,-0.313476,-0.175125,0.042342,-0.290758,-0.251519,0.154801,-0.439350,-0.122698,0.085628,0.212281,-0.324715,-0.213315
-0.261831,-0.399443,-0.155346,-0.243932,-0.253425,-0.201282,-0.064827,0.259570,-0.105580,0.169187,-0.202040,-0.015304,-0.194040,-0.041111,-0.506299,-0.063540,-0.124630,0.074335,-0.316838,-0.099746
-0.251646,-0.236811,-0.090993,-0.097463,-0.263343,-0.121778,0.104826,-0.033972,-0.003715,0.265731,-0.173995,-0.408386,-0.114230,-0.138146,-0.009439,-0.296959,-0.054452,-0.421479,-0.434344,-0.095620
0.168106,-0.089657,0.032852,-0.185660,0.004005,0.016038,-0.098414,-0.002392,-0.118361,-0.048583,-0.017961,0.037972,-0.000957,-0.188953,-0.450312,0.037631,0.104078,-0.805413,-0.017539,-0.017964
-0.415407,0.231329,0.033318,-0.049024,-0.124950,-0.510552,0.025331,-0.296403,0.258286,0.257595,-0.077054,0.161669,-0.251805,-0.296636,-0.055129,-0.215059,-0.163273,-0.095948,-0.062797,-0.000511
-0.105765,-0.134430,-0.224044,-0.246640,-0.165419,0.004587,-0.198661,0.075656,-0.236357,-0.157555,-0.027896,-0.177938,-0.103832,-0.322864,-0.416727,-0.318006,-0.127438,0.348338,-0.221955,0.312022
-0.050180,-0.283068,-0.324020,-0.012236,-0.129242,-0.146904,0.277174,0.116183,-0.071844,0.216450,-0.264208,-0.430174,-0.247264,-0.173747,-0.182124,-0.239946,-0.161498,-0.309946,-0.196590,-0.184044
-0.221110,-0.192289,-0.231389,-0.164010,-0.150221,-0.068681,-0.018735,0.225999,0.032501,0.374397,-0.328907,-0.366207,-0.108072,-0.252257,-0.204024,-0.142329,-0.173309,-0.113297,-0.406464,-0.161823
-0.160133,-0.119656,-0.107021,-0.088121,-0.594191,-0.155145,-0.013167,-0.185889,-0.181724,0.059864,-0.016211,-0.129851,-0.209112,0.134937,-0.437548,-0.023444,0.200550,0.007357,-0.420008,-0.067929
-0.104958,-0.107278,-0.274128,-0.250452,-0.387163,-0.205066,-0.147101,0.159426,-0.110423,0.326522,-0.167577,0.089750,-0.267466,0.132079,-0.275576,-0.039796,-0.036056,-0.229398,-0.422452,-0.216229
-0.272739,0.099534,-0.049731,0.031237,-0.341131,-0.538277,0.174654,-0.271195,0.188213,0.198585,-0.087639,0.058627,-0.168383,-0.108642,-0.276798,-0.248660,-0.043443,-0.132914,-0.328580,-0.099966
-0.080623,-0.149929,-0.355718,-0.066182,-0.140665,0.009087,-0.065459,0.290629,-0.192383,-0.135401,-0.115234,-0.337881,-0.123089,-0.359749,-0.343056,-0.259286,-0.139748,0.313968,-0.232913,0.216466
-0.213611,-0.093545,-0.186323,-0.110289,-0.545122,-0.160627,-0.070164,-0.007247,-0.123570,0.341111,-0.080684,0.142890,-0.226816,0.056108,-0.330532,-0.045424,-0.162083,-0.407087,-0.171049,-0.158413
-0.119228,0.169157,-0.177661,-0.414407,-0.444135,-0.011497,-0.180114,-0.152297,-0.030102,0.074348,0.395944,0.135927,-0.203458,0.340018,-0.361636,-0.026056,-0.000605,0.100102,0.063941,0.128812
-0.013033,-0.037957,-0.287715,-0.056865,-0.587572,-0.216984,0.058468,-0.001360,-0.316375,-0.064898,-0.099960,-0.160002,-0.293188,0.223525,-0.309207,-0.121899,0.147363,0.084821,-0.199601,-0.248179
-0.146504,-0.159146,-0.245107,-0.163869,-0.279291,-0.156041,0.299519,-0.030545,-0.107884,0.369163,-0.183280,-0.193439,-0.197705,-0.068569,-0.201889,-0.204691,-0.174537,-0.331295,-0.400400,-0.165423
-0.083665,-0.190516,-0.284208,0.030377,-0.229404,-0.377813,0.185973,0.010316,-0.110865,0.218282,-0.183118,-0.355743,0.022625,-0.199046,-0.234637,-0.195052,-0.236144,-0.143490,-0.320017,-0.336046
-0.408566,-0.099065,-0.043993,-0.148769,-0.248697,-0.257748,0.266735,-0.045461,0.118737,0.311742,-0.269985,-0.151672,-0.181969,-0.117246,-0.242565,-0.361957,-0.007364,-0.391703,0.005508,-0.017035
-0.391960,0.068777,-0.035843,-0.296714,-0.345853,0.001422,-0.133816,-0.051309,-0.198714,0.172735,-0.194050,0.000724,-0.263897,0.113930,-0.502798,-0.063823,0.175598,-0.328083,-0.129096,0.102653
-0.165567,-0.224041,-0.151268,-0.111378,-0.173917,-0.182487,0.191856,0.044024,-0.070304,0.229042,-0.357777,-0.431291,-0.125709,-0.102192,-0.088632,-0.159803,-0.125158,-0.294764,-0.384894,-0.321027
-0.444256,0.047937,0.059437,-0.347731,-0.263793,-0.039048,0.045520,-0.058798,-0.184365,-0.045409,-0.396508,-0.006685,-0.191320,0.019246,-0.490477,-0.119269,-0.117582,-0.298260,-0.101841,0.031786
-0.273510,-0.189715,-0.273019,-0.037255,-0.366116,-0.318165,0.257167,0.146506,-0.055922,0.354414,-0.094492,-0.333428,0.037135,-0.211348,-0.248116,-0.077153,-0.147219,-0.081431,-0.297655,-0.105359
-0.394851,-0.054319,-0.348252,-0.047879,0.056424,-0.108321,-0.241508,0.157514,0.198054,0.195286,-0.416239,-0.267294,0.086124,-0.308259,-0.337194,-0.041335,-0.093653,0.255420,0.027714,-0.069471
-0.249023,-0.148211,-0.348994,-0.175747,-0.382617,-0.303475,-0.131096,0.148754,-0.021494,0.173308,-0.097327,0.004417,-0.275432,-0.005028,-0.505717,-0.050848,-0.147876,-0.201582,-0.183170,-0.123546
-0.208407,-0.114701,-0.049063,-0.010909,-0.176488,-0.273756,0.165004,-0.074241,0.058666,0.420066,-0.264621,-0.173848,-0.163511,-0.129021,-0.126108,-0.342080,-0.168059,-0.524794,-0.163075,-0.123938
0.054863,-0.041626,-0.023296,-0.294876,-0.165349,0.094393,-0.069570,0.046068,-0.345722,0.126983,0.252749,-0.005804,0.184216,-0.469366,-0.495316,0.146666,0.027463,-0.374937,0.042695,-0.027253
-0.405036,0.308633,0.075677,-0.048427,-0.164963,-0.268449,0.200426,-0.236090,0.298676,0.258404,-0.007950,0.130367,-0.299184,-0.337896,-0.292388,-0.077117,-0.162839,-0.005732,-0.191947,-0.076666
-0.465781,-0.117987,-0.310366,-0.005876,-0.103491,-0.090237,-0.070453,0.059786,0.237008,0.304992,-0.307790,-0.339592,0.052875,-0.335625,-0.288138,-0.056874,-0.005910,0.086907,-0.229792,-0.155031
-0.245111,-0.278038,-0.021297,0.046613,-0.224971,-0.138404,0.200369,-0.016368,-0.100077,0.095851,-0.271715,-0.206941,-0.113290,-0.174738,-0.055393,-0.296300,-0.066589,-0.615908,-0.211160,-0.226613
0.003014,-0.144164,-0.295982,-0.234829,-0.440983,-0.287085,-0.036826,0.115658,-0.219574,0.097739,-0.201215,0.192876,-0.258059,0.128749,-0.363162,-0.089419,-0.215717,-0.296088,-0.203894,-0.102755
-0.081646,-0.151698,-0.208065,-0.033833,-0.419693,-0.078629,0.169822,0.126305,0.045597,0.185295,-0.209535,-0.278692,-0.154610,-0.211136,-0.367706,-0.154335,-0.150669,-0.344098,-0.326363,-0.256232
-0.018949,-0.106771,-0.246120,-0.243526,-0.525639,-0.326408,-0.068532,-0.063210,-0.208022,0.265222,-0.040483,0.009342,-0.256220,0.185252,-0.364308,-0.030446,-0.004023,-0.121672,-0.285806,-0.177112
-0.024617,0.083855,-0.310396,-0.092667,-0.289633,-0.057394,-0.209718,0.038117,-0.228692,0.471370,0.499101,-0.057036,-0.158575,-0.094464,-0.276385,0.135245,-0.212244,-0.183650,-0.142066,-0.016175
-0.410606,-0.262906,0.129250,-0.078835,-0.133371,-0.194323,0.078289,-0.062004,0.087760,0.714280,-0.211994,-0.184028,-0.062466,-0.026162,-0.030282,-0.198678,-0.017449,-0.162922,-0.012528,-0.071788
-0.206454,-0.108263,-0.273845,-0.175513,-0.192359,-0.050528,-0.030454,0.173733,-0.249686,-0.036038,-0.243313,-0.215786,-0.136302,-0.275646,-0.388261,-0.443725,-0.165633,0.306667,-0.155312,0.109494
-0.289597,-0.247570,-0.123464,-0.069478,0.043163,-0.048974,0.128885,0.139877,-0.006242,0.275363,-0.197342,-0.373778,-0.123956,-0.347220,-0.065837,-0.304159,-0.141887,-0.342622,-0.387444,-0.139312
-0.181192,-0.208766,-0.237224,-0.034535,-0.088111,-0.136667,0.151433,0.138614,-0.016723,0.215342,-0.403344,-0.266768,-0.071047,-0.311443,-0.133819,-0.230259,-0.131457,-0.273293,-0.468290,-0.181086
-0.118084,-0.220657,0.023594,-0.080678,-0.461536,-0.156095,0.157981,0.002470,-0.133140,0.123008,-0.321693,-0.294669,-0.005170,0.150215,-0.331984,-0.124802,0.203846,-0.113767,-0.364455,-0.330271
-0.319635,0.253313,0.011355,-0.234473,-0.364795,-0.019023,-0.060268,-0.143669,-0.118926,0.037122,-0.063744,-0.025010,-0.370675,0.171352,-0.310014,-0.199020,-0.055461,-0.525229,-0.116253,0.075523
0.243804,-0.217928,-0.124377,-0.233536,-0.281781,0.073216,-0.033696,0.098403,-0.174142,0.166308,0.309591,0.133327,0.059360,-0.473496,-0.372952,0.301036,0.098535,-0.278926,0.044756,-0.094460
-0.191383,-0.209003,-0.216141,-0.060890,-0.241365,-0.157606,0.159700,0.276375,0.033862,0.175775,-0.418335,-0.356423,-0.028269,-0.210425,-0.116727,-0.187451,-0.193929,-0.247962,-0.329323,-0.220928
-0.284432,-0.229459,0.014747,-0.034223,-0.325584,0.068168,0.275814,0.026556,-0.085456,0.071714,-0.173791,-0.437765,0.042097,-0.244190,-0.086920,-0.369716,0.212951,-0.280979,-0.241468,-0.234713
-0.330021,-0.119241,-0.010185,-0.057086,-0.239189,-0.211816,0.201054,-0.074028,0.116074,0.365035,-0.290840,-0.254564,-0.195691,-0.108193,0.029560,-0.317651,-0.037525,-0.474411,-0.173598,-0.144997
-0.114685,-0.239376,-0.405026,-0.127603,-0.207774,-0.055295,-0.174918,0.091016,-0.196984,-0.078257,0.007609,-0.218847,-0.070800,-0.208948,-0.359254,-0.344529,-0.075710,0.409880,-0.151132,0.279680
-0.288942,0.012228,0.035301,-0.247439,-0.275525,0.143140,-0.009995,-0.105970,-0.152175,-0.088874,-0.260876,-0.014591,-0.167774,0.083015,-0.621297,-0.096229,0.011410,-0.410282,-0.157527,0.152471
-0.089084,-0.063386,-0.219311,-0.422173,0.140670,-0.171898,-0.044100,0.112121,-0.011578,-0.326243,-0.057810,-0.261468,-0.348835,-0.128063,-0.106114,-0.167099,-0.133300,-0.263681,-0.109724,0.492936
-0.523364,-0.209792,-0.038324,-0.003978,-0.123396,0.161727,-0.108584,-0.110585,-0.084716,-0.086863,-0.231829,-0.246924,-0.208531,-0.185805,0.011167,-0.469279,0.005408,-0.417775,-0.082996,-0.077097
-0.461727,-0.126586,0.040037,-0.130436,-0.214555,-0.289813,0.229200,-0.081014,0.058419,0.324819,-0.223524,-0.091755,-0.212753,0.047496,-0.186826,-0.308959,-0.027973,-0.463803,-0.042587,0.012483
-0.262586,0.200045,-0.103289,-0.214877,0.026444,-0.220356,-0.427369,-0.105751,0.165613,0.221497,-0.145557,-0.322852,0.249915,-0.188932,-0.229939,0.126955,-0.243303,0.379009,0.097888,0.098127
-0.111135,-0.064222,-0.229464,-0.119362,-0.552788,-0.266846,-0.007017,0.091903,-0.414016,-0.124093,0.007494,-0.026776,-0.135699,0.092882,-0.487678,-0.025297,0.150962,0.048361,-0.181506,-0.142061
-0.192502,-0.111329,0.112364,-0.083173,-0.257859,0.077617,-0.349196,0.091562,-0.174528,-0.304581,-0.014175,-0.066554,-0.174022,-0.109403,-0.439835,-0.321072,-0.224408,0.422746,-0.040731,0.175448
-0.215831,-0.265418,-0.087741,-0.325248,0.074665,0.062283,-0.008339,-0.084996,0.102682,0.175422,-0.228137,-0.186392,-0.022690,0.079822,-0.461454,-0.381289,-0.059021,-0.258578,0.432651,-0.043500
-0.201088,0.121979,-0.100374,-0.384676,-0.266495,0.028082,0.015045,-0.023721,-0.216628,0.020368,-0.143154,-0.064866,-0.419227,0.191393,-0.282905,-0.287214,0.008418,-0.500892,-0.020540,0.125292
-0.403524,-0.084872,-0.035048,-0.334622,-0.229156,-0.267723,0.192694,-0.053676,0.040624,0.085185,-0.303025,-0.140512,-0.199964,-0.162589,-0.370778,-0.236860,-0.186970,-0.287687,-0.233149,-0.003223
-0.297066,-0.171836,0.084081,-0.284345,-0.266959,-0.053882,0.140409,0.008323,-0.367908,0.070885,-0.176720,-0.026881,-0.219113,0.225231,-0.479966,-0.267741,0.049304,-0.344394,0.012982,0.077570
-0.107418,-0.134966,-0.412345,-0.226698,-0.126547,-0.007694,-0.056739,0.167372,-0.220092,-0.093812,-0.086388,-0.299911,-0.206754,-0.162610,-0.384961,-0.249875,-0.174154,0.436840,-0.179161,0.117427
0.081113,-0.204400,0.003387,-0.302679,-0.062774,-0.011164,-0.071938,-0.021577,-0.103753,0.032815,-0.136852,0.141143,-0.085253,-0.328630,-0.497267,0.139090,0.019182,-0.645151,0.021475,-0.029714
-0.192390,-0.329009,0.066086,-0.080941,-0.350768,-0.051682,0.216107,-0.051005,-0.238738,0.077137,-0.245077,-0.312167,-0.152442,0.010872,0.030619,-0.273546,0.041351,-0.416062,-0.323831,-0.263714
-0.181820,0.350653,0.419544,-0.346759,0.274355,0.146320,0.197711,0.106500,-0.058389,0.332373,0.267476,0.223792,0.301078,-0.060465,0.051100,-0.090346,0.061048,-0.074742,-0.065268,-0.215535
-0.396344,0.142461,0.008840,-0.050277,-0.269056,-0.370965,0.189134,-0.090714,0.392720,0.419668,-0.040818,0.016930,-0.255456,-0.232058,-0.224258,-0.174062,0.008703,-0.143228,-0.024917,0.113102
-0.293808,-0.234376,-0.110568,0.018250,-0.099763,-0.101676,0.300335,-0.007168,0.027230,0.187754,-0.298192,-0.453923,-0.093042,-0.198967,0.055775,-0.215852,-0.105274,-0.352616,-0.308306,-0.276158
-0.295152,-0.136301,-0.078761,-0.233379,-0.085375,-0.179902,0.074116,-0.017293,0.123785,0.484522,-0.095009,-0.227105,-0.093822,-0.322894,-0.140754,-0.208512,-0.092398,-0.527006,-0.121470,0.011177
-0.016241,-0.134177,-0.144300,-0.167359,-0.444376,-0.216535,-0.188003,0.065887,-0.240307,0.333362,-0.130674,0.233837,-0.167633,0.225049,-0.255223,-0.077319,-0.153844,-0.397401,-0.237481,-0.142716
-0.470552,0.130158,0.106034,0.008661,-0.125911,-0.225741,-0.009326,-0.299476,0.328384,0.234847,-0.042112,0.223083,-0.343222,-0.377155,-0.278005,-0.097764,-0.160810,-0.041294,0.040615,0.055689
-0.176509,0.049095,-0.334094,-0.048169,-0.336265,0.142162,-0.076154,0.007126,-0.115065,0.097692,-0.024793,-0.433692,-0.046583,0.168824,-0.454361,-0.182419,0.419144,-0.118377,-0.106766,-0.174323
-0.016441,-0.089897,-0.206420,-0.231755,-0.463470,-0.229078,0.165625,-0.101990,-0.159626,0.089945,0.003615,-0.104291,-0.191879,0.213176,-0.521358,0.049772,0.103581,0.067592,-0.362258,-0.206573
-0.133968,-0.071076,-0.115126,-0.243851,-0.551681,-0.372144,-0.117334,-0.046765,-0.062492,0.140017,-0.101374,0.087808,-0.271777,0.100674,-0.287637,-0.054585,-0.158863,-0.294372,-0.339775,-0.083291
-0.148820,-0.270182,-0.259826,-0.014984,-0.110437,-0.198015,0.130444,0.048810,0.018929,0.287182,-0.203644,-0.406100,-0.171975,-0.307456,-0.219192,-0.030274,-0.114217,-0.229429,-0.354788,-0.335368
-0.199377,-0.264839,-0.135781,-0.009723,-0.186432,-0.012265,0.297119,0.038989,-0.270020,0.205963,-0.197220,-0.512508,-0.160539,-0.064825,-0.118384,-0.163728,-0.135190,-0.460024,-0.138963,-0.099870
-0.327740,0.184026,0.010275,-0.060918,-0.197185,-0.305431,0.356163,-0.094346,0.468757,0.285774,-0.139130,-0.016933,-0.248997,-0.136440,-0.361199,-0.084947,-0.082075,0.057802,-0.180175,-0.071418
-0.411233,0.034462,0.031786,-0.163815,-0.231587,-0.245257,0.151482,-0.089785,0.155855,0.490301,-0.224578,-0.224788,-0.273104,-0.056132,-0.060365,-0.274420,-0.075638,-0.275643,-0.159725,-0.165868
-0.330588,-0.173026,-0.160383,0.098168,-0.081713,-0.296202,0.145028,0.074537,0.087890,0.249037,-0.274551,-0.300013,0.026577,-0.265411,-0.320526,-0.207316,-0.053853,-0.269715,-0.319013,-0.273862
-0.171397,-0.261769,0.031691,-0.123478,-0.133797,-0.205496,-0.116842,-0.117867,-0.007510,0.461802,-0.263330,-0.072797,-0.344417,0.033129,-0.075104,-0.314540,-0.200967,-0.387299,-0.280499,-0.129810
-0.443502,0.032539,-0.027068,-0.168429,-0.336694,-0.029064,-0.015884,-0.146359,-0.181086,0.030496,-0.153097,0.076264,-0.426167,0.138535,-0.308293,-0.238904,0.095883,-0.447163,0.033724,0.105233
-0.111275,-0.031181,-0.354142,-0.385389,0.166733,-0.183385,-0.016055,0.053206,-0.046049,-0.280042,-0.175220,-0.342668,-0.465150,0.011657,-0.063069,-0.162100,-0.189679,-0.268896,-0.152165,0.203290
-0.193007,0.137948,0.062991,-0.500028,-0.177153,0.047176,-0.013690,-0.078677,0.010562,0.484650,-0.001232,0.211247,-0.058213,-0.311774,-0.208607,-0.265538,-0.126820,-0.279802,-0.050304,0.242055
0.047960,0.020204,-0.054604,-0.414589,-0.091425,-0.306599,-0.182426,0.020986,-0.325467,-0.178224,-0.074037,-0.060136,-0.161812,-0.189565,-0.444449,0.161204,-0.028353,-0.442341,-0.223321,-0.087025
0.019849,-0.066222,-0.311060,0.045271,-0.383898,-0.136515,-0.540284,0.285821,-0.260039,0.214822,0.041343,-0.221353,-0.043006,0.053873,-0.319254,-0.081744,0.014086,-0.173324,-0.211989,-0.061540
-0.173521,0.033563,-0.005660,-0.170127,-0.449918,-0.154107,0.198890,-0.248418,-0.230508,0.148283,-0.182445,0.085597,-0.295280,0.278825,-0.376409,-0.193005,0.007384,-0.221467,-0.310345,-0.085592
-0.418056,0.033958,-0.063253,-0.159514,-0.357281,0.145864,-0.096061,-0.000964,-0.097528,0.021062,-0.105507,-0.081884,-0.508123,0.296461,-0.362490,-0.083131,0.126332,-0.256941,0.129216,0.160065
0.066794,-0.231189,-0.450295,-0.347718,-0.191199,-0.286740,0.352300,0.009982,0.120626,-0.111896,0.240865,0.096969,0.050705,-0.280848,-0.119239,0.118374,-0.099270,0.011627,0.392791,0.083568
-0.185427,0.192799,-0.011552,-0.481475,-0.085320,-0.252024,0.019513,-0.123857,-0.025166,0.216075,0.012382,0.097094,-0.124415,-0.401054,-0.221016,-0.403697,-0.370514,-0.138842,-0.086838,-0.028871
-0.106593,-0.109673,-0.287394,-0.230503,-0.420655,-0.185259,-0.266675,0.128549,-0.115167,0.229554,-0.090510,0.139885,-0.339612,0.105548,-0.331036,-0.026555,-0.136827,-0.355464,-0.198756,-0.164027
-0.084723,-0.069650,-0.239275,-0.320082,-0.423110,-0.334624,-0.057019,0.006014,-0.105421,0.234365,-0.220074,-0.057571,-0.236915,0.151349,-0.393477,-0.078029,-0.115575,-0.225282,-0.325482,-0.078740
0.219092,0.393080,0.297202,-0.312301,0.008919,0.304612,0.108594,-0.038380,-0.112170,0.334111,0.193297,0.433598,0.288231,-0.180470,-0.126542,-0.025508,0.015385,-0.045038,-0.114967,0.090091
-0.288096,-0.053189,0.193243,-0.232113,-0.369544,0.018468,0.291105,-0.117660,-0.413214,-0.043509,-0.155231,-0.280107,0.106413,0.187382,-0.226259,-0.142846,0.139364,-0.271392,-0.317704,-0.014856
-0.289093,-0.238341,0.150520,-0.271495,-0.256006,0.096715,0.196711,-0.049553,-0.165005,-0.003550,-0.231614,-0.255761,-0.037081,0.061035,0.037464,-0.358041,0.071157,-0.358903,-0.479486,-0.049338
-0.056188,-0.045292,-0.291391,-0.158419,-0.459202,-0.184956,-0.349577,0.080742,-0.073514,0.154923,-0.079809,0.088637,-0.195209,0.119157,-0.453529,-0.113720,-0.203794,-0.359316,-0.158405,0.026434
0.006929,-0.056531,-0.116143,-0.079433,-0.445235,0.082119,0.062395,-0.076580,-0.323926,0.042454,0.179869,-0.167072,-0.005288,0.159348,-0.446626,-0.193223,0.520205,-0.096355,-0.230313,-0.007482
