0.001291,-0.344400,0.304515,-0.143273,0.236658,-0.209166,-0.053848,-0.201462,0.192410,-0.435799,-0.272428,-0.186302,-0.109275,-0.115758,0.129506,-0.020199,-0.145458,-0.344164,0.314441,-0.089544
0.071330,-0.381175,0.165900,-0.021753,0.385190,0.029084,-0.235715,-0.242100,0.096273,-0.333792,0.068292,-0.145677,0.078711,-0.236862,0.205354,0.084228,-0.421143,-0.296674,0.084459,-0.166089
-0.002424,-0.305845,0.069499,-0.424521,0.196413,0.228229,0.050625,-0.043172,0.076570,-0.285155,-0.210282,-0.300002,-0.436657,0.016451,0.358609,0.163496,-0.116140,0.119294,0.084408,-0.154272
0.163287,-0.171699,-0.082793,-0.391688,-0.437947,-0.334548,-0.139265,-0.194509,-0.095939,-0.199104,-0.269037,-0.072835,0.082242,-0.282972,0.158772,0.006355,-0.227150,0.181360,0.113232,-0.294458
0.097155,-0.310282,-0.055702,-0.086632,0.287776,-0.059764,-0.131495,-0.072771,-0.086249,-0.229962,-0.070618,0.005959,-0.440434,-0.278148,-0.016487,-0.199220,-0.341148,-0.503221,-0.093439,-0.140382
0.143490,-0.319883,0.161606,-0.392881,0.284911,-0.033010,-0.115935,-0.060444,0.099865,-0.203098,0.056878,-0.140091,0.049829,-0.346767,0.173300,-0.091894,-0.306991,-0.473689,0.168655,-0.122048
0.643814,-0.079201,0.166486,-0.116368,0.125919,0.180665,0.314801,-0.045725,-0.041751,0.304958,-0.269699,-0.138482,-0.156184,0.115319,-0.119533,-0.077001,-0.166075,0.022611,0.298548,0.162782
0.272654,-0.237147,-0.087312,-0.227213,-0.290571,-0.230774,-0.049654,-0.304889,0.086971,-0.173918,-0.316527,-0.225008,0.156786,-0.313764,0.019201,-0.065056,-0.322536,-0.286550,0.054071,-0.267837
0.359920,-0.170744,0.061141,-0.362718,0.055483,-0.119143,-0.109586,-0.218018,0.118691,-0.118941,-0.229799,-0.130951,-0.084168,-0.375412,0.139954,-0.214968,-0.374353,-0.391262,0.072847,-0.136556
0.110138,-0.417241,0.024148,-0.129099,-0.186042,0.168765,0.013655,-0.181759,0.022016,-0.264025,-0.070816,-0.103991,-0.352109,-0.141150,0.111591,0.044122,-0.112503,-0.205368,0.621722,-0.120486
-0.031084,-0.374962,0.170736,0.023355,0.311600,0.090719,-0.134143,-0.094103,0.090421,-0.180220,-0.000650,-0.113968,-0.212092,-0.464427,0.162224,0.011743,-0.481133,-0.300918,-0.034146,-0.180514
0.150918,-0.034183,0.036660,-0.299358,-0.123431,0.445001,0.201538,-0.010607,0.239440,-0.174733,-0.354546,-0.127176,-0.132994,0.297078,0.265053,0.056578,-0.189871,0.104165,0.417996,-0.018619
0.060810,-0.396701,0.048006,-0.178963,0.148416,-0.120014,-0.188442,-0.330475,0.286702,-0.317141,-0.206751,-0.247901,-0.002867,-0.198976,0.214049,-0.210321,-0.127334,-0.270004,0.308789,-0.149493
0.350445,-0.179471,-0.184414,-0.062800,-0.061302,0.139231,0.410941,-0.032142,-0.040813,-0.214174,-0.115539,-0.078169,-0.365486,-0.003283,0.161589,0.174062,-0.374238,-0.002485,0.348861,-0.308574
0.187737,-0.214046,-0.048129,-0.446672,-0.112880,-0.266470,-0.073740,-0.154082,-0.061485,-0.187592,-0.306719,-0.141180,0.042828,-0.419189,0.320613,0.064391,-0.290597,-0.173824,0.066574,-0.218207
0.021504,-0.241324,0.071762,-0.360075,0.294214,-0.082108,-0.122276,-0.236085,0.146494,-0.258038,-0.229324,-0.160918,0.253893,-0.416776,0.269626,-0.059858,-0.158828,-0.289847,0.083043,-0.213070
-0.066273,-0.320488,0.087787,-0.022138,0.266944,0.007073,-0.130261,-0.017114,0.157564,-0.010102,-0.008401,-0.107974,-0.255988,-0.132564,0.321120,-0.165102,-0.341648,-0.538373,0.335287,-0.164332
0.465709,-0.147065,-0.102936,-0.067481,-0.096320,0.124071,0.123845,-0.231506,-0.127878,-0.151725,-0.018968,-0.230715,-0.321317,0.046049,0.032556,-0.004780,-0.330524,0.011925,0.563013,-0.164168
-0.073752,-0.258994,0.024490,-0.269106,-0.141805,-0.198256,-0.068047,-0.223055,-0.007857,-0.368481,-0.149515,-0.317240,-0.221695,-0.217167,0.279485,0.181771,-0.163234,-0.384128,0.316481,0.003052
0.125422,-0.441293,0.083073,-0.427758,0.306000,-0.074228,-0.072563,-0.059524,0.071872,-0.079507,-0.265482,-0.200057,0.027637,-0.208646,0.097667,-0.274497,-0.221432,-0.387517,-0.199374,-0.039637
0.108555,-0.278153,0.052378,-0.132842,-0.408245,-0.173079,-0.157210,-0.277739,-0.019846,-0.107376,-0.181904,-0.212924,0.015658,-0.164312,0.067106,-0.072808,-0.499395,-0.300639,-0.017682,-0.352837
0.279272,-0.244623,-0.077028,-0.030494,0.026105,0.179769,0.143314,-0.087478,0.101456,-0.087222,-0.038913,-0.118299,-0.611123,0.011902,-0.025255,0.122685,-0.034526,-0.102244,0.583638,-0.138284
-0.106754,-0.373619,-0.235451,-0.095164,-0.497283,-0.087720,-0.033476,-0.108108,-0.066068,-0.194892,-0.037387,0.012569,0.005258,-0.523817,-0.026705,0.023466,-0.323625,-0.272434,0.053587,-0.123781
0.067628,-0.196840,0.134030,-0.383111,0.396394,0.025459,-0.140353,-0.278966,0.149963,-0.181200,-0.113188,-0.131101,0.213248,-0.324224,0.172901,-0.178501,-0.150728,-0.433038,0.093481,-0.141389
-0.093513,0.048107,-0.274574,-0.027105,-0.158548,-0.484683,-0.065922,-0.045869,0.040511,-0.271999,-0.028787,-0.129230,-0.176770,-0.069499,-0.256681,-0.025439,-0.168992,-0.557221,0.326903,-0.068023
0.020582,-0.199709,-0.002634,-0.290480,0.148030,0.351063,0.219952,-0.060343,-0.177487,-0.237101,-0.074854,-0.265340,-0.326699,-0.012137,0.199047,0.334582,-0.372256,-0.088868,0.155191,-0.292236
0.029594,-0.201992,-0.010887,0.012905,-0.484541,-0.369448,-0.236256,-0.278922,0.010596,-0.210296,-0.237840,-0.260956,-0.120085,-0.357805,0.189325,0.041230,-0.107421,-0.246045,0.162406,-0.075552
-0.017076,-0.074771,-0.104676,-0.038518,-0.423027,-0.002484,-0.114749,-0.277494,-0.406364,-0.205225,0.030115,0.047951,0.012587,-0.399482,0.050153,0.328474,-0.383371,-0.040466,0.068279,-0.280474
-0.017424,-0.271667,-0.023402,0.020990,-0.173810,-0.094741,-0.009179,-0.135915,-0.043594,-0.343756,0.063041,-0.088897,0.099080,-0.462919,0.044132,0.351192,-0.415791,-0.036632,0.413585,-0.201359
0.171240,-0.323645,0.107616,-0.183283,0.113650,-0.356080,-0.149186,-0.188040,0.107963,-0.265012,-0.229094,-0.250914,0.374386,-0.225502,0.094462,-0.163701,-0.233827,-0.292278,0.040023,-0.240131
0.191346,0.244825,-0.008158,-0.394496,-0.048804,-0.279481,0.352446,-0.101828,0.117929,0.287217,0.086187,-0.247889,-0.300124,-0.035220,0.089694,-0.198547,-0.242919,0.078476,-0.335700,-0.225284
0.039307,-0.040764,-0.164534,-0.211926,-0.118732,-0.377128,0.002292,-0.027032,0.038752,-0.290128,0.008768,-0.154882,-0.276924,0.032533,-0.163302,0.064708,-0.177933,-0.439153,0.558917,-0.111833
0.073028,-0.294099,-0.044912,-0.261700,-0.075683,0.150748,0.032282,-0.046640,-0.057336,-0.246794,-0.097194,-0.135237,-0.401422,-0.126380,0.078722,0.087427,-0.154568,-0.044014,0.700824,-0.078305
0.069672,-0.203537,-0.189834,-0.202026,-0.203171,-0.329666,-0.031694,-0.096048,-0.165172,-0.399919,-0.030387,-0.155025,-0.205163,-0.068916,-0.070437,0.251649,-0.283675,-0.367551,0.363382,-0.204366
0.129139,-0.256045,0.016504,-0.060179,0.051634,0.062401,-0.012916,-0.067719,-0.015256,-0.367332,-0.211238,-0.384842,-0.382302,-0.110643,0.144827,0.253533,-0.269992,-0.117321,0.452287,-0.199481
0.188707,-0.268183,0.052120,-0.083166,0.088851,-0.208073,0.204529,-0.025238,0.104554,-0.314985,-0.108851,-0.111492,-0.396463,-0.073916,-0.017206,-0.062316,-0.442787,-0.254125,0.475495,-0.034496
0.061648,-0.277287,-0.241240,-0.043581,-0.220587,-0.389012,-0.170742,-0.145254,0.047582,-0.255959,-0.060165,-0.066582,-0.325350,-0.111868,0.051471,-0.070465,-0.037037,-0.317364,0.540305,-0.114630
0.154434,-0.242434,0.111683,-0.064566,-0.089596,0.310067,0.074207,-0.112209,0.042384,-0.158840,-0.067567,-0.142339,-0.364498,-0.213018,0.157750,0.133303,-0.292793,-0.000062,0.626411,-0.166152
0.118347,-0.290376,0.108812,-0.321531,-0.070606,-0.249512,-0.241714,-0.230929,0.262738,-0.154641,-0.310788,-0.123257,0.056763,-0.110965,0.275788,-0.173773,-0.206652,-0.409384,0.146537,-0.221735
0.060865,-0.173254,0.077087,-0.248932,-0.397106,-0.215085,-0.094999,-0.340333,-0.003134,-0.178431,-0.230617,-0.263635,-0.011887,-0.380382,0.174405,0.101286,-0.245286,-0.280944,0.298335,-0.037695
0.108744,-0.147313,-0.022078,-0.117321,-0.472245,-0.038409,-0.313017,-0.178461,0.197753,-0.125129,-0.060915,-0.144171,0.127925,-0.049269,0.261361,-0.332629,-0.372694,-0.129486,0.254875,-0.316657
0.275769,-0.318040,0.066281,-0.135428,0.041824,-0.134383,-0.042649,-0.390903,0.106689,-0.069298,-0.096200,-0.144017,0.053401,-0.531679,0.104591,-0.199842,-0.248222,-0.348351,0.073826,-0.233735
0.271031,-0.142548,-0.189923,-0.168069,-0.195835,0.102958,0.191347,-0.250974,-0.160995,-0.153593,-0.198805,-0.232385,-0.036067,-0.078829,-0.059840,-0.160308,-0.138928,0.058405,0.695048,-0.087848
-0.026586,-0.073165,-0.281862,-0.157691,-0.094803,-0.571390,-0.037344,-0.064824,0.005384,-0.264580,0.013226,-0.167031,-0.182494,0.014711,-0.156445,0.021012,-0.096045,-0.372631,0.491315,-0.050441
0.070342,-0.120897,-0.463915,-0.615740,0.290219,0.042262,-0.151249,-0.090247,0.109171,-0.043465,-0.222159,-0.166738,-0.265758,0.003282,-0.011419,-0.064614,-0.167926,0.030713,-0.001068,-0.272025
0.197971,-0.256934,0.142546,-0.343668,0.068928,-0.217905,-0.110902,-0.258727,0.026873,-0.094118,-0.249530,-0.188911,0.164969,-0.301003,0.337024,-0.148630,-0.183045,-0.337197,0.097658,-0.327295
0.213137,-0.159135,-0.000922,-0.336454,0.181223,-0.005917,-0.155003,-0.275792,0.237043,-0.270300,-0.287500,-0.226218,0.002762,-0.297947,0.258667,-0.104595,-0.311817,-0.360569,0.119978,-0.108336
0.126708,-0.204593,0.017918,-0.091398,-0.336694,-0.341734,-0.197922,-0.319842,0.140181,-0.044205,-0.283245,-0.093968,-0.065550,-0.344782,0.061988,-0.123397,-0.357271,-0.238768,0.328254,-0.128406
0.161008,-0.163954,0.000397,-0.379580,-0.412720,-0.150961,-0.106849,-0.263785,-0.043860,-0.180474,-0.278430,-0.252187,0.128257,-0.351523,0.281435,0.018935,-0.227432,0.000752,0.195628,-0.209268
-0.055771,-0.086730,-0.230690,0.020691,-0.171323,-0.488317,-0.112559,-0.121460,0.072701,-0.219802,-0.119018,-0.123614,-0.084663,-0.021947,-0.157958,-0.080987,-0.037747,-0.448617,0.546224,-0.131334
0.207049,0.021068,-0.367880,-0.325913,0.317605,0.173187,-0.334454,-0.170594,0.046926,-0.085424,-0.259154,-0.304011,-0.207303,0.068236,0.041776,-0.005980,-0.256734,-0.037725,0.179446,-0.353938
0.006346,-0.165810,0.030171,-0.222991,-0.494071,-0.313036,-0.140029,-0.327372,-0.049234,-0.116000,-0.238592,-0.074680,0.111044,-0.303288,0.274621,-0.053933,-0.155533,0.187432,0.192252,-0.309270
0.178568,-0.249947,-0.045356,-0.107002,0.089894,-0.058704,0.097106,-0.039860,-0.007038,-0.358440,-0.262040,-0.201379,-0.267215,-0.161703,0.106076,0.288284,-0.405090,-0.081282,0.462964,-0.234283
0.060447,-0.300404,0.013428,-0.203664,-0.377961,-0.317284,-0.047486,-0.192068,-0.030969,-0.087621,-0.231306,-0.290568,-0.040960,-0.416119,0.020127,0.008374,-0.114036,-0.395441,0.299025,-0.033240
0.183509,-0.249087,0.136807,-0.278359,0.003316,-0.141623,-0.147471,-0.268428,0.105139,-0.219230,-0.255421,-0.214254,0.357140,-0.407593,0.281369,-0.083920,-0.202899,-0.277602,-0.012213,-0.160243
-0.030847,-0.180518,0.072783,-0.361992,0.352585,-0.158173,-0.038618,-0.296980,0.066422,0.017665,-0.232018,-0.224223,0.179842,-0.366969,0.127474,-0.147019,-0.259291,-0.397029,-0.024150,-0.227926
0.061864,-0.218477,-0.173086,-0.095256,-0.098638,-0.354974,0.032551,-0.083527,0.182619,-0.383548,-0.150589,-0.078545,-0.324048,-0.051006,-0.062234,-0.034598,-0.232435,-0.350066,0.514514,-0.048523
0.029047,-0.251901,-0.070068,0.124211,-0.332369,-0.105340,-0.292770,-0.128871,-0.162919,-0.193125,-0.118102,0.030642,-0.105921,-0.501774,0.155575,0.334214,-0.359762,-0.238767,0.118627,-0.115497
0.152708,-0.332860,0.122827,-0.262320,0.183107,-0.183519,-0.161500,-0.229338,0.109207,-0.102950,-0.217030,-0.230917,0.090169,-0.404531,0.092625,-0.305139,-0.132207,-0.451136,-0.051641,-0.126558
-0.206639,-0.415342,0.049443,0.095160,-0.258472,-0.073127,-0.208579,-0.115943,-0.240470,-0.187349,0.012998,0.022786,-0.269479,-0.343117,0.062451,0.116649,-0.524542,-0.239530,0.022694,-0.098411
0.361993,-0.074382,0.052808,-0.377342,-0.133833,0.006460,-0.140976,-0.396159,0.119009,-0.179850,-0.155124,-0.114695,0.076355,-0.217694,0.261852,-0.081198,-0.335846,-0.111770,0.111227,-0.416796
-0.020505,-0.168041,-0.115805,-0.235953,0.170953,0.016653,-0.261174,-0.404809,0.188279,-0.387524,-0.222194,-0.266571,-0.397095,-0.295477,0.103817,0.164669,-0.056519,-0.036965,0.210032,-0.055296
0.098658,-0.309299,-0.028297,-0.355814,-0.176202,-0.307316,-0.198097,-0.310911,-0.045469,-0.293468,-0.221361,-0.257975,0.002301,-0.317542,0.208018,0.246186,-0.193945,-0.010228,0.204949,-0.132724
0.058894,-0.195249,0.122503,-0.236048,0.304440,-0.299958,-0.021776,0.024188,0.183473,-0.187454,-0.235423,-0.086431,-0.254597,-0.299091,0.014408,-0.150112,-0.412951,-0.423642,0.197878,-0.078087
0.439920,-0.179380,-0.222821,-0.073724,-0.065602,0.029393,0.115630,-0.263083,-0.129065,-0.148393,-0.083513,-0.139355,-0.401780,-0.093114,-0.119681,-0.035073,-0.146501,0.112006,0.575146,-0.126230
-0.055664,-0.027528,-0.198058,-0.075130,-0.206326,-0.506178,-0.075242,-0.048666,-0.054313,-0.258025,0.028215,-0.135330,-0.199803,0.063802,-0.219375,0.011614,-0.018498,-0.539232,0.404490,-0.094027
-0.016783,-0.171212,0.049866,-0.255677,-0.001518,-0.045425,-0.210343,-0.360025,0.314860,-0.248131,-0.163521,-0.270263,-0.352625,-0.311375,0.187964,-0.010172,-0.152972,-0.150175,0.315202,-0.253169
-0.125201,-0.185764,-0.237865,-0.223860,0.111986,-0.248758,-0.279355,-0.346181,0.007288,0.027062,-0.264011,-0.281774,-0.095340,-0.303364,-0.118103,0.031269,-0.416193,-0.295026,0.201106,0.064743
0.231962,-0.183444,-0.042183,-0.325860,-0.340463,-0.273355,-0.094527,-0.265587,-0.040016,-0.191025,-0.243811,-0.230811,0.277010,-0.176560,0.072115,-0.094013,-0.397339,0.023389,0.159332,-0.279104
0.287218,-0.227364,0.038383,-0.306257,-0.043847,-0.182500,-0.182376,-0.332449,0.122460,-0.095744,-0.193893,-0.248364,0.302096,-0.201421,0.131538,-0.204178,-0.380102,-0.264496,0.123631,-0.218051
0.095663,-0.305297,0.008226,-0.189436,-0.413725,-0.283090,-0.066550,-0.189456,-0.005360,-0.081720,-0.213106,-0.208496,0.322750,-0.342501,0.055040,-0.085668,-0.362410,-0.093608,0.183492,-0.262393
0.084252,-0.333848,0.016917,-0.072529,-0.104846,0.160191,0.034889,-0.197944,0.040862,-0.275426,-0.019576,-0.154318,-0.454934,-0.169081,0.086033,0.073330,-0.137712,-0.074471,0.639463,-0.123957
0.183272,-0.196857,-0.100913,-0.163417,-0.139868,-0.284138,0.100687,-0.114863,0.168050,-0.327389,-0.084105,-0.129308,-0.353858,0.049372,-0.057618,0.010028,-0.157045,-0.209337,0.619084,-0.158431
0.228975,-0.114267,-0.373842,-0.443801,0.094688,0.054706,-0.225659,-0.066362,0.047423,-0.173991,-0.274912,-0.415421,-0.232654,0.011072,-0.030257,-0.087412,-0.251215,-0.044901,0.070489,-0.341963
0.159732,-0.221403,0.085729,-0.391290,0.307566,-0.084449,-0.188597,-0.055363,0.243937,-0.310586,-0.293769,-0.195513,-0.013283,-0.284541,0.226252,-0.248150,-0.194620,-0.326888,0.065459,-0.035011
0.059694,-0.211791,0.116404,-0.335968,0.338802,0.072610,-0.074119,-0.225572,0.216505,-0.169390,-0.188017,-0.324402,0.161973,-0.281871,0.160648,-0.211962,-0.213251,-0.450257,0.040189,-0.079514
0.328217,-0.240057,0.043215,-0.160083,-0.207187,-0.294246,-0.139491,-0.344069,0.050204,-0.122322,-0.253483,-0.184816,0.146873,-0.429350,0.121435,-0.088524,-0.227381,-0.358535,0.073221,-0.099013
-0.037112,-0.201011,-0.150143,-0.080929,-0.535991,-0.006455,-0.067845,-0.234218,-0.240648,-0.301041,0.055986,-0.013175,-0.143088,-0.508844,-0.069914,0.172525,-0.100629,-0.068602,0.254332,-0.192156
0.357639,-0.109739,-0.146615,0.029443,-0.062594,0.175979,0.272962,-0.210038,-0.084831,-0.211551,-0.079426,-0.112731,-0.255776,0.070579,-0.039210,-0.085297,-0.217234,-0.023113,0.615266,-0.328206
0.174714,-0.248424,0.040960,-0.388856,0.291476,-0.147436,-0.117943,-0.091739,0.043805,-0.132893,-0.269566,-0.290915,0.219342,-0.317590,0.109622,-0.125419,-0.314729,-0.368861,-0.015198,-0.192119
-0.058163,-0.405718,0.120161,-0.360041,0.209135,-0.041365,-0.180513,-0.205032,0.096104,-0.105093,-0.215804,-0.333612,0.118205,-0.316392,0.201467,-0.013346,-0.186358,-0.423731,0.143351,0.007166
0.061273,-0.307073,-0.047955,-0.057369,0.024718,-0.296464,-0.039356,0.030668,-0.029957,-0.101734,-0.036922,-0.017898,-0.543840,-0.165512,-0.097045,-0.313347,-0.196991,-0.457354,0.314529,-0.121537
0.202614,-0.097415,-0.269473,-0.366987,0.035549,-0.037346,-0.171065,-0.293703,0.107564,0.064533,-0.165527,-0.139163,-0.361956,-0.018067,-0.040119,-0.190548,-0.362319,0.098086,-0.049857,-0.498840
-0.090131,-0.229374,-0.039419,0.169272,-0.554688,-0.044093,-0.203755,-0.130660,-0.115752,-0.160064,0.082682,0.038188,-0.155494,-0.293745,0.042979,0.267932,-0.498958,-0.052999,0.138427,-0.196222
-0.048644,-0.282427,-0.109626,-0.310726,0.099551,0.260002,0.120695,0.040438,-0.253446,-0.402148,-0.110774,-0.241493,-0.407943,0.016219,0.284348,0.224868,-0.224805,-0.159792,0.084457,-0.194252
-0.101724,-0.193337,-0.111552,-0.302847,0.001205,0.068362,-0.215345,-0.196405,-0.170574,-0.260152,-0.033070,-0.168968,0.304344,-0.539250,-0.055375,-0.031974,-0.285537,-0.253475,0.314285,0.003223
0.043731,-0.328979,-0.089404,-0.111834,0.025943,-0.258906,0.031991,-0.051734,0.118845,-0.191302,-0.091697,-0.055161,-0.523028,0.095053,0.044266,-0.031013,-0.333542,-0.366366,0.431609,-0.136044
0.003624,-0.217559,-0.140601,-0.138335,0.282182,0.070873,-0.134882,-0.246869,0.131736,-0.262311,-0.437642,-0.141516,-0.263130,-0.241454,0.030396,0.283425,-0.432651,-0.086758,0.199510,0.094522
0.066120,-0.204227,0.028025,-0.200134,-0.313740,-0.193918,-0.115674,-0.242281,0.115101,-0.294491,-0.245468,-0.226897,0.000525,-0.346227,0.085170,0.071932,-0.202271,-0.231211,0.511570,-0.069821
0.055034,-0.250892,-0.135325,-0.561047,0.048733,0.200832,-0.317758,-0.161753,-0.029720,-0.272186,-0.174996,-0.304898,-0.196618,0.041196,0.189343,0.089868,-0.146251,0.101708,0.277999,-0.198089
-0.059860,-0.403195,0.044916,-0.091498,0.203385,-0.120681,0.034655,-0.091513,0.119221,-0.288099,-0.228590,-0.178072,-0.032994,-0.327236,0.169422,0.241808,-0.475102,-0.037442,0.357796,-0.162141
-0.123988,-0.227612,-0.166623,0.020219,-0.281546,-0.155759,0.161770,-0.096022,-0.288939,-0.142895,0.000133,0.023460,-0.206381,-0.538620,-0.077994,0.277776,-0.328788,-0.157939,0.170707,-0.288339
-0.242684,-0.157233,-0.055153,-0.126869,-0.276732,-0.216201,-0.175981,-0.165040,-0.080113,-0.328713,-0.213115,-0.133087,0.001293,-0.484282,0.007785,-0.128203,-0.349464,-0.301766,-0.148569,-0.227651
0.017031,-0.342800,-0.081988,0.014689,0.031200,0.107701,-0.201357,-0.021754,0.138735,-0.537146,0.050044,0.139792,-0.329870,-0.013433,0.176554,0.077988,-0.388604,-0.088986,0.353883,-0.247866
0.127462,-0.090083,-0.423375,-0.381847,0.120535,0.046801,-0.323721,-0.126444,0.026748,-0.006940,-0.261873,-0.187487,-0.397979,0.098054,-0.025202,-0.084871,-0.175355,-0.018694,-0.164742,-0.417746
0.152162,-0.146602,-0.108918,-0.326437,-0.059377,0.102961,0.296330,-0.178275,-0.085094,-0.364810,-0.096885,-0.235361,0.036892,-0.053546,-0.001638,-0.077138,-0.137273,0.237179,0.631147,-0.120315
0.201694,-0.260975,0.141260,-0.240872,0.178312,-0.148801,-0.198615,-0.085040,0.073245,0.083702,-0.177458,-0.096682,0.010296,-0.295053,0.146646,-0.284330,-0.444253,-0.481518,-0.091958,-0.179508
0.279432,-0.017122,0.274099,-0.256875,-0.122415,0.117123,0.388339,-0.046963,-0.197557,0.606985,-0.200435,0.228963,-0.032114,0.072585,-0.008387,-0.159993,0.049613,0.090444,-0.025246,0.235563
-0.051535,-0.158748,-0.209543,-0.128717,-0.124336,-0.359396,-0.007031,-0.019522,0.013368,-0.325103,-0.007744,-0.111820,-0.413805,-0.016514,-0.056032,0.156236,-0.186510,-0.306470,0.557512,-0.097937
0.147767,-0.307927,0.192945,-0.424679,0.142581,-0.034196,-0.150844,-0.144618,0.026243,-0.119457,-0.130664,-0.126445,-0.065713,-0.418513,0.125851,-0.327779,-0.160751,-0.458567,0.084756,-0.080762
0.077286,-0.331148,-0.016727,-0.302741,-0.032129,-0.224755,0.176576,-0.012250,0.130025,-0.255313,-0.095132,-0.152605,-0.300294,-0.034422,0.009204,-0.146803,-0.237605,-0.257755,0.591335,-0.097787
0.120362,-0.241613,-0.067860,-0.438305,-0.354356,-0.251186,-0.096236,-0.163867,-0.087517,-0.115705,-0.317360,-0.169817,0.298452,-0.406236,0.122802,0.046608,-0.215717,-0.021863,0.076798,-0.175438
0.069056,-0.085977,-0.258832,-0.173636,-0.097413,-0.328472,0.004800,0.024594,0.119946,-0.319909,-0.053564,-0.170224,-0.198672,-0.015186,-0.137207,0.160367,-0.207070,-0.486092,0.491209,-0.139344
0.110629,-0.318851,-0.044046,-0.031161,-0.325328,-0.150313,-0.116376,-0.200904,-0.061546,-0.288429,-0.056585,-0.253143,-0.185752,-0.371829,0.119193,0.232857,-0.100528,-0.338708,0.422371,0.046559
0.132989,-0.166655,0.033385,-0.326944,-0.505317,-0.254503,-0.113190,-0.323571,-0.008985,-0.103852,-0.226762,-0.142521,0.006190,-0.279832,0.115497,-0.089657,-0.170190,-0.197570,0.335322,-0.214814
0.243301,-0.160340,-0.108806,-0.399735,-0.377068,-0.134192,-0.027360,-0.225478,-0.068572,-0.295712,-0.187256,-0.195299,0.075596,-0.501082,0.020060,0.039695,-0.176830,0.099192,0.108073,-0.234039
0.042040,-0.281432,0.130233,-0.102461,0.243820,-0.250836,-0.204143,-0.132462,0.205629,-0.152336,-0.231405,-0.215171,0.239501,-0.071856,0.298484,-0.221083,-0.370513,-0.389057,0.059773,-0.227890
0.036992,-0.456756,0.159875,-0.161555,0.328420,-0.028617,-0.287141,-0.219401,0.179895,-0.222273,-0.061795,-0.103283,0.066934,-0.166580,0.224784,-0.108775,-0.212557,-0.502165,-0.023779,-0.101594
0.011760,-0.100816,-0.337113,-0.108483,-0.203215,-0.508673,-0.035686,-0.139049,0.056999,-0.219464,-0.003396,-0.222671,-0.151190,0.023497,-0.077997,-0.032483,-0.050589,-0.358464,0.518892,-0.108492
-0.093757,-0.071253,-0.105957,0.004276,-0.020143,-0.289447,-0.090866,0.010668,0.003252,-0.333384,-0.116947,-0.202036,-0.267419,-0.149843,-0.162657,-0.200315,-0.185298,-0.472007,0.539476,-0.089283
0.094539,-0.265252,0.095093,-0.408820,0.235505,-0.124597,-0.274249,-0.253410,-0.014102,-0.272665,-0.155878,-0.163497,0.200416,-0.492294,0.098598,-0.139967,-0.032564,-0.274854,0.139059,-0.027594
0.206767,-0.118300,-0.190982,-0.159386,-0.233134,-0.177242,-0.021994,-0.237478,0.157293,-0.423209,0.074900,-0.279132,-0.088630,0.039712,-0.307968,-0.211394,-0.210736,-0.271057,0.260235,-0.341745
-0.092942,-0.316154,-0.241097,0.277803,-0.445868,-0.173465,-0.062538,-0.110632,-0.210628,-0.228612,0.001357,0.031620,-0.066955,-0.418317,-0.119311,0.133726,-0.329765,-0.016845,0.166556,-0.255105
-0.043792,-0.210731,-0.259902,-0.084664,0.099191,0.254507,0.282970,0.129224,-0.281048,-0.281322,-0.211271,-0.226046,-0.483945,-0.000310,0.280131,0.247310,-0.180020,-0.151252,0.016337,-0.155957
0.120540,-0.055708,-0.117881,-0.450023,-0.108209,-0.134050,0.516101,-0.038472,-0.148332,-0.214646,0.168228,-0.167034,-0.425310,0.078727,-0.130478,-0.197943,-0.281548,0.054498,0.021742,-0.134723
0.074262,-0.153202,-0.004298,-0.160524,-0.025640,0.155985,0.009010,-0.285284,-0.061293,0.030110,-0.272559,-0.090510,-0.219180,0.029474,-0.110607,-0.306283,-0.261139,-0.301370,0.660916,-0.029144
0.025064,-0.398913,0.010727,-0.247230,-0.149527,-0.255582,-0.154138,-0.227567,-0.101266,-0.344445,-0.165038,-0.202553,-0.005562,-0.298144,0.280953,0.301584,-0.198879,0.110227,0.275591,-0.179309
0.116190,-0.268185,-0.070564,0.048546,-0.574175,-0.314269,0.021636,-0.273632,-0.099045,-0.169444,-0.147096,-0.035079,0.050139,-0.307499,-0.053573,0.087232,-0.333430,-0.280233,0.065115,-0.201426
-0.010102,-0.327985,-0.093846,0.336106,-0.248434,-0.071692,-0.163448,-0.075740,-0.277074,-0.296916,0.051568,-0.100064,-0.301680,-0.327241,0.035847,0.297134,-0.259576,-0.034996,0.346203,-0.132304
0.102419,-0.385750,-0.012035,-0.258084,0.180698,-0.001092,0.219126,-0.150540,-0.115799,-0.259289,-0.215400,-0.220271,-0.508071,0.180988,0.177706,0.155642,-0.195908,-0.170819,0.229942,-0.167145
-0.001885,0.131100,-0.139757,-0.458262,-0.242212,-0.269379,0.269363,-0.028058,-0.094896,-0.045698,0.133539,-0.165423,-0.513017,-0.025323,-0.121621,-0.258044,-0.086639,-0.193965,-0.130665,-0.291546
0.056344,-0.259095,-0.007106,-0.502880,-0.318928,-0.100719,-0.115821,-0.225051,-0.066597,-0.289418,-0.295804,-0.189201,0.106776,-0.223424,0.327353,0.149803,-0.073751,0.064812,0.199651,-0.221177
0.146004,-0.033963,-0.076135,-0.420880,-0.385890,-0.222595,-0.020351,-0.281532,-0.018729,-0.110837,-0.236002,-0.158134,-0.016186,-0.559582,0.112368,0.143090,-0.122277,-0.141121,0.017636,-0.203586
0.430650,0.027261,0.009737,-0.262296,-0.195384,0.008873,0.663240,0.017970,0.022083,0.238700,-0.301896,0.212661,-0.000227,0.175191,-0.014277,0.061688,-0.163383,0.080056,0.034642,0.060037
0.052463,-0.330483,0.111726,0.030487,0.015688,-0.102040,-0.155132,-0.284137,0.024890,-0.044348,-0.025413,-0.002825,-0.169732,-0.399104,0.275394,0.074413,-0.399302,-0.495582,0.263296,-0.109898
0.072281,-0.297918,0.134532,-0.049995,0.226993,-0.117215,-0.121792,-0.081795,0.185667,0.055863,-0.127748,-0.211167,-0.242732,-0.279448,0.209181,-0.130160,-0.407045,-0.528727,0.177347,-0.160411
0.201057,-0.221185,-0.060167,-0.444469,-0.333955,-0.205744,-0.117419,-0.234544,-0.102370,-0.213092,-0.236642,-0.078159,0.064282,-0.287242,0.111140,0.092370,-0.305195,0.098948,0.309022,-0.250751
0.076506,-0.278515,0.107616,-0.113799,-0.187827,-0.282034,0.086566,-0.136429,0.080981,-0.091554,-0.114523,-0.156114,0.053318,-0.305258,0.333092,0.140846,-0.315696,-0.418928,0.427876,-0.116760
