-0.038589,0.029122,0.306715,-0.137352,0.107074,-0.072357,-0.323784,0.062337,0.104557,0.467854,-0.259578,0.003756,0.359857,0.172590,0.336255,-0.095692,0.186728,-0.112660,-0.164226,-0.325650
-0.157397,0.169747,0.323868,0.188468,-0.215160,-0.230901,-0.272125,0.235950,-0.168712,-0.219074,0.132223,-0.247095,0.200926,0.214606,-0.269596,-0.200810,-0.206389,0.278308,-0.236980,-0.214538
-0.273818,0.305497,-0.318842,0.195116,-0.067307,0.119012,-0.112454,0.281891,-0.146065,-0.268880,-0.057805,0.388915,0.273675,0.005587,0.386302,0.045746,-0.169238,-0.241501,0.130323,-0.052302
-0.064649,-0.177022,0.293941,0.206325,-0.241640,-0.263803,0.212709,0.238424,-0.227355,-0.004436,0.261405,-0.169078,-0.247335,0.177144,-0.222432,0.339285,-0.081110,0.279229,0.242898,0.236892
-0.322753,-0.260849,0.305367,-0.302284,-0.238340,0.082743,-0.262301,0.000163,-0.086854,-0.267346,-0.205935,0.028166,-0.350994,0.251906,0.238154,-0.009329,-0.042440,-0.187961,-0.283123,-0.166561
-0.163698,0.147954,-0.255264,0.233381,-0.041776,-0.269628,0.143708,0.184710,0.159039,0.168629,0.243422,-0.239214,-0.253620,0.227117,-0.238174,0.496062,0.028995,-0.029996,-0.239016,0.233852
-0.036507,0.058524,0.289121,0.262861,0.274830,0.104654,-0.285121,-0.302388,-0.233489,0.193263,0.377982,0.133202,-0.310431,-0.276797,0.136770,0.125312,-0.285356,-0.007185,-0.203837,-0.020874
-0.132761,-0.231749,0.251681,-0.239706,-0.224391,-0.232985,0.202604,0.187541,-0.230427,-0.238817,0.316566,0.096375,0.166944,-0.235164,-0.071510,0.413699,-0.154129,0.173809,0.208659,0.224592
0.246550,0.242156,-0.186485,-0.088825,-0.174886,-0.193486,0.333622,0.241056,-0.253619,-0.033820,-0.033930,0.089647,-0.346524,-0.313079,-0.176137,-0.031182,0.386184,-0.268944,-0.016703,-0.232333
-0.275409,0.085322,-0.115778,0.254878,-0.331583,-0.108886,0.122472,-0.155466,0.264648,-0.198499,-0.326416,-0.134823,0.129581,-0.262431,0.311617,0.158840,-0.115547,-0.202182,0.279804,0.320703
0.505977,0.082070,0.273414,-0.272131,-0.049013,0.081842,0.061050,-0.009347,0.015685,-0.212972,-0.188954,0.286016,0.096382,0.020518,0.312926,-0.173588,0.100452,-0.380859,0.133594,-0.318838
0.581140,0.129969,-0.062430,0.118753,-0.129298,-0.038518,-0.339847,-0.123527,-0.294755,0.188414,-0.204459,-0.279096,0.089969,0.151847,0.106419,-0.179209,-0.090076,-0.065265,-0.293871,0.251045
-0.326862,-0.193284,-0.205788,-0.064983,-0.011336,-0.252497,-0.259420,-0.250560,-0.154374,-0.214664,0.503646,0.264441,-0.126518,-0.227934,0.145676,-0.067665,0.103690,0.292102,-0.011746,0.178312
0.224987,-0.037623,0.176864,-0.103169,0.283051,-0.137261,-0.291931,-0.128163,0.214114,-0.013607,0.358344,-0.264277,0.233899,0.042594,-0.160035,-0.029219,0.350421,0.314887,-0.116652,0.377632
-0.128053,0.038509,0.123860,0.079118,0.065688,-0.201755,0.075288,0.083801,0.395716,-0.383873,-0.377912,0.077040,0.440004,0.062554,0.371041,0.093870,-0.002931,0.102306,0.249845,-0.182231
-0.315579,-0.077865,-0.167814,0.153622,-0.237143,0.128460,-0.265215,-0.330636,-0.259935,-0.220003,0.398929,-0.204022,-0.224949,0.167480,0.215708,-0.256645,-0.198837,0.008413,-0.107473,-0.176762
