0.079300,-0.146874,-0.001555,-0.054041,0.006079,0.100621,0.113557,-0.023572,-0.451640,0.257698,0.155738,0.394278,0.225817,-0.353757,-0.375880,-0.090117,0.379957,0.123694,0.086975,-0.052266
-0.232982,-0.060051,-0.264508,-0.194525,-0.255758,0.243431,-0.270300,-0.242607,0.097314,-0.253133,0.148646,-0.235164,-0.242532,0.165959,0.265001,-0.261398,0.181367,0.159880,0.277253,-0.257935
-0.224308,-0.238088,-0.242792,0.364058,-0.026386,-0.106256,-0.183845,-0.251481,-0.333758,-0.266996,0.297671,0.055672,-0.091361,-0.142649,0.218063,0.283903,0.299953,0.151451,0.209760,0.065879
-0.237703,-0.236951,-0.233044,-0.214247,-0.184378,-0.267510,-0.176235,-0.212437,0.325230,-0.208148,-0.210904,-0.200689,-0.218508,0.189992,0.217939,-0.240587,-0.244150,-0.256162,-0.232273,-0.056011
-0.312668,0.259499,-0.091563,-0.258693,0.232796,-0.287238,0.296133,-0.165007,-0.208579,-0.250689,0.084410,-0.143746,-0.271376,0.062050,0.174406,0.223278,-0.235353,-0.269183,0.198014,-0.221376
-0.286407,0.293845,-0.192265,0.250818,0.026924,-0.265559,-0.105851,0.007081,-0.197639,-0.194087,-0.010560,0.254384,-0.114206,-0.337392,0.240465,-0.130931,0.291957,-0.349312,-0.167475,0.265608
-0.217770,0.189822,0.153201,0.253642,-0.220579,-0.250805,-0.110289,0.298690,-0.225549,-0.211187,-0.100677,0.265229,0.245460,-0.260611,-0.227336,0.283637,-0.238387,-0.274937,-0.180051,0.121283
-0.277993,0.238901,0.266399,0.181893,0.152998,-0.270664,-0.210343,-0.149256,0.071234,-0.248348,-0.236801,-0.184537,-0.225516,-0.228289,0.274761,-0.210786,0.239650,-0.248054,-0.240502,-0.204503
0.179826,-0.246428,0.359697,0.077783,-0.205703,-0.276740,-0.090305,-0.057548,-0.082724,0.319689,-0.009782,-0.352788,0.340995,0.122640,-0.266823,-0.037097,-0.091107,0.151868,0.131711,-0.393622
-0.110988,-0.074707,0.316759,0.291160,-0.278009,-0.205259,-0.190353,-0.160106,-0.189593,-0.262721,-0.184120,-0.133191,0.309661,-0.180245,0.242286,-0.273907,-0.033372,-0.265202,-0.281312,0.215420
0.291209,-0.001848,0.089008,0.089939,-0.097224,0.076368,0.140296,-0.056187,-0.077984,0.334280,0.244189,-0.237734,0.110783,0.030842,-0.408117,0.032338,0.107849,0.327208,-0.391231,0.417733
0.519295,0.021557,-0.343952,0.206728,0.300436,-0.240998,-0.127801,-0.191074,0.013346,0.124102,-0.098051,0.296640,-0.109791,0.352436,-0.065930,0.087630,-0.047231,-0.027626,0.268130,0.176855
-0.288278,-0.117521,-0.166553,0.203518,-0.106938,-0.253734,-0.173776,-0.190452,0.466491,-0.175621,-0.267467,-0.095443,-0.286494,-0.194211,-0.211657,-0.055694,-0.184134,0.189749,0.215938,0.279816
0.125530,-0.018187,0.428502,0.272636,-0.175710,-0.155500,-0.079696,0.095059,0.329601,0.219152,-0.137113,-0.290029,0.297667,-0.155484,-0.086538,-0.308527,0.246545,0.207560,-0.154172,-0.229893
-0.151530,0.014732,-0.232628,0.103820,-0.005728,0.494512,-0.094515,0.006228,-0.285077,0.043936,0.089236,-0.217465,0.193832,0.286101,0.098343,-0.027388,0.129259,0.506223,0.046731,-0.339009
-0.284883,-0.029348,-0.230974,0.276407,-0.281591,-0.260224,0.246981,-0.084973,0.384740,0.256245,-0.077829,-0.125496,0.280234,-0.055689,0.129364,-0.089903,-0.313617,-0.208233,-0.228418,-0.192786
