0.067498,0.004296,-0.215948,0.161924,-0.000773,0.292575,0.050141,0.017430,0.193958,0.280013,-0.147194,0.437200,0.114539,0.022651,-0.467759,-0.394394,-0.177292,-0.089475,0.266174,-0.083985
-0.199263,-0.210838,-0.000754,-0.226678,-0.165826,-0.248482,-0.288190,0.272575,0.181349,0.272020,-0.114282,-0.232865,-0.296232,-0.223374,-0.005492,-0.254254,-0.224932,0.259368,0.246925,0.250069
-0.084913,-0.313466,0.354483,0.388011,-0.021068,0.167655,-0.274211,-0.025294,-0.069924,-0.231406,-0.101785,-0.029181,0.338435,0.324460,0.086580,0.069535,-0.338214,0.107176,0.144574,-0.255662
-0.196838,-0.231770,0.197916,-0.109029,0.242642,0.232774,-0.216096,0.248912,-0.206336,0.265939,0.265594,-0.253614,-0.306320,-0.233642,-0.159353,0.012126,-0.191389,-0.212607,-0.282644,-0.225671
-0.271735,0.078818,-0.120760,-0.230250,-0.229216,-0.270888,-0.238701,-0.221386,0.233858,0.099518,-0.233096,-0.146514,-0.279138,0.186098,0.191569,0.458492,0.215216,-0.142437,0.153664,-0.174250
-0.317397,0.218273,0.236219,0.107528,0.278719,-0.202540,-0.234811,-0.164081,-0.140703,0.094399,0.313143,-0.225569,-0.276201,0.280611,-0.204703,0.201697,0.277247,0.239827,0.130058,-0.130106
-0.242071,0.179428,-0.256933,-0.163716,-0.214078,0.066805,0.201727,0.200470,0.263720,0.160396,-0.259662,0.009889,-0.266282,0.067243,-0.081603,0.470256,-0.225644,-0.271559,-0.162274,0.261149
-0.207237,0.172366,-0.249140,-0.264526,0.271031,-0.267754,0.262056,0.252161,-0.228933,-0.261571,-0.173574,-0.104069,0.197346,0.230482,-0.162275,-0.096903,-0.242992,-0.258598,0.239128,-0.212627
0.229340,0.046480,0.116398,0.235313,0.080079,-0.281483,-0.262315,0.079463,0.080514,0.181125,0.141239,0.058549,-0.056695,0.275705,0.631814,0.216461,0.304569,-0.010770,-0.147733,-0.113637
-0.066290,0.094993,-0.085263,-0.193475,0.012378,0.310195,0.047662,-0.273596,0.225152,0.293935,0.261696,0.410940,0.113467,0.107996,-0.266699,-0.254290,0.293742,0.020922,0.290961,-0.249443
0.401303,-0.330989,-0.244806,0.375318,-0.081848,0.286919,0.018934,0.304071,-0.012917,0.105572,-0.064484,0.072766,0.243975,-0.002239,0.131284,-0.366936,-0.235406,0.010881,-0.198053,0.140848
0.457051,0.064649,0.105113,0.376641,-0.181560,0.192766,-0.278470,0.022471,-0.088251,0.074244,-0.265234,0.138542,0.251544,0.106991,-0.318238,-0.189113,-0.161182,-0.320756,0.169660,-0.116580
-0.341509,-0.075988,-0.152774,0.048036,-0.155599,-0.229806,0.208205,0.177666,-0.178068,-0.217889,0.311130,-0.102092,-0.234654,0.206576,-0.149953,0.576845,0.149171,0.183372,0.033902,-0.060048
-0.066481,0.148497,0.439721,-0.211816,-0.010606,-0.318558,-0.050248,-0.127520,-0.001088,-0.359132,0.321314,-0.134766,-0.042623,0.335003,0.036303,0.415502,0.144079,-0.099103,-0.212222,0.030451
-0.041440,-0.241430,0.212169,0.339281,0.306596,-0.372197,0.201693,-0.062013,0.032332,0.024782,0.193528,-0.269700,-0.150284,0.035200,0.432371,-0.195034,-0.058791,0.037422,-0.370516,-0.003697
-0.306462,-0.107661,0.048568,-0.218716,0.261598,-0.256064,-0.025319,0.218155,0.161449,-0.259061,0.272320,-0.184138,-0.170558,0.121053,0.021520,0.557609,-0.119474,-0.199016,-0.163177,0.158661
