0.593873,0.049945,0.189452,0.117640,-0.112899,-0.207133,0.312420,-0.030615,0.115551,0.321911,-0.054988,0.124996,0.346933,-0.127856,0.033104,0.296657,0.107218,-0.033084,-0.138016,-0.218675
0.033323,0.254757,-0.229369,0.266014,-0.040944,-0.238509,0.201628,-0.261931,0.281390,-0.223968,0.278355,0.354675,-0.080640,0.184817,-0.227402,-0.280748,-0.251277,0.047411,-0.235619,-0.134449
-0.325989,0.375509,-0.052738,0.381136,-0.016530,0.108489,-0.080419,-0.229219,-0.021112,-0.251435,-0.079429,-0.229236,0.202727,0.183850,0.210885,-0.245149,0.000339,-0.029926,0.239712,0.416264
0.003034,0.194971,-0.226967,0.287762,0.109238,-0.277430,-0.272838,0.230018,0.268691,0.293886,-0.048040,0.370420,0.182912,0.093499,-0.247471,0.234447,-0.058700,-0.080568,-0.208807,0.318402
-0.252999,-0.229092,0.244145,0.167224,-0.266375,0.171163,0.228358,0.193839,0.219580,-0.159394,0.269861,0.303326,0.094445,-0.250720,-0.180873,0.081600,0.323584,0.301854,-0.235659,0.070703
-0.333225,0.150555,-0.169730,-0.244055,0.258142,-0.294165,-0.031546,-0.040194,-0.300766,-0.016726,-0.063407,0.316790,0.170652,0.286722,0.091767,0.162062,0.363651,0.305700,-0.224433,-0.070310
-0.077374,0.167976,-0.275032,-0.048505,-0.274378,-0.104251,0.101257,-0.243964,-0.258466,-0.151437,0.272919,0.306785,-0.246092,-0.218768,-0.257157,-0.255022,-0.101578,0.301284,-0.234591,0.278979
-0.170950,-0.250535,-0.182487,0.210520,0.152618,-0.235246,-0.215495,-0.184507,-0.200362,-0.223760,0.302805,0.320793,0.230073,-0.262693,0.241352,-0.272824,-0.144357,-0.104658,-0.235310,-0.211361
0.446060,-0.084267,-0.108405,-0.135691,0.064469,-0.247740,0.185689,0.240388,0.174546,-0.096098,-0.029615,-0.115970,0.304869,0.260588,-0.214712,0.335639,-0.194989,-0.148866,-0.179501,0.374075
-0.080199,0.227796,-0.288274,-0.217135,-0.308277,0.213223,-0.289832,-0.242825,0.245676,-0.223240,-0.332890,0.262572,-0.046406,0.195407,-0.245342,-0.076014,-0.142784,0.185558,0.218269,-0.170999
-0.333372,0.037232,0.362871,0.025502,-0.195460,0.032303,0.393872,0.165415,-0.076093,0.430742,-0.056958,-0.069023,0.234321,0.140798,-0.222530,0.067934,0.188051,-0.132159,0.001844,0.390347
0.163842,0.128906,-0.295212,-0.364408,-0.016725,-0.041623,-0.105072,-0.113488,0.224966,-0.121344,-0.126356,-0.323796,-0.326833,-0.020519,0.037954,0.282029,0.369352,-0.131897,0.352238,-0.241679
-0.177678,-0.133542,-0.184887,0.248756,-0.240403,-0.231224,-0.180939,-0.185109,-0.173685,-0.088065,0.325137,0.344447,-0.105454,-0.178728,0.234361,-0.183569,-0.019215,0.434355,0.195192,-0.234888
-0.086961,-0.032237,0.244280,-0.019733,0.295049,-0.337993,-0.059408,0.179209,0.178308,-0.016125,0.140863,-0.106504,-0.180382,-0.030790,-0.295432,-0.392826,0.404549,0.278271,0.275472,0.197742
-0.175808,0.021772,-0.115739,0.102340,0.213519,-0.355667,0.099285,0.407336,-0.009726,-0.027718,0.062032,-0.401671,0.139933,0.385239,0.339472,0.308904,0.188270,-0.034468,0.114170,0.050075
-0.164356,-0.159606,0.286157,-0.018068,-0.289725,-0.162360,-0.212737,0.073711,-0.235468,-0.161338,0.308239,0.311941,-0.273508,0.224735,-0.224585,-0.276611,0.285238,-0.114182,0.180446,0.226478
