-0.136206,0.240260,0.228146,0.388100,-0.171639,0.221294,0.078810,-0.122366,-0.389308,-0.302389,0.287999,0.088599,0.257308,-0.048227,0.005703,0.166030,0.007377,0.055397,-0.418069,0.116642
-0.236259,0.240350,-0.244624,-0.221976,0.196557,-0.239005,-0.141352,0.240803,0.283834,0.316360,-0.180024,-0.230346,0.206788,-0.243207,-0.198414,-0.097902,-0.195330,0.269221,0.152817,-0.229369
-0.187038,-0.282530,0.370987,-0.004220,-0.218310,0.197912,0.081369,0.117017,-0.146829,-0.250736,0.162318,0.265192,0.308987,-0.136323,0.318318,0.114408,0.190604,0.123482,0.286728,0.311509
-0.156307,-0.238111,-0.231022,-0.203335,-0.226805,0.160802,-0.223734,0.252116,-0.143564,0.362308,-0.167962,-0.214441,0.193853,-0.280310,-0.219022,0.130824,0.284235,-0.181460,-0.250693,-0.222176
-0.271749,-0.214857,-0.198009,0.234413,0.174013,-0.243505,0.249478,0.298580,0.306296,-0.212312,-0.175798,-0.147883,0.210685,-0.254335,-0.212745,0.154426,-0.085900,0.251558,-0.251168,-0.203155
-0.199891,-0.075912,-0.218175,0.268080,-0.124105,0.144240,-0.118709,-0.260127,0.288769,0.363037,-0.307660,0.219116,-0.183344,-0.170608,0.162206,-0.118625,-0.250721,0.226110,-0.263624,-0.269090
-0.339739,0.038153,-0.221708,-0.237501,0.136732,-0.254062,0.232458,-0.221989,-0.294829,-0.001569,-0.219574,-0.196014,0.238079,-0.247693,0.224486,-0.136829,-0.263184,0.229761,-0.284382,0.165414
-0.264633,0.250471,-0.284477,0.192907,0.138436,0.160650,0.210411,0.217292,0.277281,0.202607,0.176716,0.230876,-0.226577,-0.255980,-0.205060,0.246119,0.264873,-0.134048,-0.235338,0.217180
-0.039374,0.282871,-0.233031,0.287952,-0.041607,-0.242207,-0.045443,0.037165,-0.138620,0.195245,-0.130797,0.185684,-0.006210,0.266633,0.323385,0.402292,-0.313125,0.236920,-0.177027,0.292205
-0.257566,-0.225085,-0.143111,-0.261287,0.040587,-0.060871,-0.234026,0.302334,0.187112,-0.210909,-0.175992,0.065388,-0.250201,0.329707,0.337237,-0.125468,0.262284,0.345199,-0.101680,-0.170012
-0.323683,0.032264,0.567991,0.044412,0.030964,0.097987,-0.153509,0.050781,-0.046287,0.288194,-0.375963,0.104206,-0.356190,0.294523,-0.002830,-0.103392,0.124113,0.225077,-0.001733,0.071509
-0.073468,-0.006400,-0.196823,0.081499,-0.110530,0.072145,-0.382766,0.128240,0.385238,-0.302353,0.089088,-0.095952,0.086339,0.471603,-0.480063,0.033227,-0.036595,0.059894,-0.018654,-0.212441
-0.320560,-0.215894,0.091049,-0.198362,-0.197378,-0.287468,0.227955,0.260206,0.365837,0.371182,-0.151718,0.052864,0.021644,-0.181874,-0.163647,0.277735,0.052976,0.272476,-0.185972,-0.123297
0.192542,-0.124399,0.161143,-0.011118,-0.240759,-0.096487,0.134596,0.310133,0.264401,0.379816,-0.238315,0.136800,0.027521,0.202318,0.310051,0.153881,0.263645,0.387612,0.259934,0.035958
0.527793,0.001522,0.467627,-0.336526,-0.014901,0.054451,0.072660,0.001769,-0.118209,-0.230125,-0.174128,0.190552,-0.210180,0.208386,0.015588,0.023566,-0.297762,0.105502,0.096899,0.223372
-0.299414,-0.213415,-0.012960,0.166143,0.270532,-0.243338,0.062404,-0.119990,0.066776,0.478777,-0.311992,-0.290916,-0.065470,-0.171100,-0.086232,-0.171654,-0.182077,-0.173251,-0.248647,-0.274276
