0.754344,-0.018672,0.123950,-0.013911,-0.077000,0.207803,-0.124655,-0.062898,-0.115288,0.053399,-0.302006,-0.042919,0.152804,0.055736,0.329735,0.186707,0.129595,-0.154152,0.156440,0.046791
-0.179739,-0.244804,0.234567,-0.202506,0.229723,-0.198537,0.068064,0.192750,0.323539,0.226220,0.049690,-0.204740,-0.261449,0.162240,0.257634,0.259079,0.281763,-0.249694,-0.223154,0.240437
-0.267577,-0.327282,0.339024,0.020290,0.155170,-0.078583,-0.346997,-0.212628,0.002503,-0.210407,-0.300615,0.117054,0.134400,-0.095531,0.143680,0.192995,-0.166248,0.352803,0.204254,0.287771
-0.269278,-0.239660,0.256909,-0.194718,-0.210967,-0.269665,0.235177,0.308218,-0.131298,-0.209224,-0.155725,-0.253483,-0.179787,0.022299,-0.174699,-0.228489,0.262049,-0.200174,-0.248820,0.250771
-0.249393,0.278321,-0.221788,-0.178757,-0.014090,-0.340649,0.252173,-0.102261,-0.128755,-0.246790,0.071254,-0.252722,-0.285247,-0.217219,-0.232330,-0.286732,0.135724,-0.212356,0.229158,0.248409
-0.194495,-0.176229,-0.215645,0.390530,0.152692,-0.261216,-0.217669,0.202440,0.003296,0.266285,-0.264207,-0.152456,-0.230446,-0.162446,-0.176194,0.271090,-0.228782,-0.231059,-0.200845,-0.241090
-0.249482,-0.280245,-0.230664,-0.211057,0.061664,0.034233,0.287855,-0.181457,0.002925,-0.253277,0.251292,0.309110,0.300574,0.080179,-0.155203,0.210238,0.186642,-0.309031,-0.196076,-0.289848
-0.262764,0.213454,0.254310,-0.220543,-0.204577,0.198229,-0.214746,0.298776,-0.198492,-0.226767,-0.159649,-0.234887,0.091784,-0.242598,-0.258632,-0.186503,0.240852,0.242511,-0.226880,-0.216378
-0.126774,0.259845,0.461728,0.332727,0.103805,-0.163542,-0.254145,-0.305549,-0.062257,-0.095577,-0.035038,0.243624,-0.183971,0.222829,-0.066680,0.229137,-0.153875,0.224211,-0.264181,0.198139
-0.248953,0.283694,0.345256,-0.314604,-0.044681,-0.141538,-0.276519,-0.297214,-0.255638,-0.129889,0.214374,0.262233,-0.064190,0.272245,0.132754,-0.158708,-0.134870,-0.306702,0.018986,-0.148070
-0.039073,0.221936,0.280747,0.031774,-0.152808,0.170612,-0.288106,-0.070800,-0.020586,0.159478,-0.178195,0.269163,0.537307,0.098119,0.159703,0.032137,0.065504,-0.302065,-0.412111,0.092847
0.650142,0.000229,-0.165537,0.130951,-0.197399,0.192115,-0.006761,-0.091950,-0.051394,0.189456,0.023687,0.123682,0.173729,-0.284891,0.288045,-0.287412,-0.039573,0.059005,0.333269,0.030992
-0.231354,0.229386,-0.244698,-0.235731,0.202821,-0.189406,0.149501,0.326057,0.414595,0.268512,-0.203563,-0.176325,-0.228203,0.236928,0.179561,-0.056699,0.213438,0.206560,0.121856,-0.097364
0.142973,-0.084880,0.381196,0.151840,0.067058,-0.182454,-0.091647,0.140858,0.147404,-0.312879,-0.445870,0.007611,0.188116,0.222911,0.010812,0.179053,0.214516,-0.358864,0.315664,-0.166689
0.281368,0.041257,0.020026,-0.072468,-0.450875,0.084884,-0.361556,0.022254,0.246617,-0.293978,-0.077461,0.153258,0.092550,0.368700,-0.037820,-0.053766,0.074335,0.214709,0.052377,-0.437994
-0.347995,0.260167,-0.184813,0.155493,0.013102,0.119889,0.223945,-0.160667,0.421722,-0.153578,-0.050148,-0.186973,-0.293160,-0.047746,-0.212628,0.364600,0.150152,-0.140609,-0.206552,-0.268538
