-0.203757,-0.318255,0.353726,0.091494,0.209037,-0.145777,-0.417896,0.297457,-0.024799,0.178523,0.179808,-0.346071,0.317591,0.018308,-0.261002,-0.120735,-0.024626,-0.152645,-0.034067,-0.045730
-0.264845,-0.107907,-0.236659,0.153121,-0.239842,-0.148146,-0.283888,-0.252363,-0.232265,0.304374,0.251090,-0.142407,-0.243292,0.016669,0.135749,-0.251509,0.272375,0.359975,-0.166491,-0.111580
-0.231869,0.272318,0.010643,-0.254623,-0.039778,-0.338828,-0.185755,-0.204762,0.184178,-0.306606,-0.010617,0.144959,0.314637,-0.208953,0.137960,0.273050,-0.338210,0.235718,-0.241090,-0.030653
-0.219430,-0.220518,-0.252407,-0.247033,0.175460,-0.270393,-0.254596,-0.238835,0.282040,-0.073462,0.214440,-0.104669,-0.277914,-0.293746,-0.211102,-0.221823,0.297832,-0.045122,0.145027,-0.204402
-0.131579,0.222007,-0.237654,-0.271048,0.171650,0.186425,0.174435,-0.180111,0.280390,-0.137322,0.256445,0.342589,-0.206225,-0.273769,0.221347,0.156640,0.386243,-0.187490,-0.001980,-0.142870
-0.229435,-0.238297,-0.194296,0.258058,0.252178,-0.245077,0.218766,0.238656,0.221259,0.170749,0.190253,0.297827,0.116577,0.123432,-0.171237,-0.211349,-0.149726,0.356237,-0.216856,0.235765
-0.259351,0.232896,-0.267474,0.260323,0.213750,0.190576,0.224895,0.105133,0.031006,-0.080646,-0.185906,-0.226845,0.202503,-0.287554,0.196856,-0.123789,0.401870,-0.122700,-0.280475,0.262813
-0.216387,0.279023,0.052325,0.188118,0.041364,-0.291310,-0.216964,-0.043596,-0.236616,-0.238715,0.191974,0.342692,-0.283966,-0.255871,0.245727,0.127709,0.349023,-0.093132,0.113257,-0.261284
0.359666,0.166476,0.032204,0.117807,0.339855,-0.223057,0.107213,0.151277,0.271693,-0.007810,-0.176118,0.136397,-0.026613,0.216807,0.332702,0.481400,-0.005758,-0.128994,-0.134398,0.282825
-0.162870,0.158960,-0.325980,0.014363,-0.222484,0.277654,-0.041457,0.317930,0.300937,-0.311727,0.234666,-0.115439,-0.203093,-0.245642,-0.014109,0.142715,-0.237774,-0.007401,0.241684,0.345049
0.084482,0.029732,0.483920,0.365952,-0.338469,0.118570,-0.134009,-0.268004,0.187599,-0.058449,-0.075406,-0.050126,0.149791,-0.308522,-0.091192,0.015084,-0.044532,-0.318123,-0.342996,0.108018
0.370255,-0.254892,0.348213,-0.161613,0.020771,0.285347,-0.233125,-0.048015,-0.219371,0.336731,0.244372,-0.166864,0.221646,0.186134,-0.232758,0.261171,-0.077890,-0.076626,0.198431,0.074280
-0.259797,-0.239515,-0.181658,0.235036,0.044522,0.281072,-0.191380,-0.199977,-0.187225,0.256190,0.271040,-0.244590,-0.293186,-0.316181,-0.048427,-0.186599,0.211611,-0.138040,-0.139539,-0.298202
-0.035597,-0.012684,-0.062328,-0.068534,0.226638,0.126382,0.006224,0.432804,-0.242334,-0.417882,-0.218524,0.001046,0.107591,-0.041076,-0.148064,0.244713,0.286070,0.406720,0.114233,0.314346
0.112191,0.044053,0.299672,0.397076,0.048017,-0.147368,-0.010362,-0.115506,0.027918,0.202057,-0.299875,-0.311427,0.210419,0.433253,0.028987,0.474410,-0.028374,-0.035591,0.093662,0.057238
-0.242519,0.214948,-0.214400,0.223329,-0.227147,-0.200720,0.230423,-0.207999,0.225489,0.200189,-0.143287,0.302468,-0.153911,-0.110835,0.140492,0.182589,0.328195,0.356023,-0.274321,0.095869
