0.526519,-0.100440,-0.030589,0.125380,-0.464035,0.313988,0.022432,0.084938,-0.106484,0.141989,0.038211,0.108223,0.089839,-0.100851,-0.020201,0.169724,0.280836,0.022812,0.432206,0.126807
-0.265480,0.210109,0.235986,0.239743,-0.234441,0.005553,-0.193818,-0.104864,-0.233055,-0.252970,-0.147073,0.207425,-0.222543,0.265688,0.285918,0.278197,0.202748,-0.239611,-0.257642,0.203795
-0.140152,0.037368,-0.082365,-0.146879,0.211311,-0.188526,-0.298534,0.000096,-0.344412,-0.148704,0.221614,0.143887,0.406699,-0.329785,-0.085685,-0.135239,-0.280963,-0.260799,0.148547,0.319252
-0.198326,-0.230891,0.096698,0.198601,0.250163,-0.266697,-0.235466,0.288875,0.285882,0.004166,0.359552,-0.185131,0.216912,-0.249914,0.191611,0.185641,0.189954,-0.246488,-0.241165,0.070572
-0.187580,-0.173637,0.317214,0.261729,0.218129,-0.019182,-0.224224,0.310770,-0.223926,-0.223497,-0.195660,0.244814,-0.242692,-0.166816,-0.214696,-0.221551,-0.246335,0.241645,-0.091087,-0.251290
-0.177779,0.293402,0.340612,0.324007,-0.200106,-0.207434,0.161917,0.356137,-0.264702,-0.242668,0.050213,-0.221929,0.065120,0.053099,-0.128151,0.219489,0.159028,0.293511,0.181149,-0.168969
-0.204089,-0.269298,-0.254731,-0.257083,0.272223,0.152908,0.244933,-0.095493,0.309473,-0.211227,0.369794,-0.020824,-0.184748,-0.130186,-0.134448,-0.266913,-0.246968,-0.233950,0.200006,0.120623
-0.248107,0.223656,0.229107,0.173904,-0.184254,-0.258070,-0.195765,0.296672,-0.176612,-0.269870,0.288004,0.255909,-0.242869,0.241303,-0.216845,-0.187236,0.216437,0.144642,-0.198574,0.140901
0.295576,0.229304,0.322936,0.213358,0.046533,-0.195363,0.193448,0.011272,0.183848,0.252474,0.031604,0.244917,0.336301,-0.142505,0.226258,0.262165,-0.341151,0.088386,0.308484,-0.033902
0.275527,0.147869,0.333914,-0.279045,-0.312305,0.201207,-0.238059,0.049487,-0.249497,-0.188660,-0.138853,0.183268,0.246372,-0.164877,-0.182646,-0.059504,0.230273,-0.287463,-0.170527,-0.274741
0.175769,0.043909,-0.197234,0.273105,0.217433,0.000119,0.303966,0.250348,-0.235867,0.209699,0.367075,-0.202907,0.054257,-0.232240,0.228722,0.000795,0.181182,0.272508,0.091095,-0.388898
0.469954,-0.014294,-0.214098,0.336142,-0.106937,-0.232858,-0.242064,-0.139948,-0.125352,0.296101,0.208903,0.052098,0.213364,0.309186,-0.039520,0.133352,0.381587,0.012021,0.125808,0.066947
-0.193293,-0.267188,0.354075,-0.132988,-0.243011,-0.241613,-0.249198,0.426937,-0.150557,-0.188592,-0.274334,-0.005167,-0.147248,0.231887,-0.026322,0.164923,0.184923,-0.136802,-0.152636,-0.270762
-0.321642,0.095650,0.537344,0.284470,0.042424,0.246637,0.208293,0.190963,0.226075,-0.251492,-0.233704,-0.174138,-0.055767,0.066219,-0.004341,-0.033865,0.223059,0.077628,-0.106067,0.316641
0.478829,0.453278,0.237020,0.061105,0.029213,-0.198567,0.455251,0.146992,-0.332041,-0.164187,0.055716,0.028519,0.205386,0.151133,0.004417,-0.012962,0.129033,0.096545,0.036586,-0.050601
-0.175387,0.156926,0.308260,0.207064,0.179734,-0.260516,-0.248835,0.323778,0.336814,-0.243621,0.263865,-0.021802,-0.191927,0.221330,0.242233,-0.115202,-0.182732,-0.224976,-0.214875,0.094591
