-0.277295,0.033419,0.005057,0.100309,-0.027015,0.088609,0.027492,-0.070201,0.055190,0.075621,0.930194,-0.044240,0.054701,-0.026486,0.058759,-0.009279,-0.041182,0.026972,0.091280,0.060560
-0.121691,0.015623,-0.152554,0.064607,0.064259,0.229255,-0.149956,0.800780,-0.069156,0.220889,0.076042,0.105590,-0.026055,-0.159995,-0.084205,-0.100066,0.248191,-0.038702,-0.088148,0.228745
-0.134076,0.022332,-0.074748,0.125192,0.044079,0.145706,-0.058384,0.576446,-0.045083,0.198034,0.123656,0.316033,-0.014580,-0.082396,-0.044527,-0.032522,0.634434,-0.042297,-0.056129,0.165789
0.957456,0.020062,0.002929,-0.033721,-0.037898,0.077296,0.003832,-0.042829,0.061199,0.072165,0.220337,-0.034074,0.042192,0.018649,0.057535,0.014556,0.003816,0.036631,0.082213,0.006488
-0.324002,-0.052385,0.061307,0.174341,-0.036892,0.188058,-0.030893,-0.016966,0.063487,-0.023890,0.101424,-0.059568,0.028435,0.028503,0.072998,0.038108,-0.013345,0.012130,0.890498,0.002555
0.966367,0.018191,0.036093,0.034500,-0.031155,0.062061,0.056504,-0.023897,0.058462,0.026961,0.166225,0.002198,0.053874,0.026175,0.014826,0.063840,0.028907,0.040564,0.107367,0.032461
0.055276,0.250614,0.227251,0.039637,-0.080057,0.219851,-0.039284,0.384614,-0.002982,-0.060513,0.226252,-0.487367,0.192152,0.140367,0.080457,0.227677,0.209092,0.155717,0.309475,0.325029
0.950447,-0.014045,0.003372,0.140806,-0.030481,0.029494,-0.024569,-0.037510,0.163752,-0.005771,0.124237,-0.035479,0.026485,0.014585,0.101719,0.007852,0.066469,0.043983,0.101210,0.036677
-0.133877,0.011061,-0.017930,-0.016354,-0.047620,0.165851,0.025134,-0.063685,0.022021,0.055599,0.965957,-0.019206,0.036372,-0.021085,0.012852,-0.003027,0.033541,0.040792,0.071792,0.000935
-0.133415,-0.017332,-0.109805,0.015396,0.047211,0.216144,-0.109541,0.761399,-0.134923,0.207496,0.080315,0.074077,-0.007971,-0.160664,-0.050637,-0.045808,0.401264,-0.037184,-0.093990,0.232305
0.876954,0.204710,0.007553,0.241770,-0.067067,-0.013601,-0.123306,0.053786,0.153567,-0.009829,0.011619,0.025476,0.047479,0.028419,0.025859,0.010028,0.039521,0.077364,0.230928,0.136330
-0.095038,0.042025,-0.060921,0.083281,0.022301,0.155157,-0.049198,0.873736,0.008472,0.174756,0.168484,0.156053,-0.020658,-0.071309,0.009093,0.036943,0.256033,-0.052781,-0.045385,0.165648
0.944232,0.086764,0.077950,0.225566,0.006744,0.072922,0.048101,-0.022662,0.066637,-0.010015,0.077225,0.023473,0.015836,0.022232,0.057854,0.058266,0.005760,0.020867,0.120874,0.046151
-0.049714,0.014271,0.076524,0.113038,-0.018881,0.046555,0.024641,-0.122782,0.145322,0.021564,0.952909,-0.081540,0.032114,-0.015661,0.075544,-0.019516,-0.023819,0.038012,0.121808,0.001519
0.944763,0.045924,0.021999,0.137679,0.017568,0.035931,0.047808,-0.075929,0.107717,0.062846,0.162817,-0.066042,0.030749,0.028888,0.110663,-0.013888,-0.058260,0.013162,0.108748,0.013711
-0.135967,-0.057360,-0.114029,-0.021967,-0.107895,0.201058,-0.130555,0.617562,-0.073368,0.229204,0.204896,0.408108,-0.026649,-0.201975,-0.017750,-0.053944,0.337490,-0.077447,-0.091840,0.273372
0.957805,0.060382,0.023610,0.064073,-0.016982,0.077064,0.074294,-0.053052,0.013849,0.088295,0.154163,-0.006118,0.024652,0.019823,0.005702,0.043286,0.034295,0.043342,0.091207,0.116907
0.950157,0.015981,0.008144,0.018146,-0.036410,0.025040,0.229486,0.013567,0.084286,0.079469,0.084507,-0.041542,0.001317,0.030054,0.093954,-0.046779,0.058558,0.013962,0.046482,-0.041920
-0.196071,0.141794,-0.111170,0.074527,-0.027457,0.174812,-0.112366,-0.001227,-0.039499,0.238477,0.169719,0.334121,-0.030520,-0.164062,-0.062768,-0.054710,0.783408,-0.054707,-0.121212,0.120537
-0.086620,0.046078,-0.121891,-0.016194,0.060504,0.193691,-0.073450,0.865531,-0.086761,0.139611,0.039277,0.037910,-0.052835,-0.151471,-0.032101,-0.021950,0.199551,-0.003204,-0.079170,0.276031
0.931880,0.062176,0.001475,0.007289,-0.027846,0.092113,0.096175,-0.052823,0.035124,0.087610,0.283746,0.010219,0.040147,-0.011671,0.028190,0.000833,-0.004731,0.039567,0.109821,0.025711
0.935884,0.021052,-0.039338,-0.027791,-0.025501,0.104858,0.084094,-0.048317,0.008516,0.081485,0.223915,-0.028079,0.048088,0.039242,0.026130,0.001220,0.072898,0.025409,0.061744,0.168404
0.948456,-0.015363,0.106831,0.192176,-0.030259,0.098132,-0.028718,-0.086547,0.009979,0.013668,0.076928,-0.086678,0.027765,-0.041812,0.061948,0.034228,-0.022600,0.010673,0.104484,0.014244
0.927859,0.034855,-0.000791,0.148492,-0.054551,0.022678,0.033772,-0.070958,0.016865,0.041121,0.253150,-0.051741,-0.004029,0.004291,0.021066,0.032243,0.068470,0.047747,0.156425,0.066736
-0.291729,0.003067,0.124028,0.240668,-0.023926,0.025464,0.021631,-0.065828,0.001269,0.010312,0.874266,-0.104007,0.002640,-0.015761,0.060677,0.007800,-0.151513,0.016857,0.179419,0.029373
0.927280,-0.020640,-0.028506,0.088998,0.008368,-0.007671,0.098473,-0.068571,0.275633,-0.023196,0.042081,-0.068572,0.008842,0.051656,0.102891,0.015227,0.010159,-0.010556,0.117181,-0.077265
0.902021,-0.003270,0.115314,0.226982,-0.041527,0.024698,0.038696,-0.022921,0.090960,-0.003560,0.218741,0.017318,0.004554,-0.005187,0.040143,0.034468,-0.032613,0.019813,0.235450,0.031601
0.381217,0.090412,0.033305,0.257337,0.021217,0.081305,-0.531882,-0.162013,0.003735,0.103660,0.195774,-0.127387,0.003515,0.346986,0.043925,0.026011,0.000944,0.023695,0.495068,0.170217
-0.273717,0.048340,0.037562,0.124917,-0.030930,0.078771,0.163922,-0.006778,0.080141,0.076349,0.046641,-0.052663,0.030543,0.042273,0.054435,0.062465,0.915867,0.003012,0.077612,0.004262
-0.276123,-0.052719,-0.000635,0.161253,-0.035995,0.035740,0.012827,-0.082236,0.116997,-0.041964,0.919610,-0.036862,0.040074,0.014804,0.082212,0.067492,0.037117,0.005785,0.063613,0.066233
-0.085307,-0.000671,-0.131937,-0.054166,0.054791,0.157303,-0.084717,-0.052070,-0.110808,0.145088,0.127118,0.058968,-0.045068,-0.177480,-0.048702,0.029184,0.895706,-0.043575,-0.088924,0.181472
0.842324,0.030043,-0.042412,-0.037345,-0.010615,0.020395,0.466242,-0.016708,0.095396,0.075426,0.084406,-0.012963,0.012451,0.040089,0.106218,-0.026353,0.173759,-0.006787,0.041819,-0.019943
-0.371084,0.039662,0.045577,0.126840,-0.023086,0.089274,0.071554,-0.025375,0.042233,-0.012533,0.006316,-0.052839,0.051959,0.068745,0.025817,0.005364,-0.095715,0.015050,0.895444,0.064735
0.957497,0.015841,-0.019279,0.079756,-0.025303,0.098214,0.083249,-0.083733,0.021550,0.069419,0.183827,-0.021147,0.012832,0.018180,0.040004,0.034967,0.009926,0.037183,0.069436,0.053339
0.938158,0.007134,0.003262,0.067480,-0.059554,0.064725,0.111353,-0.024267,0.111419,0.000715,0.145627,0.002917,0.016825,0.182526,0.039924,0.140153,0.019680,0.033110,0.053091,0.041851
0.937451,0.035753,-0.003064,0.069590,-0.026997,0.149999,0.064062,-0.078888,0.049124,0.108996,0.198947,-0.026940,0.061291,0.025737,0.062121,0.006764,0.050821,0.023888,0.056143,0.110773
-0.144707,0.045669,-0.032012,0.082610,-0.011428,0.123084,-0.096227,0.830140,-0.082028,0.246924,0.173462,0.190664,-0.039677,-0.127310,-0.066824,-0.057353,0.125965,-0.026791,-0.079821,0.269847
0.638400,0.107638,0.102273,0.699955,-0.044563,0.142989,0.029205,-0.097033,0.035241,0.018167,0.120987,-0.103633,0.021548,-0.051561,0.082745,-0.035307,-0.010619,0.038046,0.040218,0.080123
-0.279525,0.039337,0.021731,0.083775,-0.037689,0.079181,0.066796,-0.035322,0.008031,0.074502,0.934750,-0.042790,0.039220,0.035412,0.030642,0.000194,0.005206,0.012317,0.112414,0.040951
-0.151556,0.000411,0.912024,0.192750,-0.020586,-0.067565,-0.046942,-0.086007,0.104256,-0.042093,0.139932,-0.014518,0.003257,-0.051893,0.061029,0.035005,0.027656,0.073011,0.184065,0.115930
0.928075,0.011248,0.026177,-0.004741,-0.044179,0.081734,0.030386,-0.043534,0.122787,0.001479,0.274472,0.001386,0.063276,0.050342,0.003838,0.055811,0.038142,0.012032,0.156939,-0.008853
-0.080073,-0.061452,-0.175394,-0.070176,-0.109008,0.172171,-0.091900,-0.000247,-0.089726,0.231125,0.245472,0.123423,-0.078603,-0.212200,-0.068144,-0.045706,0.803568,-0.099930,-0.148287,0.177646
0.973486,0.031980,-0.012944,0.035417,-0.014793,0.053566,0.073758,-0.049063,0.035181,0.101972,0.105377,-0.044566,0.021553,0.029371,0.065994,-0.015759,0.002012,0.024395,0.071496,0.050766
0.974263,0.055893,0.023937,0.071508,-0.010705,0.081097,0.053385,-0.023475,-0.031492,-0.022863,0.018709,0.004232,0.027547,0.057737,0.096906,0.055136,0.036296,0.000568,-0.010125,0.109926
0.936310,0.033957,0.072500,0.216091,0.038504,-0.012255,0.051213,-0.096485,-0.009391,-0.010628,-0.018976,-0.041295,-0.001282,0.014972,0.010575,0.052955,-0.111359,0.022904,0.189172,0.050344
0.924584,0.040153,0.001006,-0.019808,-0.034212,0.141599,0.063570,-0.071804,0.045840,0.088623,0.294134,-0.007710,0.041913,0.030660,0.048708,0.011933,-0.009854,0.070237,0.045756,0.062096
0.923880,0.060996,0.029812,0.217886,-0.008056,0.157085,-0.009801,-0.063306,0.047352,0.114477,0.153469,-0.069249,0.039608,-0.009629,0.090454,-0.005589,-0.038316,0.004639,0.095201,0.037337
-0.212985,0.059365,0.420120,0.310997,-0.019410,0.046422,0.351683,-0.135283,0.267560,0.040539,0.138344,-0.307950,0.031041,-0.043632,0.065424,-0.016252,0.527078,0.010820,0.244712,-0.030827
0.928436,0.049533,0.004317,0.110116,-0.006806,0.044040,0.132505,-0.101980,0.113613,0.086022,0.231902,-0.032253,-0.001579,0.015169,0.058863,0.003022,-0.022962,0.034287,0.112397,0.017255
-0.308085,0.031840,0.043717,0.226262,-0.030822,0.116817,0.856272,-0.116976,0.102948,0.034793,0.214649,-0.063527,0.020410,-0.021703,0.070373,0.020868,0.060135,0.010071,0.073155,0.110542
-0.099272,0.032379,0.887292,0.387434,-0.011346,0.073167,0.006950,-0.012723,0.039156,0.052739,0.107076,-0.017864,0.033859,-0.065433,0.068585,-0.026971,0.046820,0.033174,0.109040,0.062228
0.300077,0.056268,0.845069,0.227116,-0.054067,0.080561,-0.043123,-0.022974,0.134648,-0.031448,0.225740,-0.035820,0.073832,-0.040219,0.050866,0.130011,0.047841,0.042638,0.154396,0.058303
0.892731,0.058708,-0.025753,0.037058,-0.028526,0.065720,0.090074,-0.048978,0.040393,0.094268,0.395626,-0.020670,0.044792,0.025446,0.043865,0.000122,-0.028457,0.053211,0.071822,0.032572
0.970195,0.024796,0.012905,0.071868,-0.012668,-0.027195,0.027604,0.016134,0.084800,0.068916,0.084397,-0.040035,0.013909,-0.003796,0.103693,0.003034,0.044747,0.015461,0.129974,-0.009091
0.886184,0.052152,0.125308,0.286661,-0.038888,0.125201,-0.059781,-0.002120,0.083014,-0.038045,0.188274,-0.092324,-0.008501,-0.009512,0.125566,0.083737,0.077332,0.021244,0.107835,-0.002239
0.900546,0.017632,0.030203,0.191140,-0.025908,0.015413,0.019689,-0.037900,0.215814,0.033125,0.182133,-0.040451,0.007219,-0.019941,0.150159,0.000133,0.080998,0.041731,0.173492,-0.068156
0.883570,-0.023076,0.134070,0.320513,-0.028075,0.068602,0.002769,-0.095520,0.045918,-0.110708,0.094718,-0.078327,-0.094652,-0.090107,0.142877,0.026195,0.026882,0.014395,0.121093,0.014127
0.945894,0.042483,0.058100,0.152594,-0.031550,0.126770,0.046904,-0.073683,0.017724,0.091616,0.089126,-0.087418,0.027648,0.007840,0.057263,-0.028040,-0.057838,0.019554,0.128727,0.051402
-0.101194,0.036663,0.020279,0.131458,-0.002252,0.022900,0.050003,-0.084726,0.949048,0.078555,0.171278,-0.058220,0.027040,0.018599,0.086050,-0.018468,-0.021095,0.018383,0.104422,0.020411
-0.371062,0.040206,0.065716,0.152557,-0.029390,0.056495,0.013364,-0.008798,0.033912,-0.019930,0.894348,-0.020969,0.043067,-0.000212,0.039944,-0.009138,-0.031016,0.047649,0.136629,0.038915
0.949371,-0.010788,0.076801,0.032966,-0.037239,0.107993,0.059079,-0.082295,0.087335,0.000128,0.109423,-0.068340,0.035391,0.062137,0.031384,0.082609,-0.010533,0.019206,0.174831,-0.006425
0.932278,0.053541,0.043549,0.083265,-0.048327,0.097592,0.017406,-0.067413,0.028158,0.085620,0.258948,-0.039515,0.077969,0.014917,0.031911,-0.016125,0.046444,0.027807,0.075690,0.097342
-0.084912,-0.004292,-0.105237,-0.011170,-0.100393,0.121489,-0.103910,-0.007630,-0.057243,0.195201,0.229573,0.210618,-0.047859,-0.158377,-0.056819,0.012006,0.211508,-0.045060,-0.090964,0.849498
0.965221,0.049033,-0.006274,-0.017518,-0.033158,0.105099,0.081334,-0.030422,0.037033,0.079259,0.148352,0.015508,0.038669,-0.004718,0.025083,0.025600,-0.019642,0.037363,0.105670,0.016130
