0.088378,0.047956,0.017905,0.073835,-0.025389,0.979193,0.023997,-0.003452,-0.043538,0.041585,-0.008802,0.058539,0.031872,-0.004465,0.033367,-0.034129,0.016516,0.036809,0.080118,0.074677
0.058570,0.141849,-0.063916,-0.079048,-0.035082,-0.019214,0.044937,0.159356,-0.052494,0.141833,-0.157015,0.160994,-0.013921,-0.122439,-0.020076,0.045130,0.045354,-0.097520,0.879348,0.247408
0.088856,0.077739,-0.009217,-0.053885,0.922305,0.023261,0.013703,0.015719,-0.013776,0.116873,-0.086429,0.162743,-0.014786,-0.130100,0.033463,0.071069,0.040910,-0.064107,0.032999,0.231211
0.037241,-0.016475,0.032858,0.057406,-0.029817,0.029484,0.031470,0.031581,-0.011183,0.040977,-0.051763,0.080046,0.057792,0.066029,0.036278,0.981604,0.039594,0.019490,0.052567,0.045343
0.047355,0.027033,0.018425,0.058126,-0.043610,0.055118,-0.053168,-0.042936,-0.022039,0.019524,0.977946,0.034816,0.089967,0.063243,0.005607,0.014642,0.058097,0.039719,0.086311,0.022319
0.063866,0.002635,0.015050,0.156407,-0.025299,0.054467,0.025318,-0.030401,-0.020024,0.025114,0.005517,0.061045,0.071184,0.055349,0.015661,-0.005776,0.970886,0.022239,0.073976,0.065331
-0.030004,0.223559,0.199930,0.239143,-0.239083,0.112678,-0.277709,0.301686,0.040500,0.082040,0.630290,-0.088481,0.136886,0.090673,0.132012,0.157055,0.085512,0.003453,0.324173,0.137973
0.025061,0.026893,0.035903,0.063801,-0.037947,0.075985,-0.012575,-0.011873,-0.011897,0.108745,0.974748,0.112062,0.024917,0.046277,0.030049,0.012967,0.024463,0.046904,0.008910,0.066381
0.057833,-0.005356,0.016138,0.015291,-0.013060,0.020064,0.037790,0.058549,-0.031747,0.003035,-0.011512,0.076142,0.038512,0.092621,0.014991,0.980832,0.073315,0.038620,0.063427,0.023431
0.100864,0.113027,-0.039297,-0.106740,0.573380,0.034854,0.008191,0.059230,-0.047984,0.115689,-0.160136,0.133678,-0.044403,-0.121569,-0.085834,0.029696,0.009610,-0.099294,0.703505,0.203686
0.096522,0.082242,-0.019659,0.128986,-0.146492,0.177419,0.089968,-0.182306,-0.056972,0.207272,0.840232,0.129852,0.154817,0.020700,0.046542,-0.231587,-0.063714,0.024064,0.053921,0.125808
0.071430,0.073812,0.000764,-0.027245,-0.001485,0.912519,0.012408,0.017645,-0.025121,0.150595,-0.082592,0.174083,0.006591,-0.110408,-0.037464,0.064004,0.093757,-0.078461,0.079745,0.236796
0.030392,0.066259,0.035471,0.063641,-0.063996,-0.027729,0.004154,-0.129219,-0.016407,0.111414,0.957910,0.137242,0.076547,0.062538,0.015528,0.068201,0.036770,0.007850,0.016665,0.048332
0.065456,0.069803,0.101518,0.144328,-0.073010,-0.052636,-0.079083,0.076165,-0.015788,0.026228,0.058065,-0.026676,0.060705,0.955715,0.099143,-0.006804,0.016300,0.037302,0.060089,0.048057
0.054939,0.031885,0.018176,0.092048,-0.013348,-0.002486,0.007669,-0.045514,-0.025888,0.063109,-0.062831,0.111890,0.026779,0.059099,0.079691,0.973593,0.048322,0.035930,0.007691,0.039980
0.155533,0.082080,-0.070419,-0.025750,-0.026123,0.849309,0.109589,0.084122,-0.033546,0.113362,-0.119881,0.066995,0.021000,-0.085217,-0.047117,-0.061175,-0.074895,-0.108540,0.312124,0.247068
0.070464,0.020068,0.016000,-0.011104,-0.005037,0.024420,0.069437,0.017827,-0.003794,0.077689,-0.053951,0.122070,0.041070,0.150758,0.004037,0.961992,0.012585,0.066160,0.051146,0.087288
0.016135,-0.022760,0.063829,0.076894,-0.011770,-0.012984,-0.019832,0.015672,-0.011919,0.055176,0.975443,0.065173,0.016311,0.056015,0.118532,0.077659,0.048494,0.030502,0.002358,0.050926
0.101820,0.162013,-0.024442,-0.093457,-0.003032,0.663205,0.048473,0.085851,0.014194,0.129599,-0.126031,0.085752,0.033385,-0.120479,0.084424,0.008992,0.609612,-0.084969,-0.014147,0.249729
0.140364,0.101314,-0.039445,-0.068955,0.047396,0.020236,0.119704,0.078156,0.008140,0.151771,-0.090961,0.176965,0.049850,-0.045616,-0.071323,0.013245,0.084826,-0.102351,0.900533,0.198696
0.040322,-0.011123,0.002791,0.001949,-0.013686,-0.080530,0.048594,-0.021865,-0.028346,0.048734,0.005157,0.123055,0.034111,0.029340,0.006171,0.054503,0.979580,0.031549,0.019464,0.066290
0.113167,0.024690,-0.059495,0.020795,-0.017775,-0.014254,0.068542,0.972496,-0.023303,0.037870,-0.040316,0.079823,0.039721,0.050811,0.051212,0.011089,0.045374,0.037308,0.100052,0.036128
0.073255,0.006099,0.025567,0.008410,-0.057861,0.049135,-0.047774,-0.000080,-0.026677,-0.010684,-0.079035,0.021737,0.080104,0.071220,0.035988,0.976066,0.000979,0.036249,0.102477,0.031256
0.036642,0.079505,0.071171,0.957525,-0.038658,0.005514,0.017020,-0.112533,-0.011102,0.062618,-0.084125,0.074170,0.021379,0.083955,-0.006357,-0.114649,0.045813,0.054475,0.045859,0.107032
0.038415,0.074625,0.019149,0.090113,-0.121138,-0.048415,-0.048536,-0.128128,-0.030009,0.057105,-0.008166,-0.056558,0.063917,0.143511,0.047523,0.951750,-0.015008,-0.008647,0.085265,0.030198
0.021306,-0.050357,0.011017,0.110420,-0.057897,-0.011341,-0.090612,-0.043822,-0.011133,0.036621,0.964068,-0.058949,-0.024369,0.051361,0.117525,0.051327,0.109500,0.042702,0.039146,0.041144
0.069578,0.097469,0.059068,0.193720,-0.095811,0.948676,0.000502,-0.088744,-0.028250,0.062260,-0.033340,-0.010967,0.071161,0.039016,0.025204,0.018874,-0.036385,0.023729,0.078068,0.078327
0.032879,0.074302,0.367828,-0.000382,-0.056435,0.696938,0.010043,0.004606,-0.024762,0.040757,0.565037,0.097121,0.024263,0.077114,0.009298,0.142012,0.008380,0.059114,0.028008,0.083419
0.128648,0.028315,0.053192,0.078805,-0.015203,-0.024153,-0.075471,-0.050016,-0.012695,0.084033,-0.044940,0.061098,0.016690,0.036016,0.088378,0.965105,-0.001751,0.054383,0.026515,0.084518
0.111646,0.006209,0.018208,0.093467,-0.071345,0.019154,-0.056141,-0.048361,-0.029002,0.028444,0.972757,-0.018807,0.053244,0.059179,-0.013610,0.000401,0.024774,0.038360,0.083280,0.060657
0.121980,0.082101,-0.036562,0.013543,0.066499,-0.088514,0.111320,0.120008,0.021405,0.082518,-0.108240,0.026428,0.056139,0.076324,-0.057784,0.014555,0.040253,-0.121334,0.935407,0.119459
0.057428,-0.048041,0.063378,0.096735,0.016904,-0.045391,-0.029645,0.049003,-0.006154,0.059418,0.969242,0.070467,-0.003135,0.069535,0.108989,0.078532,0.045435,0.009503,-0.019888,0.044601
0.130471,0.013844,-0.006737,0.164834,-0.059317,0.007445,0.023887,0.910069,-0.014269,0.021800,-0.222320,0.084541,0.085034,0.168126,0.057407,-0.078474,0.074033,0.051503,0.097490,0.057954
0.088961,0.073077,-0.002919,0.059264,-0.018267,0.974779,0.014428,-0.061168,-0.016079,0.057335,-0.021349,0.090973,0.049171,0.040266,0.037430,0.050039,0.016205,0.050016,0.021382,0.072831
0.060504,-0.009496,0.062375,0.049909,-0.019282,-0.054089,0.018267,-0.031193,0.002915,0.031350,0.973898,0.096065,0.020036,0.052188,-0.002766,0.076179,0.043262,0.057156,0.096079,0.057106
0.098902,0.032468,0.965646,0.089177,-0.037164,0.047226,0.039281,-0.140236,-0.021092,0.045923,-0.001442,0.082829,0.037621,0.053335,0.051470,0.027277,0.033281,0.026817,0.063762,0.030934
0.189188,0.051392,0.004466,-0.094761,0.874212,0.032571,0.106988,-0.021625,-0.014225,0.164751,-0.159166,0.137537,-0.029246,-0.131540,-0.008379,-0.030618,0.108719,-0.096835,0.052479,0.246239
0.009615,0.147112,-0.018142,0.109545,-0.044464,0.156540,-0.030272,-0.044324,-0.026265,0.036783,-0.090437,0.173630,0.155131,0.091688,0.033340,0.108067,0.916247,0.061373,0.087237,0.007524
0.053853,-0.005101,0.054927,-0.001846,-0.022940,0.004366,0.033187,-0.016490,-0.012000,0.053946,0.979034,0.057545,0.022462,0.068818,0.006450,-0.091100,0.094409,0.027302,0.032378,0.054522
0.099810,0.109708,0.059025,0.078321,-0.168352,0.044485,-0.082219,-0.114867,-0.008245,0.919911,0.068296,0.010908,0.066472,0.096277,0.104749,-0.044191,-0.038243,0.058418,-0.003075,0.188476
0.067078,-0.017532,0.010407,0.185966,-0.010926,0.103617,-0.014787,-0.079619,-0.031191,0.044895,-0.015680,0.032701,0.035887,0.039396,0.006280,0.018384,0.965899,0.016691,0.046028,0.014438
0.179215,0.036752,-0.076680,0.068632,0.007402,-0.011357,0.128455,0.106731,-0.062413,0.092754,-0.123621,0.915841,0.016016,0.001284,-0.015652,0.016120,0.001754,-0.143757,-0.062110,0.189813
0.046294,0.029656,0.009274,0.036365,-0.017187,0.026698,0.062077,0.022836,-0.012860,0.041066,0.976231,0.084599,0.026955,0.087334,0.056549,-0.091288,0.020644,0.063885,0.020651,0.057710
0.069031,0.013805,0.026225,0.004059,0.016338,-0.014888,-0.027965,-0.008151,-0.026321,0.071829,0.979701,0.077752,0.000451,0.087780,0.013429,0.030936,0.013555,0.050103,0.036171,0.091900
0.158202,0.085556,-0.007783,0.193311,-0.117549,-0.147676,-0.059764,-0.162331,-0.044416,0.060819,-0.880814,-0.068306,0.042818,0.159693,0.097697,-0.040546,0.029285,0.046600,0.140902,0.130756
0.063114,0.015835,0.043430,0.005988,-0.019585,0.003001,0.096172,0.963421,-0.010172,0.027512,-0.004428,0.093095,0.043068,0.085738,0.058138,-0.150419,0.046018,0.054194,0.064505,0.045260
0.053201,0.089881,-0.022266,0.036058,-0.037746,0.037706,-0.007271,-0.052788,-0.022353,0.059566,0.972731,0.135490,0.077951,0.001815,0.035354,0.020186,0.035409,0.051164,-0.016321,0.033530
-0.007560,0.040461,0.099273,0.177305,-0.075996,-0.095815,-0.091274,-0.002852,-0.001001,0.074186,0.940953,0.069221,0.037638,0.046442,0.102301,0.063633,0.138827,0.022818,-0.010977,0.005277
-0.000410,0.063308,0.042281,0.064705,-0.026419,-0.038437,-0.021180,-0.156464,-0.026160,0.048036,0.034644,0.047789,0.011241,0.065657,0.081241,0.965160,0.048551,0.060897,-0.010162,0.087738
0.088550,0.083159,0.041764,0.137916,-0.061055,0.953990,-0.078200,-0.002444,-0.017342,0.107474,-0.092478,0.099430,0.047761,0.049784,0.029115,0.043641,-0.030238,0.038170,0.039956,0.052570
0.075503,-0.005472,0.114417,0.027056,-0.084713,0.097096,-0.101548,-0.024578,0.069168,0.087703,0.926014,0.057995,0.048724,0.076732,0.033641,0.060708,-0.032460,0.028791,0.242679,0.075699
0.077433,0.137590,0.165279,0.071244,-0.518216,0.298368,-0.053488,-0.114965,0.011375,0.137802,-0.211608,0.056000,0.667834,0.047436,-0.025679,-0.077115,0.007417,0.005878,0.170387,0.134239
0.077687,0.002249,-0.014165,0.042099,-0.006280,-0.011795,0.083504,-0.025796,-0.018394,0.021818,0.041772,0.118539,0.055331,0.022314,0.023606,0.977823,-0.015811,0.059711,0.046742,0.036123
0.107129,-0.013243,0.023691,0.103554,-0.034091,-0.023377,-0.127343,-0.000196,-0.005433,0.118206,0.959100,0.007248,-0.006606,0.055342,0.101015,0.079253,0.028585,0.026102,-0.019886,0.061043
-0.020183,0.049182,0.107984,0.040927,-0.046303,0.138219,-0.072886,-0.138585,-0.008320,0.057984,0.935098,0.117707,0.168024,0.058013,0.035845,-0.052535,-0.018700,0.037750,0.093824,-0.012515
0.050097,0.027032,0.082590,0.131533,-0.044034,0.069134,-0.089881,-0.069297,0.000980,0.074391,0.957946,-0.007988,0.086035,0.030722,0.105190,0.011384,0.037029,0.034213,0.066219,0.057551
0.005791,0.163621,0.035644,0.114756,-0.119752,0.895099,-0.134195,-0.162212,-0.040779,0.048876,-0.097587,-0.022782,0.174768,0.134945,-0.000136,0.058220,-0.089894,0.068539,0.123318,0.068322
0.046421,0.064689,0.041777,0.059071,-0.056347,-0.011472,-0.013286,-0.082482,-0.039596,0.023696,0.979531,0.058532,0.031942,0.037011,0.023800,0.014697,-0.017630,0.022957,0.091726,0.026073
0.068854,0.025908,0.081828,0.155355,-0.047335,0.005174,-0.953565,-0.000831,-0.029152,0.061528,0.127918,0.041312,0.022765,0.052953,0.118012,0.082052,0.036010,0.049035,0.005875,0.042186
0.066252,0.046750,0.055828,0.070852,-0.043952,0.004414,-0.021256,-0.128326,-0.014187,0.053961,0.965961,0.037810,0.052108,0.056241,0.012908,0.097446,0.024340,-0.000593,0.098803,0.053848
0.073757,0.004539,0.083881,0.114532,-0.044467,-0.070521,-0.026311,0.000818,-0.021344,0.046436,0.007146,-0.003178,0.027899,0.065550,0.033516,0.973675,0.016162,0.023974,0.083290,0.045322
0.070280,0.008426,0.111973,0.046849,-0.038882,0.080815,0.042355,0.966544,-0.014517,0.047542,-0.068485,0.098026,0.029940,0.034256,0.045830,0.038641,0.082445,0.034978,0.070563,0.027926
0.154701,0.041420,-0.053111,-0.072460,-0.043253,0.021215,0.233384,0.051981,-0.020157,0.134331,-0.107583,0.078217,0.065527,-0.048474,-0.079051,-0.039044,-0.064334,-0.079904,-0.018813,0.919430
0.040784,-0.039207,-0.012421,0.029782,-0.002882,0.977537,0.041665,0.003063,-0.041451,0.037505,0.047747,0.088901,0.059884,0.047410,-0.001033,0.063707,0.102967,0.030388,0.024295,0.055759
