0.231376,0.038123,0.121298,0.026685,-0.071094,0.030822,0.061736,-0.157405,0.093718,0.417756,0.071087,-0.145014,0.023907,0.031083,0.221608,0.186465,0.013420,0.017688,0.771571,-0.066164
-0.127164,0.103414,0.209460,0.101809,0.015957,-0.014557,0.214973,0.015043,-0.030229,-0.093717,-0.092954,0.301774,0.012930,-0.186494,-0.079084,0.798871,0.094081,-0.120969,-0.204192,0.134201
-0.094001,0.219732,0.185445,0.048970,0.003142,0.043939,0.144913,-0.030088,0.045338,0.080137,-0.177169,0.806619,0.048154,-0.138120,0.063518,0.266757,0.200238,0.013518,-0.188259,0.139421
0.164441,-0.083826,0.055236,0.044241,-0.034055,-0.015688,0.025914,-0.064008,0.074262,-0.073739,0.938691,0.008466,0.030580,0.054617,0.115467,-0.008239,0.023381,0.039724,0.203085,-0.043563
0.927960,-0.050034,0.129828,0.060958,-0.051573,0.064314,0.052357,-0.189639,0.099985,0.013043,-0.007383,-0.032078,-0.013220,0.068189,0.161690,0.007711,0.005944,0.095396,0.054553,-0.126195
0.097398,-0.057119,0.098789,0.036267,-0.057337,-0.031966,0.044453,-0.119072,0.057093,-0.069579,0.936602,0.030863,0.028978,0.053971,0.171000,-0.016976,0.072578,0.036346,0.160389,-0.061977
-0.200884,-0.175146,0.232379,0.224638,-0.131618,0.144805,0.195532,-0.168549,0.172822,0.421864,0.117490,-0.243097,-0.182271,0.019798,0.379663,0.147037,-0.162930,0.219123,0.323369,-0.245621
0.060421,0.018463,0.180620,0.055889,-0.069847,0.059626,0.002596,-0.153838,0.083406,-0.068139,0.943251,-0.037773,0.001622,0.078058,0.070527,0.083655,0.010730,0.057158,0.006605,-0.062548
0.964044,-0.094476,0.100436,0.008903,-0.063284,-0.026291,0.002890,-0.105550,0.048144,-0.058489,-0.007611,0.000384,0.028054,0.064726,0.097917,0.049077,0.048721,0.006167,0.087735,-0.052940
-0.083121,0.033709,0.191839,0.027870,0.046958,0.004596,0.196279,0.008141,-0.040131,-0.088740,-0.128472,0.029977,0.002876,-0.168082,0.000531,0.886164,0.088103,-0.107791,-0.202282,0.113235
-0.267009,-0.022647,0.193291,0.042064,-0.058703,0.183467,0.326604,-0.172141,0.113837,-0.074650,0.110488,-0.040514,0.022484,0.086172,-0.145955,0.312931,0.133573,0.041702,0.722558,-0.120172
-0.112164,0.254088,0.134329,0.001844,0.009081,-0.012756,0.189299,-0.043616,0.069466,0.134411,-0.122467,0.838896,0.096949,-0.124110,0.062860,0.126999,0.173763,0.114183,-0.125798,0.145788
-0.019563,0.006631,0.110980,0.037841,-0.048255,0.067017,0.083884,-0.140582,0.102382,-0.199875,-0.022810,-0.072288,-0.009960,0.085947,0.061745,0.165980,0.042566,0.089773,0.920393,-0.013574
0.147303,0.058587,0.057873,0.027732,-0.046391,0.087362,0.030921,-0.116403,0.125824,0.899788,0.126982,-0.069625,0.040777,0.011826,0.253318,0.094909,0.048206,0.081985,0.060895,-0.110925
0.180945,0.056937,0.102275,0.019204,-0.057356,0.119503,0.057728,-0.094842,0.074641,0.788360,0.365781,-0.057102,-0.021852,0.050414,0.057824,0.052328,-0.020866,0.067405,0.380442,-0.018284
-0.121030,0.038188,0.151917,0.117467,-0.030456,-0.063447,0.200451,-0.068042,-0.045685,-0.132350,-0.122745,0.006135,0.043340,-0.130311,-0.031998,0.894488,0.046019,-0.095816,-0.145746,0.100067
-0.126476,-0.076603,0.214372,0.104237,-0.084315,-0.015351,0.028612,0.010659,0.048416,-0.089636,0.936215,-0.031008,-0.006723,0.062029,-0.049267,0.131600,0.033898,0.007712,0.017044,-0.007842
0.153591,0.083629,0.097514,-0.020582,-0.049750,0.017520,-0.041521,-0.093389,0.057688,-0.014876,0.360084,-0.008006,0.049773,0.099772,0.882177,-0.055740,0.027767,0.066994,0.065494,-0.098276
-0.120427,0.170200,0.182930,0.133856,-0.024271,-0.043282,0.189516,-0.015588,-0.003731,-0.040566,-0.220732,0.314470,0.067143,-0.168774,-0.017284,0.775467,0.133302,-0.073802,-0.230037,0.080503
0.020077,0.082189,0.128425,0.043704,0.047608,-0.092148,0.039717,0.041883,-0.029202,-0.101814,-0.061434,0.096900,-0.033423,-0.169730,-0.047535,0.923140,0.090063,-0.021825,-0.141422,0.151679
0.331568,0.008766,0.119979,0.008122,-0.077160,-0.042724,0.064008,-0.062566,0.043249,-0.064369,-0.027456,-0.059181,0.027459,0.066515,0.072033,0.126070,0.028522,0.013873,0.906495,-0.021549
0.163604,-0.087323,0.128616,0.046964,-0.034893,-0.033255,-0.027721,-0.044719,0.033239,-0.013781,0.965209,-0.007922,0.002719,0.028480,0.044061,-0.001162,0.005898,0.024181,0.068919,-0.025554
0.935136,-0.037878,0.097801,0.015555,-0.037383,0.117703,0.029162,-0.167235,0.108822,0.000832,-0.010452,-0.040556,-0.009115,0.101873,0.120252,-0.111640,0.040360,0.078024,0.062294,-0.087349
0.133157,0.010484,0.158146,0.015754,-0.084013,0.088509,-0.012511,-0.063790,0.077034,-0.132113,0.932245,-0.061914,0.030743,0.081326,0.031683,0.096516,0.041643,0.058253,-0.110593,-0.079027
-0.031320,-0.005000,0.034635,0.006024,-0.040242,0.104017,0.011198,-0.161066,0.142193,-0.151965,0.094905,-0.016905,-0.015571,0.146828,0.150554,0.009215,0.074761,0.081327,0.920448,-0.051643
0.175245,0.095452,0.014853,-0.112141,-0.021877,0.065254,0.013536,-0.207826,0.145408,0.167041,-0.074535,0.016189,0.029739,0.007172,0.897319,0.045781,0.069115,0.123740,-0.058735,-0.112500
0.040516,0.038385,0.099902,0.069154,-0.070109,0.034304,0.087116,-0.209003,0.086511,-0.133638,0.026030,-0.093250,0.030493,0.113795,0.154779,0.165404,0.078021,0.083281,0.900424,-0.032579
0.490801,0.055797,0.210289,0.183758,-0.085264,0.047675,0.001268,-0.081747,0.110653,-0.112772,0.460329,-0.214492,-0.018788,0.049715,-0.009891,0.010824,-0.025148,0.180609,0.570760,-0.129834
0.019101,-0.031980,0.214599,0.049329,-0.049458,0.020890,-0.004258,-0.104223,0.081638,-0.131718,0.461079,-0.043200,0.026687,0.081170,0.800823,-0.064914,0.093940,0.068190,-0.104854,-0.143485
0.003560,-0.035213,0.156275,0.021599,-0.055656,0.054037,-0.025112,-0.154988,0.140923,-0.069707,0.926951,0.014147,-0.000688,0.055354,0.086833,-0.083454,0.063011,0.115777,-0.065748,-0.140591
0.058826,0.030537,0.120397,0.093371,0.053010,-0.093555,0.028208,0.078353,-0.069771,-0.142931,-0.097414,0.069685,-0.018608,-0.175613,-0.062240,0.911398,0.004229,-0.052657,-0.168532,0.131737
0.147236,0.075843,0.071869,-0.029349,-0.050210,0.033563,-0.030750,-0.048736,0.050671,0.929693,0.133149,0.032336,0.029073,0.062596,0.213060,-0.085086,0.050143,0.049405,0.014421,-0.106502
0.284937,-0.025109,0.165103,0.027092,-0.050921,0.016541,0.043534,-0.131635,0.094562,-0.023919,0.104940,-0.016890,-0.036242,0.114045,0.006736,0.013394,0.008633,0.085426,0.905447,-0.074396
0.148490,-0.014616,0.196520,0.029292,-0.069165,0.007835,-0.034228,-0.058371,0.059281,-0.154729,0.877066,-0.109342,0.032791,0.045462,0.298107,0.134526,0.025242,0.025445,0.057776,-0.073826
0.100805,-0.070163,0.209808,0.004002,-0.040539,-0.005018,-0.026723,-0.085062,0.077086,-0.090286,0.927142,-0.014920,0.037576,0.073233,0.131000,0.037273,0.017722,0.084811,0.126118,-0.092819
0.308720,-0.071091,0.154032,0.038156,-0.055945,0.003033,-0.002182,-0.088648,0.044885,-0.074836,0.909584,-0.015821,0.010719,0.028700,0.071204,0.061745,-0.026578,0.030739,0.122175,-0.042983
-0.136744,0.193837,0.089116,-0.008464,0.013691,0.059942,0.242049,-0.020631,-0.029733,-0.014734,-0.078605,0.707115,0.062722,-0.123450,-0.034838,0.431408,0.148380,-0.060866,-0.225118,0.287628
0.868873,-0.062694,0.097598,0.080120,-0.082039,0.049310,-0.043740,-0.161749,0.092297,-0.078907,0.214045,-0.131553,0.008596,0.093774,0.045510,0.277786,-0.054034,0.079028,0.013075,-0.112427
0.050274,-0.038752,0.113181,0.004168,-0.042340,0.020683,0.048424,-0.104740,0.054520,-0.086096,0.117639,-0.059178,0.029432,0.080708,0.190275,-0.008561,0.042286,0.023327,0.942938,-0.068987
0.065548,0.091537,0.162789,0.042960,-0.071673,0.039314,0.075100,-0.212991,0.159394,-0.086521,0.218154,-0.117999,-0.020547,0.049974,0.193917,0.135613,-0.015447,0.156050,0.842183,-0.118772
0.157818,-0.114900,0.065538,0.030336,-0.075792,0.008182,0.075398,-0.102423,0.058986,0.920266,0.107243,0.016341,0.062344,0.125868,0.125738,0.097739,0.144862,0.050121,-0.003120,-0.062877
-0.088052,-0.035262,0.164332,0.114335,-0.002267,-0.061942,0.097856,0.039145,-0.042544,-0.184571,-0.149933,0.264716,0.084244,-0.137260,-0.039950,0.832561,0.066287,-0.144707,-0.185432,0.164725
0.144472,-0.036431,0.160860,0.019719,-0.059593,0.004508,-0.006385,-0.041612,0.055124,-0.052513,0.957392,-0.050370,-0.002536,0.035537,0.066537,0.002701,-0.004273,0.033486,0.103741,-0.060440
0.110181,-0.028841,0.213724,0.015926,-0.039900,0.018604,-0.071676,-0.038119,0.139511,-0.126489,0.937740,0.022029,-0.008387,0.059476,0.022655,-0.033176,0.063915,0.013038,-0.086964,-0.014955
-0.087180,0.105187,0.076559,-0.036721,-0.062801,0.026946,0.037515,-0.168240,0.211435,-0.178130,0.204004,-0.065148,-0.020153,0.051779,0.055650,0.206447,0.074830,0.082765,0.865267,-0.086633
0.846626,-0.054793,0.125128,0.023869,-0.038001,-0.048667,-0.031709,-0.052369,0.046938,-0.046585,-0.012631,-0.026410,0.042309,0.029516,0.050928,0.101227,0.002469,0.006481,0.483583,-0.042446
0.365834,0.016707,0.150050,0.144517,-0.065551,0.099405,0.130481,-0.151662,0.099765,0.837049,-0.048049,-0.114371,-0.005028,0.009595,0.066067,0.178598,-0.002968,0.034170,0.039850,-0.056073
0.072570,0.053435,0.147610,0.028456,-0.082838,0.052991,0.002690,-0.114632,0.159166,0.695147,0.116793,-0.102733,-0.009313,0.177732,0.584022,0.035261,-0.006051,0.125364,0.022019,-0.153187
0.165307,0.018072,0.145930,0.003562,-0.080306,0.066401,-0.018737,-0.034764,0.073989,-0.122638,-0.175533,-0.021038,0.045430,0.004202,0.915883,0.157658,0.063105,0.045738,-0.102450,-0.067101
0.020062,-0.023188,0.174241,0.086203,-0.071688,0.066541,-0.022642,-0.133318,0.111299,-0.038812,0.927638,-0.085912,-0.004092,0.057226,0.104965,0.122071,-0.009517,0.061673,0.089937,-0.102156
0.144128,-0.009854,0.100154,0.043098,-0.069957,0.031504,0.081158,-0.149294,0.124357,0.220595,0.060091,-0.378596,-0.039687,0.193470,0.287441,0.012508,-0.013127,0.473919,0.598373,-0.129619
0.121252,0.088957,0.047615,0.094311,-0.073095,0.129244,0.135867,-0.174484,0.220407,0.614276,-0.063361,-0.124390,0.086439,0.215920,0.090789,0.130219,0.550952,0.135337,-0.186851,-0.117472
0.298663,-0.041658,0.123523,0.007910,-0.077197,-0.047761,0.024750,-0.024383,0.071834,-0.084007,0.926240,-0.012025,0.031879,0.010162,0.026282,0.086419,0.000861,0.015620,-0.005516,-0.066792
0.175476,0.099015,0.098624,0.015960,-0.053593,0.069788,0.016582,-0.134923,0.064457,0.941817,0.076907,0.010787,-0.010232,0.054703,0.001127,-0.052215,0.032553,0.080295,0.069183,-0.088760
0.906845,-0.020586,0.099795,0.011014,-0.018483,0.158636,0.034633,-0.166272,0.113008,-0.078821,-0.049599,-0.070515,-0.006040,0.186419,-0.015658,0.079669,0.018851,0.146131,-0.139390,-0.061967
0.291279,0.042014,0.058789,0.003562,-0.038410,0.098285,-0.001604,-0.192513,0.093423,-0.001735,-0.095513,-0.063950,0.023577,0.055337,0.887568,0.095927,0.034675,0.124503,0.108428,-0.103553
0.903242,0.014785,0.014607,0.085937,-0.045343,0.132119,-0.060058,-0.189153,0.156699,-0.106874,0.025420,-0.057224,-0.014352,0.074119,0.084509,0.085022,0.017207,0.188318,-0.114623,-0.092594
0.118673,-0.014391,0.134515,-0.000956,-0.071223,0.050788,0.019523,-0.128535,0.090024,-0.140905,0.108095,-0.092518,0.002288,0.077403,0.141019,0.102728,-0.017802,0.036376,0.922432,-0.076813
0.199479,0.107769,0.104585,0.020826,-0.062688,0.105282,0.002554,-0.084568,0.076652,0.898318,0.096518,-0.036309,0.017228,0.017798,0.258688,0.048905,0.001599,0.101282,0.077720,-0.073067
0.024061,0.013584,0.132093,0.028267,-0.049935,0.034095,0.098300,-0.193427,0.126516,-0.143366,0.045531,-0.050154,0.004935,0.113071,0.134541,0.097341,0.071319,0.049358,0.916352,-0.038707
0.114470,-0.032774,0.134471,0.015716,-0.022258,0.043756,-0.030060,-0.096246,0.115480,0.890924,0.189533,-0.005120,0.060620,0.076368,0.243069,-0.015448,0.104385,0.073213,0.121597,-0.109616
0.112889,-0.062207,0.081066,0.032100,-0.065558,0.019974,0.088227,-0.112679,0.042533,0.007201,0.145871,-0.027000,0.049176,0.081465,0.095447,0.104441,-0.014723,0.034804,0.945749,-0.042390
-0.067853,0.013988,0.202592,0.050974,-0.039353,-0.041021,0.137862,0.032614,-0.041521,-0.148787,0.023072,0.077855,0.054272,-0.059283,-0.095322,0.917536,0.092696,-0.070143,-0.136246,0.091152
0.218783,-0.018160,0.111502,0.002044,-0.061069,-0.055728,0.060334,-0.062711,0.042000,-0.069173,-0.001482,-0.022779,0.035138,0.081811,0.140419,0.088338,0.075919,0.018550,0.936017,-0.014303
