0.144616,0.052920,0.036766,-0.001021,0.003334,0.049974,0.007487,-0.007836,-0.003459,0.042446,0.031387,-0.001057,0.050491,0.222962,0.003821,0.080762,0.948686,-0.036033,0.071470,0.065548
-0.006913,0.143716,-0.112577,0.017612,0.059207,0.164127,-0.013100,0.079517,0.016029,0.113223,-0.149098,0.081613,0.085008,-0.125146,0.054098,0.116657,0.890121,-0.054269,-0.132721,0.187378
0.018218,0.076343,-0.052486,-0.051598,0.080341,0.198101,0.029669,-0.172470,0.035622,0.066897,-0.087967,0.084934,0.045302,-0.106408,0.012429,0.176283,0.898249,-0.048762,0.102443,0.164537
0.015451,-0.025454,0.047407,0.978571,-0.024503,0.125617,0.003745,-0.018756,-0.000933,0.008388,0.019174,0.036208,0.075514,0.033345,0.013135,0.033767,0.056216,-0.011674,0.071325,0.065253
0.042159,-0.010050,0.015478,0.068371,-0.030434,0.139836,-0.006556,-0.074209,-0.009732,0.010559,0.968629,0.000098,0.063211,0.004866,-0.007202,0.057764,0.132557,-0.031041,0.049787,0.017552
0.970032,0.011263,-0.000047,0.027864,-0.006936,0.080624,0.024183,-0.034413,0.028232,-0.006107,0.038496,0.005203,0.075679,0.035818,-0.026605,-0.001512,0.120204,-0.006864,0.049003,0.151182
0.011857,0.080231,0.030573,0.231840,-0.176407,0.181412,-0.212802,0.440942,0.034083,0.095097,0.427967,-0.186187,0.130179,-0.059567,0.137662,0.394302,0.389590,-0.094323,-0.031283,0.224483
0.014492,-0.000974,0.089129,0.960472,-0.051552,0.055289,0.034702,-0.046768,0.011556,0.061424,-0.146687,0.089832,0.042889,0.050172,0.036985,0.016816,0.075706,0.022162,0.025215,0.117787
0.080825,-0.012845,-0.019674,0.044293,-0.017528,0.140925,-0.006517,-0.011744,-0.021636,0.000401,0.027874,0.030409,0.050775,-0.006509,0.012418,-0.012755,0.981198,0.000680,0.044485,0.027742
-0.022226,0.080479,-0.087809,0.001967,0.916715,0.166102,0.025247,0.028689,-0.032804,0.075179,-0.146604,0.070768,0.070793,-0.097394,0.003095,0.128618,-0.128003,-0.060692,0.029244,0.175206
0.057029,0.139262,-0.031015,-0.105928,-0.158899,0.149959,0.198093,-0.146455,0.016157,0.188276,0.857797,0.047809,0.144055,-0.013971,0.088647,-0.099449,-0.109020,-0.063177,0.070217,0.153073
0.025309,0.006956,-0.039495,-0.067415,0.000511,0.220372,0.026321,-0.040718,-0.000208,0.123293,-0.004014,0.098083,0.096819,-0.150013,0.889790,0.171303,0.108550,-0.076563,0.155165,0.150945
0.088841,0.029252,0.075018,-0.030588,-0.016671,0.970119,0.008781,-0.080224,0.015641,0.065982,-0.069612,0.065833,0.087097,-0.034794,0.014175,0.016883,0.019726,-0.012287,0.094809,0.064635
0.068418,0.074314,0.094691,0.106346,-0.043092,0.092852,-0.077095,-0.058471,0.002766,0.039342,0.066828,-0.071466,0.077618,0.946390,0.040882,0.161293,0.051393,-0.007658,0.039112,0.070402
0.032004,0.011851,0.053201,-0.031571,-0.014971,0.044249,0.003637,-0.034781,-0.020899,0.066683,0.983984,0.055534,0.037115,0.016050,0.047168,0.043401,0.000941,0.019236,0.039601,0.087906
0.071464,0.023408,-0.163314,0.003786,-0.113240,0.165905,0.086701,0.870445,-0.002828,0.151382,-0.107938,-0.026822,0.104610,0.215638,-0.013213,0.097710,-0.058399,-0.014893,-0.042527,0.232852
0.079548,0.031648,0.013546,-0.114761,-0.000593,0.102574,0.082970,-0.028945,0.006433,0.054904,0.022239,0.090859,0.019616,0.008396,-0.022123,0.024076,0.972304,0.006303,0.025814,0.040779
0.013233,-0.002108,0.082622,0.117328,-0.031090,-0.011318,0.031075,0.019208,0.010576,0.039574,-0.036584,0.104485,0.038032,0.077636,0.095437,0.964524,0.016085,0.039971,0.004558,0.118745
0.013706,0.142486,-0.133786,-0.012895,0.029368,0.103932,0.063575,0.117356,0.079964,0.132254,-0.132609,0.026799,0.089388,0.790071,0.028675,0.081900,0.387038,-0.020769,0.257099,0.183618
0.002293,0.027544,-0.090824,0.016757,0.028896,0.113779,0.078300,0.116862,-0.039606,0.152069,-0.125190,0.147564,0.123965,0.018252,0.006588,0.093100,-0.099670,-0.070007,0.909464,0.169189
0.124014,0.006775,0.014507,0.978587,0.003498,0.046894,0.065455,-0.024441,0.029692,0.027009,0.051523,0.063256,0.059275,-0.023687,-0.014138,0.042017,-0.030646,-0.024172,0.024644,0.056573
0.062549,0.026705,-0.021210,0.041900,-0.022306,-0.036683,0.079344,-0.112299,0.011372,0.022160,0.100974,0.051126,0.040759,0.046187,0.003387,0.970863,0.089433,0.014490,0.055727,0.035994
-0.002213,-0.010639,0.017666,0.047496,-0.035379,0.108170,-0.048364,-0.072151,-0.019514,0.022783,-0.114262,-0.015143,0.073487,0.028424,0.017860,0.968321,0.087883,-0.001911,0.095936,0.039101
0.050310,0.020706,0.050798,-0.016008,-0.034261,0.008490,-0.008886,-0.072458,0.019556,0.030026,0.024243,0.025680,0.033414,-0.007062,0.015437,0.972451,-0.002640,0.019691,0.083585,0.175074
0.021812,0.053179,0.009317,0.068000,-0.083630,0.079986,-0.098825,-0.116373,-0.081803,0.068514,0.956196,-0.093467,0.063371,0.016063,0.012972,-0.019099,-0.029042,-0.012729,0.091708,0.081424
0.052743,-0.029770,0.093172,0.061904,-0.036837,0.040059,-0.054586,-0.129551,-0.007794,0.085124,0.963466,-0.064102,-0.017115,0.020176,0.053173,0.031813,0.077373,0.056578,0.039771,0.078119
0.060300,0.056568,0.048170,0.044998,-0.031530,0.102466,-0.006263,-0.104227,0.011960,0.946329,-0.040076,-0.059168,0.053310,-0.003311,0.015023,0.048126,-0.043128,-0.025737,0.035040,0.237674
-0.110102,0.064213,0.069429,0.048963,-0.000415,0.042950,0.030145,0.027322,-0.007040,0.043327,-0.034959,0.025969,0.024892,-0.015602,0.010256,0.157199,0.896525,-0.013631,0.362480,0.090551
0.087182,0.032567,0.058971,0.105370,-0.031994,-0.016423,-0.009947,-0.014069,0.012941,0.102977,0.975229,0.039479,0.026717,0.011273,0.063737,0.038818,-0.022017,0.003916,0.043731,0.054256
0.112538,-0.024073,0.005801,0.047859,-0.028966,0.019612,-0.051517,-0.104913,-0.010180,0.062845,0.948698,-0.077874,0.056138,0.112197,-0.025438,0.064929,0.113010,0.005822,0.078089,0.141057
-0.002302,0.012316,-0.086502,0.056839,0.083712,0.074473,0.029472,-0.042038,-0.056818,0.090958,-0.141214,0.013131,0.063114,0.044906,-0.037649,0.043561,-0.044805,0.174677,0.936694,0.151967
0.063569,-0.035303,0.062881,0.183766,0.007873,-0.063822,0.030124,0.070636,0.003587,0.017770,0.939604,0.099177,0.012206,0.033567,0.063200,0.083096,0.186107,0.038341,0.060140,0.045153
0.126907,0.020537,-0.016143,-0.000011,-0.036491,0.047687,0.055205,-0.086881,0.017951,0.047876,0.974155,-0.005848,0.060000,0.024791,-0.027857,0.092723,0.016322,-0.011041,0.046654,0.035090
0.056638,0.038219,0.042637,0.070106,-0.022241,0.976090,0.022535,-0.051086,0.005319,0.017731,0.052977,0.052236,0.037804,0.016111,0.031662,-0.079383,0.020377,0.017564,0.064470,0.111730
-0.007878,-0.024699,0.097568,0.024897,-0.044672,-0.011684,0.072812,-0.020018,0.046988,-0.014110,0.971182,0.069760,0.051569,0.058046,-0.014155,0.067971,0.012980,0.016200,0.127272,0.058372
0.084289,0.013781,0.041865,0.053631,-0.019732,-0.047199,0.048815,0.963388,0.006608,0.069064,0.090943,0.063392,0.046452,0.100316,0.040224,-0.074245,0.071203,0.025387,0.078286,0.081627
0.097596,0.103749,-0.047700,-0.098008,-0.017549,0.136902,0.110869,0.873128,0.058888,0.165060,-0.115344,0.142820,0.022395,-0.171160,0.016992,0.122389,-0.142863,-0.088140,0.040774,0.186590
-0.013531,0.104686,-0.001985,0.171486,-0.040235,0.194763,-0.005946,-0.051795,0.023011,0.038466,0.089459,0.029901,0.081082,-0.038186,0.000950,0.041539,0.945229,-0.015111,0.052368,-0.009088
0.113148,0.019595,0.051709,-0.105137,-0.001992,0.036415,-0.005782,-0.031624,0.008736,0.019409,-0.033158,0.060820,0.062128,-0.032056,0.016727,0.968921,0.121204,-0.017797,0.077353,0.022481
0.143203,0.046011,0.034649,0.075548,-0.174355,0.061936,0.015741,-0.124209,0.034825,0.087076,0.911327,-0.121595,0.060537,0.047355,0.077819,0.028276,-0.045043,-0.010871,-0.019474,0.226209
0.083227,-0.010825,-0.009011,-0.007770,-0.007123,0.047918,-0.013800,-0.034098,0.028183,0.054129,0.028539,-0.006993,0.073709,0.003109,0.005573,0.042327,0.118411,0.005389,0.050799,0.980118
0.118507,0.013113,-0.164965,0.057999,-0.074146,0.112408,0.107904,0.820051,-0.032017,0.126874,-0.130670,-0.063217,0.092727,-0.033554,0.397492,0.055293,-0.013448,0.019214,-0.059321,0.199757
0.036105,0.034499,0.040142,-0.013554,-0.012932,0.037575,0.054318,-0.036701,-0.002514,0.030409,0.094409,0.082063,0.025741,0.039285,0.025441,0.975664,0.094153,0.030677,0.037527,0.085257
0.017011,0.030746,0.048890,0.042107,0.016214,0.012302,0.028282,-0.108364,-0.005348,0.070820,0.981259,0.071364,0.025991,0.022204,-0.003637,0.069135,0.032100,-0.006581,0.018994,0.035255
0.119345,0.067789,0.011568,0.124512,-0.090429,0.049425,-0.000487,-0.166621,-0.084954,0.086612,0.926833,-0.140154,0.010598,0.058608,0.007462,0.082407,-0.026188,0.007252,0.042672,0.144248
0.040987,0.010433,0.017813,-0.051372,-0.022129,0.102186,0.047707,-0.019402,0.008214,0.001978,0.066762,0.074166,0.041608,0.000966,0.019539,0.974267,0.124297,0.008613,0.061802,0.031436
0.025454,0.080282,0.015264,0.042055,0.001293,0.980838,-0.006499,-0.065956,-0.001915,0.029927,0.021473,0.039458,0.055626,-0.049911,0.042497,-0.069139,0.087918,-0.000240,0.036286,0.018261
0.053239,0.049814,0.086328,0.179987,-0.072766,0.014394,-0.053924,0.055102,-0.000159,0.144680,0.133131,0.049353,0.059770,0.935733,0.045383,0.045834,-0.077916,0.022626,0.016477,0.110065
-0.023149,0.046156,0.082721,0.973241,-0.017314,0.070078,-0.036845,-0.050445,-0.023819,0.010158,0.047458,0.039035,0.010578,0.010534,0.031244,-0.119977,-0.031903,0.019910,0.040801,0.105170
0.098951,0.031681,0.089709,0.141934,-0.051731,0.959227,-0.015613,0.008997,-0.018991,0.080623,-0.052060,0.040466,0.041199,-0.058450,0.024893,0.097779,-0.024227,-0.015423,0.042213,0.093737
0.068586,-0.020148,0.121714,0.055458,-0.063303,-0.015043,-0.025922,0.065188,0.052006,0.100157,0.957074,0.052136,0.056580,0.040822,0.025035,0.040486,-0.097478,-0.007263,0.054967,0.129189
0.021350,0.061042,0.114116,0.051121,-0.051801,0.062801,-0.020010,-0.067892,0.069783,0.106047,0.826782,-0.030154,0.140168,-0.079900,0.013351,0.429978,0.178968,-0.034470,0.092474,0.122850
0.077156,0.018321,-0.008304,-0.022938,-0.013007,0.230057,0.098929,-0.039445,0.009648,0.006029,0.023006,0.072223,0.054359,0.023923,-0.010423,-0.042475,0.951181,0.007796,0.050398,0.100087
0.070348,0.008398,0.038444,0.099074,-0.031955,-0.018556,-0.038998,-0.023047,-0.001165,0.127763,0.964072,0.022386,0.017567,0.084272,0.042738,-0.040189,-0.047288,0.040889,-0.021704,0.137032
-0.054387,-0.035200,0.109448,0.017908,-0.019670,0.098008,-0.062605,-0.087250,0.009179,0.061828,-0.259563,0.125713,0.116912,-0.026923,0.041675,0.914521,-0.020910,0.001871,0.141889,-0.042942
0.033331,0.005576,0.091910,0.070694,-0.030057,0.117074,-0.039049,-0.101234,0.009492,0.082294,0.962419,-0.014423,0.071091,0.022700,0.076812,0.008407,0.040340,0.004980,0.023311,0.109422
0.003815,0.028636,0.053960,0.185154,-0.109013,0.109953,-0.081858,-0.173252,-0.032427,0.049690,0.921757,-0.078950,0.098225,0.036566,0.007182,0.087175,-0.082178,0.016306,0.101457,0.077087
0.048896,0.056363,0.051622,0.086795,-0.044194,0.053569,-0.019231,-0.042693,0.017151,0.003287,-0.006678,0.017721,0.045472,0.978989,-0.017057,0.071214,-0.005914,-0.029194,0.098842,0.007009
0.053739,0.009425,0.064992,0.116295,-0.029195,0.035309,-0.042147,-0.006501,-0.021840,0.077496,0.126767,0.021024,0.031048,0.961493,0.058610,0.073878,0.038278,0.020934,0.014047,0.126241
0.120141,0.053732,0.086675,0.948806,-0.021323,0.046201,0.010248,-0.082315,0.021185,0.061658,-0.207356,-0.010476,0.075180,0.014694,0.030582,-0.032324,-0.027454,-0.040818,0.059620,0.065449
0.910569,-0.012852,0.065006,0.062037,-0.013713,0.049138,-0.078753,-0.011001,-0.010554,0.002368,-0.015870,-0.060149,0.056809,0.001912,0.006844,0.333517,0.115279,0.007947,0.135429,0.059224
0.060773,0.008636,0.041443,-0.039191,-0.029052,0.032800,0.035757,-0.033768,0.025352,0.050207,0.057442,0.056751,0.064686,0.979258,0.000354,-0.006871,0.098854,-0.023815,0.069180,0.025557
0.160733,0.030532,-0.141260,-0.016725,-0.092243,0.089242,0.157462,-0.028291,0.010525,0.152096,-0.082544,0.900846,0.088949,-0.059427,-0.019251,0.045798,-0.078959,0.021362,0.015905,0.220213
0.098572,-0.018983,-0.008512,-0.041399,-0.002151,-0.026653,0.033679,-0.034648,0.030172,-0.031349,0.045324,0.037956,0.068220,0.004795,0.002922,0.039920,0.979093,-0.015514,0.016512,0.119513
