0.163766,0.059168,0.008020,0.036226,0.005268,0.079389,0.009061,-0.041643,0.031576,0.033753,0.099627,-0.024343,0.064949,0.006327,0.020656,0.052697,0.966518,-0.042936,0.052380,0.035989
-0.038654,0.124842,-0.151804,0.060705,0.063688,0.195468,-0.004888,0.014294,0.015930,0.103819,-0.171706,0.060527,0.095157,0.893200,-0.053207,0.148748,-0.000448,0.049241,-0.067211,0.175383
0.018309,0.022343,-0.066305,-0.013655,0.064354,0.164960,0.011456,0.924602,0.036800,0.022927,-0.061601,0.040334,0.081924,-0.093663,-0.033074,0.175826,0.185668,-0.028636,0.105295,0.083872
0.117102,-0.034791,0.016138,0.022334,-0.026108,0.046391,0.007208,-0.021797,0.028072,-0.024317,-0.008815,0.021875,0.081883,0.016962,0.028111,0.052637,0.976326,-0.012346,0.055794,0.109495
0.050651,-0.014613,-0.010038,0.029426,-0.007584,0.973019,0.008786,-0.070082,0.038275,-0.013987,-0.004158,-0.021857,0.073692,-0.068009,0.021692,0.081849,0.137088,-0.050223,0.061128,-0.002884
0.378475,0.013075,0.004253,0.017665,-0.013688,0.088506,0.015721,-0.049973,0.068629,0.009343,0.898092,-0.001978,0.085834,0.013102,-0.015237,0.010517,0.053810,-0.014823,0.057481,0.140776
0.155797,-0.038014,-0.015167,0.270575,-0.150804,0.303767,-0.258646,0.338826,0.051838,0.019765,0.376920,-0.274311,0.071587,0.229531,0.083020,0.404189,-0.229372,-0.086013,0.152880,0.268847
0.039584,-0.014158,0.071136,0.047768,-0.073659,0.099332,0.030196,-0.032486,0.034346,0.951401,0.000359,0.053784,0.044336,-0.064641,0.063411,0.078881,-0.026211,0.004592,0.042405,0.213308
0.139057,0.003854,-0.031883,0.098080,-0.023515,0.122120,0.005136,-0.033748,0.021315,0.021726,0.057103,0.023354,0.056333,-0.023497,0.009187,0.045050,0.017135,-0.007949,0.047715,0.969626
-0.046283,0.041007,-0.123655,0.014223,0.064855,0.198459,0.018209,-0.079919,-0.033213,0.081360,-0.159824,0.057702,0.067782,-0.122005,0.905962,0.134508,-0.009466,0.123833,0.056499,0.129694
0.041893,0.116228,-0.034761,0.009811,-0.157050,0.160190,0.217430,-0.112971,0.096011,0.007392,-0.211341,0.004975,0.121499,-0.160513,0.106470,-0.093790,0.842524,-0.056364,0.030097,0.210990
0.033805,0.003318,-0.060724,-0.029501,-0.003627,0.213148,0.055881,-0.111022,0.016931,0.064411,-0.020989,0.062983,0.111256,0.462647,0.745880,0.185360,0.279262,-0.015475,0.099420,0.139017
0.050285,0.009061,0.107646,0.062987,-0.005497,0.044990,0.039930,-0.045499,0.100359,0.021972,0.953559,0.040109,0.081927,-0.080130,0.059389,0.041534,-0.099625,-0.040831,0.069808,0.140807
0.093293,0.058805,0.032045,0.137963,-0.016492,0.063455,-0.039564,-0.102303,0.026229,0.021325,0.112100,-0.070598,0.065905,-0.028545,0.042544,0.068887,0.955175,-0.020715,0.028561,0.086243
0.072363,0.016621,0.117510,0.144327,0.000541,0.072160,0.049158,-0.044246,0.012441,0.042259,0.030148,0.040369,0.048031,0.955812,0.038919,0.109926,-0.079632,-0.007573,0.060146,0.079314
0.090922,0.025410,-0.168523,0.047375,-0.089924,0.237329,0.038019,0.319305,-0.026330,0.162690,-0.100135,0.166489,0.109844,-0.104300,0.814960,0.059360,0.020432,0.039324,0.013257,0.186967
0.092000,0.029359,-0.002944,0.090016,-0.008317,0.128534,0.076477,-0.011993,0.021056,0.038351,0.058924,0.048231,0.015097,-0.043756,-0.005268,-0.013011,0.972437,0.013249,0.047378,-0.043298
0.020426,0.001576,0.071232,0.017553,-0.038229,0.014856,0.014034,0.010742,0.015346,0.047868,0.042093,0.075633,0.041786,0.051462,0.086399,0.965345,0.016718,0.033342,0.041366,0.187970
-0.020415,0.103445,-0.161443,0.006990,0.004066,0.224752,0.019473,0.922244,0.054068,0.079266,-0.139980,-0.007964,0.070039,-0.011140,0.009869,0.071686,0.096027,0.024991,0.090338,0.064723
-0.033116,0.009625,-0.103281,0.025377,0.058186,0.162825,0.057702,-0.071871,-0.044080,0.116376,-0.122630,0.116250,0.118085,-0.089804,-0.067410,0.106035,0.001646,0.144453,0.905181,0.164472
0.138582,0.016154,-0.001933,-0.038756,-0.000214,0.007748,0.034211,-0.033235,0.061116,0.010148,0.073037,0.045980,0.072892,0.015232,0.018115,0.035380,0.973204,-0.029093,0.032092,0.096329
0.089814,0.003867,-0.028601,0.105753,-0.022245,0.153337,0.056715,-0.068582,0.026248,0.019392,0.101551,0.039246,0.039833,-0.092817,0.004665,0.956629,0.073352,0.011249,0.048431,0.043080
0.092660,-0.024923,0.009741,0.006460,-0.027391,0.085039,-0.065904,-0.086097,0.001711,0.004453,0.956230,-0.044777,0.056974,-0.054955,0.022847,0.114474,0.158499,-0.013097,0.085703,0.044541
0.141311,-0.002431,0.087669,0.097568,-0.049872,0.094699,-0.020186,-0.086438,0.031171,-0.002643,0.085067,-0.002713,0.017320,-0.076341,-0.001995,0.928166,-0.205406,-0.002798,0.072249,0.142194
0.104001,0.012140,0.052802,0.126890,-0.051497,-0.062018,-0.050152,-0.122091,-0.099746,0.077376,0.943591,-0.099176,0.021140,-0.042408,-0.004766,0.122416,0.017185,-0.007165,0.101998,0.045688
0.083980,-0.033310,0.093162,0.107830,-0.023639,0.034965,-0.018224,-0.115830,0.000371,0.016843,0.961077,-0.074255,0.003749,-0.080859,0.021132,0.021326,0.023784,0.028976,0.060639,0.118318
0.114001,0.035776,0.080070,0.067747,-0.018089,0.077065,0.009242,-0.082662,0.054630,0.026029,0.972388,-0.045607,0.060737,-0.036234,0.014730,0.032353,0.022663,-0.040699,0.031581,0.028721
0.100519,0.068271,0.038686,0.125517,0.009892,0.117845,0.008316,0.036909,0.026475,0.035046,0.031595,-0.036343,0.034753,0.951068,0.020907,0.154169,-0.006587,-0.032973,0.104848,0.079069
0.049677,0.014614,0.019196,0.045219,-0.037907,0.025169,0.027056,-0.010277,0.026901,0.066161,0.975114,0.031379,0.022007,-0.096962,0.050298,0.063362,0.011863,-0.008572,0.077192,0.111626
0.121282,-0.057706,-0.009730,0.085489,-0.014898,-0.006108,-0.033090,-0.113536,0.002845,-0.054195,0.932026,-0.100404,0.044682,-0.025755,-0.013237,0.145276,0.136894,-0.029510,0.061230,0.176957
-0.004472,0.002383,-0.106968,-0.000991,0.057397,0.138208,0.014238,0.926266,-0.071944,0.075181,-0.130550,0.038925,0.065241,-0.007294,-0.038612,0.047197,-0.032487,0.243697,-0.067052,0.074897
0.051483,-0.023929,0.044040,0.059712,-0.003726,-0.047808,0.043700,0.050487,0.023991,0.051732,0.608035,0.070262,0.026769,0.663472,0.043550,0.047766,0.023878,0.056512,0.130246,0.375234
0.095156,-0.000573,-0.011476,0.080178,-0.014809,0.023182,0.067965,-0.095441,0.030780,-0.013951,0.972138,-0.028531,0.057483,0.008459,-0.017834,0.064972,0.069646,-0.037433,0.039162,0.084798
0.081452,0.013157,0.025183,0.125747,-0.026378,0.041161,0.004752,-0.042703,0.045136,0.006926,0.089679,0.047258,0.025371,0.274225,0.010086,0.931856,-0.033255,-0.012864,0.066275,0.100917
-0.006370,-0.056619,0.093286,0.018399,-0.045700,0.042959,0.096878,-0.023071,0.052470,-0.054686,-0.094459,0.043824,0.047002,-0.018313,0.005201,0.932019,0.253140,-0.001925,0.119478,0.087664
0.063411,0.011801,0.004913,0.061428,-0.028212,0.063685,0.036560,-0.030064,0.039101,0.035654,0.125668,0.056250,0.041303,0.959086,0.011393,0.016096,0.178354,-0.002039,0.077103,0.059105
0.032085,0.063171,-0.072987,-0.083158,0.062661,0.167891,0.066466,0.885209,0.064630,0.153964,-0.121127,0.140672,0.048004,-0.136865,-0.056152,0.185385,0.113633,-0.050667,0.067603,0.147184
-0.024560,0.075478,0.005240,0.122135,-0.019231,0.259483,0.003608,-0.068037,0.063620,0.058909,0.312796,0.001896,0.045085,0.274616,0.034280,0.082549,0.844448,-0.038536,0.017160,0.027222
0.136753,0.013981,0.046847,0.009481,-0.007230,0.973938,-0.020332,-0.021895,0.025538,-0.052826,-0.029470,0.008847,0.069149,-0.010884,0.032428,0.039396,0.008318,-0.025430,0.126029,-0.028753
0.154847,0.010798,0.003946,0.088878,-0.162511,0.070535,0.075846,-0.125466,0.032441,0.054298,0.909585,-0.129181,0.069780,-0.006131,0.064877,0.051065,-0.059997,-0.002687,-0.016153,0.226905
0.968519,-0.009533,-0.023833,-0.059651,-0.019525,0.039123,-0.029093,-0.008339,0.058596,0.016770,0.150635,-0.029228,0.045418,-0.015938,-0.002159,0.037103,0.009998,-0.022739,0.049243,0.144658
0.116770,0.013385,-0.230778,0.010441,-0.077813,0.222550,0.074995,0.892564,-0.028877,0.165804,-0.089672,0.022524,0.107051,-0.055856,-0.020542,0.027221,0.022659,0.073684,0.018052,0.126710
0.047009,0.026481,0.038284,0.074732,-0.021200,0.077870,0.060039,-0.026268,0.033331,0.016448,0.098754,0.047742,0.021344,-0.005743,0.024110,-0.102078,0.970917,0.009016,0.052717,0.093740
0.056464,0.003947,0.033843,0.974320,-0.001450,-0.036311,0.057429,-0.080312,0.022935,0.010225,-0.085322,0.049751,0.033677,-0.078401,0.048306,0.059024,-0.059663,-0.002055,0.077313,0.047516
0.203223,0.019468,0.063321,0.123017,-0.044849,0.077018,0.026644,-0.167772,-0.094351,0.097823,0.915392,-0.136795,0.009364,0.011632,0.002660,0.079398,-0.043288,0.019992,0.044666,0.128252
0.052003,0.006098,-0.002694,0.161997,-0.029744,0.154010,0.047006,-0.036662,0.025272,0.013268,0.063868,0.043924,0.034873,0.033667,0.016495,-0.056135,0.963312,-0.008320,0.047050,-0.001472
0.071275,0.060029,0.050051,0.293655,-0.004158,0.192485,0.025301,-0.031545,-0.896391,0.015067,0.006176,-0.013492,0.053484,-0.206956,0.066423,0.022603,-0.022467,-0.013674,0.087104,0.031905
0.078037,0.064318,0.037616,0.146318,-0.067494,0.025604,-0.016778,0.019668,0.036368,0.070678,0.097702,0.002096,0.053833,0.941464,0.005517,0.045917,0.018226,0.025762,0.076147,0.216831
0.014077,0.017912,0.055186,0.141797,-0.014032,0.046714,-0.002012,-0.043267,0.021611,0.026964,0.048823,0.025737,0.002582,-0.016007,0.039346,0.013941,0.976306,-0.000966,0.034738,0.106995
0.103314,0.035380,0.027935,0.113939,-0.042941,0.085454,-0.044937,0.010892,0.019473,0.019252,0.063580,0.029626,0.035823,0.946677,0.028770,0.018223,0.136138,-0.008549,0.083555,0.182017
0.047016,-0.032365,0.830674,0.123937,-0.034396,-0.007323,0.031618,0.315016,0.064200,0.064609,-0.093276,0.068430,0.066349,0.207771,0.055904,0.087239,-0.055654,-0.014548,0.246453,0.214140
0.056527,0.037675,0.100692,0.129026,-0.031013,0.125896,0.002382,-0.062042,0.080760,0.088944,0.003351,-0.027558,0.268804,0.352501,0.050605,0.848442,-0.025985,-0.032645,0.065674,0.088017
0.160531,0.031782,-0.019643,0.111446,-0.016443,0.089831,0.101371,-0.030406,0.055589,0.004115,0.079406,0.039661,0.045387,-0.019690,-0.011822,-0.035001,0.958335,-0.013175,0.039144,0.077226
0.041603,0.018856,0.031594,0.083318,-0.021244,-0.030210,0.015090,-0.031921,0.009039,0.075070,0.971233,0.018598,0.049498,-0.129007,0.035809,-0.008907,-0.012569,0.022525,-0.005599,0.129827
-0.128168,-0.079497,0.096788,0.045600,-0.031366,0.104182,-0.056935,-0.072499,0.038623,-0.041264,0.937407,0.066257,0.072612,-0.083831,0.117231,0.043302,0.080502,-0.024300,0.149381,-0.043004
0.053703,-0.001355,0.109648,0.172977,-0.031104,0.150930,0.016639,-0.104947,0.031248,0.010849,-0.054529,-0.019930,0.069704,0.949123,0.068857,0.042192,0.018627,-0.012031,0.031544,0.044335
0.049434,-0.070896,0.070335,0.205224,-0.025954,0.185288,-0.066866,-0.164623,-0.030436,0.017363,0.894071,-0.096565,0.034022,-0.146349,0.034738,0.154918,-0.018019,-0.024247,0.066685,0.125829
0.057871,0.043211,0.030901,0.034825,-0.044801,0.015540,-0.006249,-0.068793,0.028519,0.013256,0.048165,-0.006309,0.052491,-0.053936,0.014873,0.107595,0.977143,-0.027801,0.095837,0.004289
0.060824,0.022451,0.967502,0.102437,-0.024930,0.044747,-0.028102,-0.019778,0.001583,0.038317,0.140198,0.000580,0.031893,0.027530,0.012109,0.082976,0.048812,0.002790,0.019418,0.112861
0.303511,0.032447,0.058655,0.041334,-0.014020,-0.158749,-0.003720,-0.054994,0.043873,0.901963,-0.120480,-0.009181,0.071142,-0.003881,0.087579,0.124937,0.033618,-0.039536,0.052004,0.097102
0.045796,-0.010596,0.032445,0.073096,-0.031789,0.093099,-0.044943,-0.035950,0.022326,0.003765,0.971856,-0.036759,0.078091,-0.000692,-0.014223,0.055687,-0.057912,-0.007581,0.127291,0.054966
0.065846,0.012558,0.038393,0.037569,-0.031406,0.067421,0.020168,-0.090770,0.036323,0.046396,0.056018,0.042492,0.074352,-0.015690,0.016773,0.978684,0.063376,-0.025304,0.033032,0.020039
0.164229,0.041413,-0.149343,-0.043220,-0.096016,0.139136,0.095781,0.914497,0.002993,0.143538,-0.066812,0.065823,0.061449,-0.096673,-0.003316,0.092528,-0.046418,0.038933,0.026615,0.132680
0.166700,0.027417,-0.002600,-0.054747,-0.015641,0.072157,0.050803,-0.036285,0.066153,0.019782,0.006953,0.036912,0.078906,-0.005082,0.009087,-0.019336,-0.028864,-0.028786,0.039123,0.971096
