0.128143,-0.012494,0.032556,-0.003243,-0.009668,0.000287,0.047198,-0.055642,0.059659,0.012427,0.261887,0.052370,0.032682,0.059216,0.128286,0.012302,-0.027030,0.067525,0.919224,-0.174496
-0.194388,0.042372,-0.048525,0.013798,0.098688,-0.088258,0.086600,-0.129014,-0.032984,0.145868,0.141807,0.243596,-0.042169,-0.092789,-0.107456,0.020403,0.231371,-0.187177,-0.146759,0.825790
-0.178402,0.100067,0.039502,-0.032659,0.037408,0.026173,0.410681,-0.074839,-0.020000,0.582401,0.079479,0.132069,-0.021946,-0.046535,0.003849,0.000633,0.173003,-0.017382,-0.124090,0.606255
0.961641,0.006346,-0.001764,-0.045301,-0.017517,0.037715,-0.001568,-0.003354,0.019677,0.027845,0.094773,0.051652,0.050813,0.036438,0.089783,0.163115,-0.040031,0.064859,0.057759,-0.104273
0.939393,-0.024199,0.035024,0.049029,-0.024840,0.083181,0.051238,-0.058557,0.050558,0.033296,0.179022,-0.063292,0.025402,0.065890,0.105249,0.008818,-0.034141,0.067510,0.090206,-0.173242
0.959256,-0.020017,0.035730,-0.011439,-0.006290,-0.012356,0.040707,-0.002154,0.026978,0.012239,0.152830,0.023217,0.036842,0.098374,0.072245,0.116310,0.015366,0.045326,0.072337,-0.118691
0.400265,-0.044973,0.310776,0.029130,-0.139776,0.064727,0.330559,0.139603,0.216354,0.144204,0.369162,-0.393530,0.059765,-0.010022,0.286145,-0.094402,-0.159961,0.213567,0.105237,-0.228831
0.952440,-0.021032,0.038764,0.015756,-0.031363,-0.020565,-0.045770,-0.035706,0.056191,0.071887,0.224603,0.037117,0.033150,0.093821,0.039102,-0.000696,-0.046535,0.057783,0.074824,-0.056607
0.929081,-0.008481,0.018726,-0.049819,-0.032187,0.022782,0.064972,-0.008888,0.009424,-0.016933,0.289419,0.029332,0.045068,0.049112,0.034662,0.108814,-0.043627,0.049738,0.104568,-0.101253
-0.168301,0.026834,0.019517,-0.036779,0.122000,-0.068084,0.112382,-0.138404,-0.106033,0.109302,0.024376,0.178281,-0.065827,-0.129883,-0.070974,0.131367,0.232376,-0.155158,-0.157965,0.846065
0.829502,0.116784,0.048002,0.122594,-0.128467,0.146392,0.067474,-0.146592,0.130614,-0.035271,-0.032908,0.064715,0.005238,0.065749,-0.050200,-0.021722,0.031352,0.066089,0.425059,-0.005951
-0.159390,0.112549,0.048849,-0.058207,0.019776,0.009651,0.493523,-0.091206,0.054561,0.320541,0.196277,0.594884,0.015691,-0.039189,0.022650,0.042650,0.437361,0.004881,-0.082350,0.058703
0.970417,0.016134,0.052632,0.069215,-0.036227,-0.018452,0.031806,-0.050468,0.092246,0.038976,0.089760,0.068705,0.041626,0.119585,0.036690,0.011971,-0.000613,0.070013,0.004528,-0.002601
0.025602,-0.063352,0.068428,-0.028595,-0.019711,0.068196,-0.103401,-0.025500,0.150216,0.027690,0.210154,0.031269,0.067116,0.077991,0.234814,-0.007740,-0.037837,0.067635,0.892699,-0.190458
0.966414,0.003282,0.059315,-0.014793,-0.013364,-0.042765,-0.062203,-0.003881,0.035868,0.070288,0.130874,0.032820,0.040302,0.088862,0.092730,-0.030574,-0.050813,0.052355,0.062454,-0.060786
-0.182004,0.033954,-0.038613,-0.037361,0.004989,-0.100767,0.026500,-0.177719,-0.102457,0.112091,0.074775,0.248087,-0.087771,-0.099234,-0.046016,0.216161,0.199090,-0.164248,-0.134564,0.824047
0.958599,0.060549,0.034458,0.053097,-0.034040,-0.015769,0.040684,0.058650,0.007393,-0.004899,0.132931,0.040506,0.017243,0.086563,-0.007062,0.164111,0.010670,0.038707,-0.104471,-0.014940
-0.005684,-0.022234,0.063998,-0.057267,-0.037273,-0.034209,0.018834,-0.034906,0.118705,0.068193,0.278071,0.032168,0.027869,0.087106,0.928900,-0.021585,-0.019584,0.050794,0.065761,-0.109056
-0.201427,0.077357,-0.047018,-0.014708,0.038172,-0.023205,0.509760,-0.151266,-0.083985,0.292335,0.062874,0.221535,-0.045352,-0.050947,-0.014664,0.168281,0.450531,-0.101757,-0.168633,0.495766
-0.125581,0.056076,0.001332,-0.077060,0.083780,-0.106597,0.038588,-0.068569,-0.036241,0.110950,0.064456,0.165523,-0.027391,-0.081338,-0.106350,0.191555,0.258791,-0.091610,-0.149004,0.867444
-0.060123,0.038882,0.035061,-0.043360,-0.014518,-0.050825,0.100626,0.006635,0.024410,0.049281,0.163886,0.095962,0.079551,0.079653,0.051973,0.115212,-0.024107,0.056791,0.950739,-0.057871
0.930091,0.008858,0.041317,-0.034647,-0.038406,0.102924,0.012097,0.029483,-0.002500,-0.015801,0.292599,-0.004511,0.022167,0.040476,0.047833,0.113052,-0.036572,0.063893,0.054891,-0.085673
0.947027,-0.075269,0.090562,0.005859,-0.038958,0.072550,-0.021368,-0.011204,0.056819,0.020756,0.111899,-0.053358,0.066043,0.027493,0.091826,0.030971,-0.074061,0.058707,0.114534,-0.162138
-0.230891,0.005369,0.053368,0.048770,-0.079330,0.005576,0.019247,0.019408,0.067781,-0.019045,0.155714,0.000907,0.072151,0.081034,0.048293,0.099918,0.006713,0.100757,0.926123,-0.114752
0.935744,-0.019824,0.062663,-0.030758,-0.040055,-0.042920,-0.027075,-0.015922,0.182652,-0.040211,0.132748,0.028521,0.064881,0.042647,0.126383,-0.069732,-0.030656,0.068368,0.033705,-0.166302
-0.107413,-0.028476,-0.013626,-0.121353,-0.015321,-0.059288,0.033686,-0.106495,0.189519,0.089227,0.217906,0.017224,0.087198,0.114936,-0.005284,0.046086,0.040342,0.040017,0.899089,-0.174068
-0.160017,-0.016010,0.065051,0.039107,-0.060329,0.903188,0.093501,-0.075561,0.159264,0.015120,0.159325,0.081033,0.092516,0.136259,0.105001,0.017954,0.093471,0.099790,-0.077998,-0.117225
0.684993,-0.041555,0.068533,0.094801,-0.010651,0.011275,-0.037105,0.011287,0.033078,0.030477,0.227628,-0.071973,0.005698,0.171468,-0.020592,0.038984,-0.069713,0.060473,0.633404,-0.116258
0.890437,-0.013344,0.040721,0.081914,-0.018381,-0.001546,0.019580,-0.033472,0.299771,-0.032928,0.260165,0.019959,0.035006,0.053857,0.036464,0.056308,0.025628,0.068053,0.018335,-0.153132
0.943204,-0.080702,0.055462,0.014328,-0.035854,-0.012580,-0.058422,-0.050066,0.091067,-0.013808,0.133311,-0.028210,0.044609,0.076300,0.115669,0.071897,-0.000483,0.049525,0.012290,-0.192855
-0.142865,0.025256,-0.026034,-0.041711,0.090786,-0.089514,0.035200,-0.060830,-0.116061,0.059399,-0.018821,0.129637,-0.042791,-0.124155,-0.133428,0.544585,0.255618,-0.085770,-0.140354,0.705099
-0.060784,0.038086,0.054799,-0.090221,-0.017460,-0.052981,-0.023750,-0.030550,0.273328,0.063132,0.200303,0.055570,0.044276,0.074903,0.911719,-0.004714,-0.006897,0.046812,0.001843,-0.127014
0.936141,0.003406,0.040940,-0.017576,-0.037742,-0.038467,0.048863,-0.008339,0.081734,0.020135,0.259698,0.043179,0.048680,0.089582,0.072872,-0.006362,-0.039078,0.042625,-0.024077,-0.142198
-0.036705,-0.007070,0.034414,0.017346,-0.036895,-0.024761,0.004396,0.001177,0.003626,-0.028415,0.983139,0.007874,0.027882,0.046802,0.073783,0.087406,-0.005274,0.082398,0.018299,-0.066885
-0.106874,-0.003185,0.059067,-0.006885,-0.056129,-0.108709,-0.015208,-0.014736,0.082969,-0.025623,0.957785,0.032489,0.037293,0.114371,-0.048373,0.109386,0.029012,0.042026,-0.070823,-0.085241
0.887975,0.010591,0.055796,-0.008464,-0.036187,0.104257,0.005167,-0.028284,0.012369,0.023739,0.403353,0.004685,0.010975,0.052419,0.089286,0.013297,-0.059827,0.066603,0.081528,-0.078013
-0.179557,0.109253,0.006709,-0.063439,-0.002770,-0.069565,0.168648,-0.067081,-0.060960,0.189055,0.147067,0.423035,-0.019160,-0.093209,-0.102411,-0.045045,0.280513,-0.084584,-0.164396,0.734492
0.919980,-0.020723,0.001849,0.156125,-0.014052,0.059096,0.030843,-0.028838,0.029300,-0.006653,0.223119,-0.075410,0.048653,0.070048,0.066768,-0.017939,-0.077467,0.115448,0.160811,-0.098695
0.965122,0.019028,0.064015,-0.022413,-0.024900,-0.040222,0.041560,-0.010684,0.065959,-0.005999,0.165370,0.030651,0.043807,0.055973,0.056142,0.044457,-0.040627,0.049773,0.039761,-0.104577
-0.092372,-0.059200,0.096986,0.067590,-0.058915,0.045503,-0.089545,-0.061179,0.197139,0.045721,0.261606,0.013157,0.037435,0.147752,0.132786,-0.018696,0.022892,0.101078,0.875984,-0.166787
0.946959,-0.015892,0.033198,-0.043920,-0.038331,0.012201,0.058496,-0.015509,0.072285,0.015878,0.163196,0.057018,0.100142,0.098687,0.115902,0.067431,0.014615,0.052743,-0.042274,-0.129664
-0.162302,0.019206,0.004927,-0.009934,-0.014910,-0.108839,0.071222,-0.165980,-0.154303,0.064184,0.074142,0.213088,-0.079264,-0.148094,-0.108115,0.305972,0.244721,-0.190095,-0.177759,0.767137
0.958075,0.001288,0.038875,-0.000856,-0.032423,0.005184,-0.022505,0.025498,-0.004795,-0.002938,0.159789,0.002483,0.022755,0.056851,0.149535,0.064463,-0.039155,0.067891,0.098125,-0.082073
0.962099,0.011615,0.032766,-0.005393,-0.009852,-0.092907,-0.028981,0.020046,0.135243,-0.026844,0.147556,0.040246,0.095310,0.035621,0.001879,0.046020,0.014407,0.058080,0.033990,-0.059519
0.037379,0.008496,-0.039569,-0.021773,-0.082826,-0.060893,0.003477,-0.102435,0.195783,-0.061283,0.240725,0.012854,0.056760,0.113712,0.145389,-0.026599,0.071516,0.050209,0.893471,-0.176904
-0.096829,0.001569,0.050965,-0.030997,-0.037358,0.009467,0.039653,-0.006647,-0.001156,0.007164,0.978255,0.023397,0.040238,0.043556,0.043516,0.101306,-0.045530,0.051898,0.023336,-0.073449
0.927334,0.011313,0.064699,0.146049,-0.017563,0.086050,0.016810,-0.035183,0.028082,0.011873,0.100835,-0.034724,0.015702,0.036405,0.072161,-0.034176,-0.077343,0.072631,0.269554,-0.031724
0.796004,-0.014977,0.056032,0.033684,-0.018564,0.053050,-0.085479,-0.059822,0.355121,0.226186,0.223095,-0.084867,0.020538,0.088542,0.156566,-0.057937,-0.082507,0.081262,0.161406,-0.194925
-0.189474,-0.002487,0.038686,0.002510,-0.032874,-0.061179,0.033257,-0.030375,0.105823,0.043762,0.957348,0.023317,0.048064,0.088867,0.044310,0.000726,0.004968,0.065698,-0.056550,-0.076528
0.917230,0.013027,0.028819,0.100781,-0.038327,0.051600,-0.050976,-0.031343,0.191586,-0.048426,0.210607,-0.033544,0.016046,0.088982,0.105792,0.011344,-0.041256,0.092300,0.122106,-0.103261
0.630164,-0.031682,0.284904,0.064169,-0.042569,0.055932,-0.053461,0.078371,0.171817,0.133450,0.078973,-0.076852,0.032778,0.165088,-0.052218,-0.076531,-0.060959,0.096817,0.592260,-0.205949
0.521459,0.025331,0.072974,0.026319,-0.057602,0.107267,-0.005333,-0.079190,0.187563,0.030453,0.204966,0.024480,0.075876,0.067024,0.021141,-0.049176,0.043030,0.109737,0.755530,-0.154096
0.025641,0.022601,-0.001614,0.000084,-0.023352,-0.024608,0.064442,0.008028,-0.004194,-0.007147,0.225781,0.015448,0.027885,0.062205,0.095794,0.143341,-0.004257,0.082637,0.946628,-0.069678
0.111506,0.022848,0.053292,-0.084952,-0.032434,-0.055384,-0.052593,-0.017726,0.089889,0.085925,0.136442,0.032477,0.076822,0.073658,0.946665,-0.037360,0.002722,0.048025,0.054917,-0.142923
0.911729,-0.035274,0.045808,0.113314,-0.040571,0.051210,-0.049195,-0.006176,0.094833,0.036344,0.319664,-0.079912,0.048984,0.003583,-0.044450,-0.075118,-0.035003,0.066625,0.076554,-0.073482
-0.122838,-0.046707,0.035506,0.029197,-0.020930,0.752055,-0.021557,-0.117507,0.164211,0.155176,0.222229,0.005538,0.058334,0.157352,0.481812,0.045608,0.048076,0.101048,0.040465,-0.152688
-0.271679,-0.121768,0.608473,0.148093,-0.087278,0.133525,-0.074752,0.039188,0.114663,-0.002918,0.521883,-0.115182,0.033074,0.067707,0.049059,-0.086340,0.041061,0.112166,0.352728,-0.183338
0.722758,-0.017231,0.047273,-0.006303,-0.049947,-0.063937,-0.008438,-0.022169,0.096413,-0.020395,0.644529,0.015773,0.026088,0.084126,0.062610,-0.025723,-0.080120,0.066601,0.068299,-0.121107
0.054090,-0.012455,0.061644,-0.031045,-0.021710,-0.017827,-0.051204,-0.027164,0.076272,0.113173,0.955899,0.028939,0.030982,0.083028,0.161432,-0.073442,-0.016914,0.061920,0.054400,-0.091723
0.939080,0.014604,0.078138,-0.024922,-0.036633,0.003206,0.030418,-0.093707,0.172203,0.017838,0.191480,0.084563,0.072250,0.062679,0.040926,-0.046662,0.003757,0.070931,0.034054,-0.084475
0.043485,-0.038319,0.095757,-0.046184,-0.034955,-0.006264,-0.052540,-0.020844,0.139406,-0.036589,0.949434,0.039160,0.060180,0.074753,0.095288,0.058179,0.001524,0.052299,0.002630,-0.180919
0.948023,0.035535,0.035110,-0.015630,-0.041851,0.025687,0.065424,-0.019456,0.045886,0.033945,0.214452,0.076788,0.056465,0.054703,0.070758,0.035760,-0.092256,0.045588,0.037145,-0.108921
-0.135146,0.011819,0.017056,-0.037311,-0.031460,-0.069399,0.034597,-0.113775,-0.059568,0.020603,0.130843,0.279447,-0.020210,0.002042,-0.140465,0.264148,0.191578,-0.108165,-0.137099,0.838849
0.029300,0.025736,0.042894,-0.052948,-0.017920,-0.074465,0.103279,0.017852,0.026477,0.041192,0.130754,0.119086,0.088023,0.075963,0.033229,0.120979,-0.006217,0.051780,0.951923,-0.071918
