0.107286,0.067410,0.032479,0.211239,-0.010255,0.136544,0.092671,-0.085942,0.064712,0.078786,0.138739,-0.025773,0.083190,-0.067093,0.027445,0.071662,-0.010607,-0.018805,-0.923094,0.057961
-0.042795,0.078732,-0.179387,0.045553,0.036771,0.200650,-0.043737,0.913869,-0.022600,0.082626,-0.155609,0.000730,0.023652,-0.083418,0.066041,0.069643,-0.038459,0.078734,0.077774,0.130475
-0.021006,0.001960,-0.062672,0.043884,0.038977,0.239001,-0.004442,0.921603,0.008860,0.025401,-0.066458,0.021066,0.074620,-0.057821,0.057480,0.127319,0.188019,-0.042364,0.041543,0.113172
0.973938,-0.006932,0.002472,-0.007315,-0.037234,0.063727,0.051502,-0.056470,0.036906,0.024411,0.136933,0.016850,0.068356,0.016474,0.019249,0.046047,-0.012198,-0.006936,0.053785,0.092360
0.961036,-0.017581,-0.017141,0.043755,-0.014870,0.136706,-0.014356,-0.041501,0.056269,-0.007394,-0.030616,-0.047695,0.044857,-0.046369,0.050444,0.065851,0.156414,-0.049940,0.085204,0.036861
0.971718,0.018489,-0.009250,-0.032407,-0.020390,0.087835,0.027467,-0.041093,0.072063,0.026029,0.117009,-0.019346,0.053813,0.017665,0.015816,0.035753,0.042241,-0.008139,0.074471,0.107910
0.339799,0.050192,0.042300,0.241522,-0.096812,0.194865,-0.275015,0.254822,0.063578,0.024861,0.273282,-0.316866,0.075566,0.340451,0.063965,0.383095,-0.022506,-0.086345,0.176237,0.377815
-0.062263,-0.021558,0.000932,0.033811,-0.065629,0.011923,0.018665,-0.009151,0.048919,0.001992,0.034318,0.023240,0.055721,0.457630,0.069323,0.131237,0.842969,-0.000493,0.078753,0.184823
0.169835,0.008559,-0.040467,-0.041630,-0.036023,0.078690,0.008527,-0.073467,0.059729,0.045534,0.131557,0.026932,0.080073,0.002304,0.023392,0.018694,0.134462,0.000681,0.058231,0.949892
-0.033020,0.013633,-0.125809,-0.035968,0.031307,0.170926,-0.021464,0.939717,-0.039396,0.078945,-0.131983,0.007447,0.026768,-0.041131,0.059941,0.071555,0.025014,0.120875,0.083404,0.096459
-0.026798,0.155559,-0.073322,0.083698,-0.087122,0.093363,0.150025,-0.007640,0.100094,0.054743,-0.188294,0.014383,0.104749,-0.193319,0.056302,-0.007771,0.885748,-0.011951,0.028899,0.195064
0.013114,0.001009,-0.066043,0.007145,-0.026834,0.188317,0.019602,0.903429,0.003734,0.040402,-0.000129,-0.013414,0.080002,0.057800,0.095751,0.131033,0.272444,-0.009978,0.038620,0.170122
0.025052,-0.024333,0.108957,0.161816,0.012691,0.071549,0.078858,-0.013046,0.050357,0.063715,-0.048164,0.031646,0.080397,0.936447,0.063758,0.161612,-0.081282,-0.038980,0.120318,0.054358
0.827934,0.063090,0.045883,0.167374,-0.023993,0.082111,0.084870,-0.151797,0.054224,0.047405,0.159948,-0.056425,0.053925,0.129965,0.004141,0.020905,0.136827,-0.009719,0.392051,0.127019
-0.028304,0.027616,0.119120,0.057067,0.002654,0.004290,0.077213,-0.053674,0.048411,0.058879,0.081061,0.007495,0.063387,-0.015285,0.051122,0.060746,0.969450,-0.008521,0.062246,0.073138
0.079827,0.021222,-0.162598,-0.009586,-0.111313,0.190045,-0.002946,0.807709,-0.033311,0.170305,-0.048532,0.404868,0.038437,-0.119951,0.112025,0.007910,0.089540,0.077463,-0.044879,0.157607
-0.079837,0.032112,-0.011124,0.075968,-0.011996,0.060071,0.082061,-0.041796,0.052858,0.071792,0.106898,0.043798,0.012251,-0.033003,0.008584,0.067203,-0.207788,0.007234,0.077657,0.947674
0.019722,0.000496,0.975449,-0.005582,-0.049945,0.019753,0.047063,-0.012098,0.020986,0.068558,0.110276,0.028911,0.037960,0.072976,0.044373,0.017298,0.018126,0.031648,0.053288,0.107198
-0.038979,0.093469,-0.161035,0.043667,-0.001044,0.309214,-0.026854,0.887894,0.014043,0.067530,-0.119628,-0.003360,0.056438,-0.155054,0.047647,0.087400,0.095539,-0.041412,-0.033748,0.094953
-0.042583,0.029343,-0.109533,-0.009606,0.017273,0.144439,0.024895,0.922327,-0.048181,0.091349,-0.126194,0.048944,0.065490,-0.025272,0.061943,0.061424,-0.016196,0.228307,0.062478,0.122289
0.199395,0.047896,-0.012831,-0.062752,-0.020575,0.058659,0.070674,-0.046397,0.089476,0.051358,0.111163,0.038621,0.069485,-0.001250,0.017452,0.013333,-0.085930,-0.027265,0.108968,0.945001
0.097515,-0.006976,-0.061005,0.174314,-0.030254,0.069911,0.037421,-0.081411,0.021271,0.031489,0.123992,0.013570,0.029688,0.034198,0.003948,0.027858,0.957506,0.011380,0.046061,0.059919
0.016245,-0.039331,-0.036744,0.060230,-0.042121,0.121805,-0.019603,-0.076150,0.010644,0.039768,0.962903,-0.069089,0.028923,-0.053206,0.031210,0.073602,0.098720,-0.022619,0.088655,0.092697
-0.000218,-0.010402,0.033032,0.052315,-0.064245,0.047042,-0.009158,-0.059527,0.030871,0.001103,0.151160,-0.033723,0.018212,-0.040784,0.008863,0.125818,0.958349,-0.000550,0.093762,0.126598
0.365849,-0.039803,0.105291,0.113815,-0.019580,0.008535,-0.037155,-0.107038,-0.086267,0.044199,0.886370,-0.097516,-0.002411,-0.064694,0.002274,0.060284,0.036376,0.014793,0.098849,0.059465
-0.012513,-0.014305,0.022998,0.109651,-0.015471,0.028501,0.149893,-0.081895,0.018706,0.018183,0.965322,-0.075849,0.020136,0.005608,-0.005930,-0.007456,-0.034827,-0.008235,0.099928,0.082379
0.973408,-0.021928,0.064741,0.061318,-0.016413,0.079131,0.029806,-0.058368,0.046517,0.025827,0.085567,-0.019358,0.028763,-0.056445,0.028462,0.089209,0.001928,-0.036893,0.054442,0.074706
0.054090,0.067533,-0.006958,0.304457,0.010910,0.080600,-0.362479,-0.030727,0.050324,0.087355,0.098140,-0.063815,0.035104,0.807473,0.037865,0.199056,0.068598,-0.019363,0.095526,0.168654
-0.025334,0.001542,0.029856,0.073317,-0.042252,0.041326,0.057653,-0.053096,0.030885,0.065680,0.969083,0.004281,0.020696,-0.046801,0.056030,0.098423,0.011967,-0.013297,0.098927,0.116163
-0.012125,-0.044282,-0.016308,0.096163,-0.020055,0.092388,0.017071,-0.118567,0.019366,-0.006947,0.949146,-0.099584,0.043474,-0.030249,0.000253,0.114660,0.076261,-0.036734,0.089586,0.150767
0.058999,0.027404,-0.126062,-0.062042,0.029878,0.347301,-0.017520,0.900482,-0.070501,0.079164,-0.090194,0.005492,0.045107,-0.126291,0.008753,0.046489,0.039152,0.039465,-0.022837,0.010262
-0.000321,-0.008201,-0.070795,-0.034484,-0.019685,-0.043352,0.071237,-0.004782,0.035687,0.070305,0.227188,0.035628,0.030615,0.931312,0.037293,0.055853,0.109613,0.032395,0.111542,0.170209
-0.031908,0.007655,0.024168,0.129664,-0.009710,0.058367,0.114230,-0.083072,0.034696,0.013764,0.957017,-0.047945,0.064621,-0.002238,0.004629,0.090684,0.070089,-0.043807,0.059562,0.125287
0.022382,0.002840,0.002402,0.042064,-0.034734,0.057868,0.010159,-0.062185,0.021327,0.009230,0.165277,0.011923,0.022856,-0.037249,0.008406,0.150535,0.961233,-0.020074,0.050772,0.097984
0.942704,-0.018464,0.029120,-0.001809,-0.066406,0.080247,0.158147,-0.018878,0.050140,-0.004654,0.022653,0.019963,0.021939,0.068847,0.023691,0.196714,-0.064327,-0.008323,0.122355,0.082438
0.058967,0.004684,0.015143,0.073873,-0.038632,0.087027,0.033721,-0.120729,0.036447,0.049192,0.145735,0.034121,0.039178,-0.003123,0.021746,0.210664,0.943613,-0.001439,0.033252,0.044437
-0.017359,0.026245,-0.086740,-0.021770,0.025644,0.143162,-0.014685,0.915163,0.039125,0.144244,-0.088274,0.119629,0.037034,-0.041407,0.063066,0.132912,0.153171,-0.011381,0.059327,0.189315
-0.036950,0.061123,0.454455,0.677986,-0.028032,0.231851,0.050512,-0.114599,0.052083,0.050231,0.481893,-0.030657,0.040270,0.073425,0.043375,0.044877,-0.054967,-0.044254,0.060799,0.022335
0.074946,0.021722,0.031520,0.073366,-0.030597,0.025607,0.038624,-0.054683,0.040312,0.026206,0.976694,-0.004320,0.049506,-0.020076,0.037799,0.043164,0.042881,-0.014602,0.125809,-0.034259
0.066308,0.030106,0.006409,0.131885,-0.066002,0.036089,0.080210,-0.100968,-0.000225,0.009983,0.919977,-0.089227,0.079493,-0.027734,0.047313,0.058737,-0.041741,-0.009635,0.024540,0.292134
0.043367,0.001377,0.005909,-0.047897,-0.047362,0.078068,-0.001581,-0.069403,0.075807,0.010049,0.981454,-0.020753,0.061975,-0.005155,-0.008120,0.066709,0.017856,-0.020982,0.062278,0.008940
0.082289,0.014861,-0.239348,-0.035149,-0.109695,0.275714,0.025489,0.865386,-0.033710,0.171964,-0.014187,0.022068,0.071490,-0.164540,0.008751,-0.010223,0.086574,0.027140,-0.124159,0.097373
0.018678,0.024982,-0.043492,0.075637,-0.027853,0.121899,0.082045,-0.047003,0.028858,0.059881,0.108724,0.020695,0.013329,0.011606,0.030193,0.011964,0.969549,0.007952,0.046429,0.080995
-0.115252,-0.023963,-0.050883,0.948991,-0.018173,-0.008368,0.036695,-0.021324,0.009167,0.028395,-0.022249,0.014469,0.005087,-0.059600,0.115970,0.152398,-0.020376,0.022824,0.119007,0.154348
0.014408,-0.044220,0.085699,0.140552,0.006858,0.016510,0.039706,-0.138561,-0.080977,0.037705,0.930005,-0.125553,0.021487,-0.011378,0.001874,0.106307,-0.027053,0.007441,0.078262,0.205384
0.045628,0.013895,-0.024577,0.074826,-0.038632,0.147196,0.099572,-0.056402,0.040931,0.032053,0.073246,0.029280,0.043906,0.045219,0.021503,0.005260,0.967913,0.005639,0.040429,0.057941
0.051291,0.037237,0.016644,0.054637,0.000757,0.109338,0.015676,-0.030852,0.064064,0.047140,0.104711,-0.037471,0.051163,-0.181909,0.072484,0.088080,0.948687,-0.028659,0.095195,0.047545
0.006055,0.077896,0.112347,0.113212,-0.043254,0.051362,0.040843,-0.074438,0.044545,0.080000,0.121149,-0.023628,0.054351,0.929459,0.006895,0.026498,0.078694,0.020256,0.091076,0.224996
-0.085951,0.029917,0.046110,0.086581,-0.016776,0.064935,0.072597,-0.056283,0.041167,0.054838,0.128515,-0.000140,0.005890,0.010036,0.037061,0.031898,0.967706,-0.014141,0.032218,0.087874
0.084233,0.016781,0.111071,0.134530,-0.040161,0.077240,-0.034995,-0.093331,0.020399,0.011491,0.087643,-0.004623,0.039423,0.916133,0.023162,0.237231,0.024967,-0.013637,0.111315,0.159858
-0.055395,-0.018565,0.898861,0.102617,-0.031363,-0.004930,0.056361,0.028520,0.066832,0.060448,0.050518,0.037368,0.058621,0.073956,0.051308,0.039975,0.029556,-0.013115,0.293089,0.246893
0.923104,0.027196,0.083047,0.119452,-0.037494,0.107709,0.004766,-0.035417,0.091281,0.033635,0.047930,-0.035570,0.086734,-0.147447,0.052251,0.180033,-0.114579,-0.023749,0.079363,0.119445
0.104415,0.039610,-0.043676,-0.040006,-0.022692,0.075790,0.116254,-0.037340,0.078508,0.035918,0.200630,0.022044,0.045948,0.025497,0.009867,0.003557,0.949839,-0.006721,0.095770,0.019407
0.043128,0.020210,0.953835,0.064273,-0.013367,-0.028770,0.056520,-0.008453,0.020022,0.076400,-0.012533,0.006129,0.042708,-0.152173,0.044927,0.077119,0.039866,0.008461,0.055433,0.188186
-0.194778,-0.079189,0.855000,0.156859,-0.056720,0.192931,0.026316,-0.024375,0.021393,0.018344,-0.176814,0.010077,0.051068,-0.177582,0.098338,0.225684,-0.056126,-0.028589,0.165505,0.013003
-0.056114,0.018249,0.041950,0.153252,-0.031816,0.090851,0.071684,-0.065610,0.047272,0.006406,0.018730,-0.023354,0.056238,-0.067865,0.053578,0.591589,0.763636,-0.024341,0.049892,0.050515
-0.110874,-0.136169,0.049363,0.241984,-0.000131,0.172426,-0.015772,-0.141006,-0.027600,-0.100949,0.869172,-0.094741,-0.027562,0.026027,0.095538,0.160380,-0.010510,-0.079897,0.080611,0.183420
0.013277,0.031545,0.013805,0.111153,-0.035739,0.054822,0.028303,-0.097090,0.008048,0.069646,0.100023,-0.033602,0.032545,-0.059439,0.018144,0.969818,-0.014438,-0.027474,0.053821,0.079966
0.023614,0.029103,0.057005,0.079549,-0.019227,0.010290,0.137566,-0.036903,0.029281,0.045121,0.115348,-0.007160,0.039992,0.002285,0.022451,0.053671,0.968365,-0.001768,0.029102,0.091849
0.012478,0.040347,0.066190,0.040520,-0.036290,-0.028798,-0.007283,-0.016975,0.042698,-0.010127,0.972249,-0.021958,0.077044,-0.067786,0.072841,0.096213,-0.029446,-0.025359,0.107332,0.062493
0.969335,-0.021338,0.060925,0.038104,-0.033226,0.065045,0.001849,-0.046289,0.021045,0.022978,0.059594,-0.050254,0.033959,0.019115,0.004212,0.134675,-0.020694,-0.018409,0.087616,0.110113
0.036682,0.017525,0.045050,0.111437,-0.039700,0.970621,0.025985,-0.098077,0.044889,0.049845,0.087742,0.012984,0.090886,-0.026906,0.034088,0.026372,0.036450,-0.013878,0.062134,0.036517
0.134952,0.071854,-0.153719,-0.049784,-0.099660,0.201702,0.016542,0.908770,-0.006177,0.150646,-0.019776,0.067229,0.016299,-0.117363,0.040894,0.092392,0.039972,-0.004717,-0.036921,0.137440
0.973187,0.033104,-0.017077,-0.079878,-0.031201,0.022841,0.040004,-0.038402,0.090898,0.031445,0.131269,0.019285,0.055282,0.016448,0.014143,-0.001248,-0.004772,-0.022932,0.087731,0.044056
