0.093616,0.061771,0.018544,0.078335,-0.002787,0.953076,0.022045,-0.003757,-0.033570,0.042649,0.008325,0.024247,0.034202,0.225730,0.003871,-0.014800,0.021044,-0.002123,0.094135,0.082516
-0.005914,0.146408,-0.076319,-0.090680,-0.004999,-0.045514,0.017457,0.146360,-0.030938,0.143517,-0.145897,0.125605,0.035099,-0.093861,0.067472,0.052573,0.647089,-0.078103,0.615199,0.247770
0.062264,0.109362,-0.019394,-0.065659,0.652035,0.633148,0.011108,0.022962,-0.015474,0.102917,-0.074122,0.131445,0.021134,-0.117219,0.202313,0.088707,0.028760,-0.068784,0.080095,0.210323
0.054742,-0.024085,0.030943,0.045049,0.004446,0.114861,0.004420,-0.038530,-0.017186,0.022035,0.022443,0.062593,0.066214,0.030428,0.031540,0.968090,0.156767,0.008620,0.056446,0.046661
0.056426,0.017401,0.004861,0.055473,-0.034265,0.100583,-0.025732,-0.050459,-0.026634,0.032203,0.977356,0.007231,0.081141,0.040951,-0.012094,0.073523,0.054637,0.004492,0.069833,0.013966
0.104161,0.008171,0.007296,0.058021,-0.009778,0.093847,0.027473,-0.063771,0.000230,0.018417,-0.008623,0.028027,0.082479,0.055929,-0.015096,-0.019075,0.968667,0.011267,0.063688,0.133110
-0.016964,0.180841,0.141762,0.248674,-0.213564,0.036445,-0.241742,0.328752,0.032317,0.025189,0.639473,-0.132283,0.134451,0.106899,0.147002,0.294029,0.272235,0.040861,0.083659,0.152209
0.012093,0.023573,0.071494,0.101158,0.001382,0.059986,0.034690,-0.079193,-0.008114,0.107661,0.969817,0.114004,0.039255,0.046711,0.012773,-0.013301,0.019428,0.017598,-0.001075,0.054121
0.070702,-0.006464,-0.004845,0.086804,-0.003009,0.096890,0.019026,0.016563,-0.034251,-0.001019,0.004299,0.060343,0.039367,0.009169,0.011844,0.964093,0.197298,0.011993,0.046103,0.009452
0.039814,0.089796,-0.069540,-0.066467,0.914747,0.022343,0.003580,0.125678,-0.057246,0.094936,-0.168291,0.111584,0.020710,-0.086517,-0.059876,0.094529,-0.046956,-0.090159,-0.044945,0.205370
0.064401,0.122687,-0.045900,0.088439,-0.124116,0.062874,0.147764,-0.198935,-0.019939,0.207865,0.863864,0.082173,0.152309,0.046883,0.066460,-0.188214,-0.044310,-0.022943,0.089293,0.133365
0.012544,0.054466,-0.020476,-0.065503,-0.060702,0.907986,0.030940,0.020923,-0.017677,0.141064,-0.029951,0.138643,0.058023,-0.128316,0.027137,0.145359,0.116599,-0.088067,0.123165,0.210000
0.045629,0.061411,0.056790,0.060593,-0.038842,0.921230,0.049184,-0.176246,-0.016240,0.121114,-0.230420,0.140216,0.074016,0.037291,0.006748,0.003946,0.047867,-0.012754,0.054859,0.059289
0.075967,0.082453,0.074430,0.119959,-0.053966,-0.037017,-0.064399,-0.021939,-0.014527,0.039462,0.089062,-0.048963,0.075265,0.959583,0.065046,0.019254,0.044020,0.019146,0.068097,0.092112
0.080725,0.028891,0.051846,0.087476,-0.972115,0.017779,0.005238,-0.039950,-0.038163,0.073553,-0.045668,0.070532,0.033998,0.066344,0.065578,-0.000442,0.068734,0.042376,0.038878,0.059546
0.076132,0.052792,-0.136852,-0.019234,-0.148668,0.746094,0.083079,-0.015953,-0.015375,0.143999,-0.112559,0.037381,0.068921,-0.069341,-0.013351,0.040468,-0.083400,-0.070281,0.501737,0.276326
0.080828,0.035360,0.014254,0.027229,0.008172,0.034930,0.058776,-0.059045,-0.003673,0.055601,-0.002571,0.118253,0.032096,0.059897,-0.022114,0.975704,-0.017174,0.036238,0.040895,0.074584
0.000416,-0.006445,0.072114,0.096837,-0.026683,0.014007,0.018184,0.000106,-0.002417,0.055860,0.976879,0.086044,0.019862,0.076041,0.095413,0.004688,0.007120,0.031526,-0.021637,0.050038
0.047307,0.146139,-0.097507,-0.074714,-0.038408,-0.035889,0.037399,-0.044302,0.065975,0.149164,-0.111310,0.073760,0.074914,-0.100571,0.088403,0.053352,0.898121,-0.081799,0.003022,0.266549
0.057468,0.066697,-0.068708,-0.071522,0.019885,0.026517,0.099423,0.130828,-0.026319,0.161214,-0.114921,0.168125,0.100459,0.006021,-0.059805,0.053224,-0.017832,-0.090263,0.909708,0.183264
0.061218,-0.008143,-0.002621,-0.042897,0.000451,0.975893,0.049455,-0.047435,-0.014666,0.048611,0.045320,0.094498,0.067479,0.007381,-0.015705,-0.051857,0.094976,0.011608,0.017483,0.081910
0.092139,0.030979,0.003767,-0.000529,-0.011123,0.009014,0.089276,0.943739,-0.007649,0.040597,0.061070,0.063698,0.043542,0.247485,0.025347,-0.098139,0.044247,0.031318,0.063311,0.043119
0.051600,0.009481,-0.003078,0.007309,-0.045275,0.062339,-0.038738,-0.056423,-0.034020,0.003326,0.983513,-0.004206,0.058607,0.077389,0.021585,-0.022443,0.054090,0.008115,0.063218,0.026428
0.038354,0.051025,0.042662,0.005983,-0.017074,0.022760,0.037787,-0.106153,0.009894,0.066198,-0.056217,0.046079,0.024854,0.013187,0.012593,0.970579,0.022998,0.039431,0.044413,0.154176
0.094756,0.063741,0.004543,0.092213,-0.076129,0.003685,-0.078316,-0.122375,-0.057677,0.060660,-0.250027,-0.076126,0.076158,0.076650,0.048157,0.921122,0.006936,-0.002751,0.105677,0.050174
0.034595,-0.038252,0.050929,0.114545,-0.031888,-0.054738,-0.055592,-0.092425,-0.011681,0.073818,0.955371,-0.059181,-0.031583,0.035866,0.083074,0.129351,0.109885,0.048755,0.023147,0.057047
0.105313,0.093105,0.046870,-0.018593,-0.047986,0.048623,0.031504,-0.125263,-0.009435,0.079860,-0.035663,-0.029252,0.057849,0.031443,0.034768,-0.036885,0.959511,0.005237,0.049965,0.132906
0.048578,0.082130,0.781466,0.011079,-0.008741,0.110684,0.035204,-0.035579,-0.025163,0.032126,0.425211,0.083459,0.018605,0.058112,-0.010765,0.323497,0.243331,0.008112,0.059237,0.067389
0.115989,0.034990,0.057566,0.062967,-0.014757,0.025061,-0.066303,-0.022094,-0.011261,0.089941,0.974934,0.039922,0.015410,0.031378,0.072982,-0.015503,-0.011288,0.026169,0.017018,0.064164
0.133614,-0.003680,0.009860,0.156986,-0.036093,0.570144,-0.042253,-0.054747,-0.024490,0.068887,0.748866,-0.049945,0.062378,0.162252,-0.018535,0.082395,0.022424,0.020876,0.088899,0.106819
0.049078,0.041411,-0.062056,0.075306,0.060028,-0.032299,0.072449,0.005381,-0.022065,0.097197,-0.139379,0.032861,0.069239,0.117720,-0.022817,0.030307,-0.011329,-0.087970,0.942655,0.171559
0.069433,-0.034601,0.071230,0.389786,0.022218,-0.031318,-0.007919,0.055328,-0.006804,0.039433,0.891890,0.083276,-0.004771,0.085782,0.079449,0.115238,-0.016625,0.008518,-0.003419,0.032235
0.090782,0.006867,-0.053903,0.002306,-0.034295,-0.057686,0.027875,-0.079159,0.008500,0.017417,0.971774,0.017831,0.054139,0.126673,-0.016321,-0.024198,0.071529,0.006089,0.055693,0.064273
0.079165,0.058402,0.069188,0.958535,-0.017229,0.153236,0.030653,-0.127217,-0.001736,0.027665,-0.072718,0.071295,0.038967,0.021716,0.028150,-0.017597,0.053333,0.033706,0.047047,0.073616
0.053129,-0.005513,0.065608,0.044073,-0.016757,-0.003493,0.035175,-0.039844,0.027684,0.014854,0.976053,0.082099,0.032167,0.071363,-0.010358,0.036241,0.016247,0.046543,0.121900,0.050377
0.115741,0.024358,0.079061,0.025570,-0.007752,0.056769,0.054901,0.970007,-0.019919,0.050236,0.032193,0.077203,0.036425,0.034540,0.056008,0.048891,0.036858,0.026602,0.098422,0.046671
0.151329,0.086515,-0.012582,-0.091746,0.873056,-0.045727,0.121749,-0.060828,0.015934,0.170769,-0.135257,0.169221,-0.003785,-0.130516,-0.016469,0.021839,0.075652,-0.105976,0.031300,0.257142
-0.024144,0.132344,-0.048151,0.075343,-0.055462,0.824339,-0.020737,-0.079407,-0.017286,0.036258,-0.088594,0.088387,0.123761,0.046534,-0.005460,-0.004880,0.491821,0.024501,0.084974,0.006492
0.084577,0.011964,0.052511,0.005507,-0.011769,-0.048699,0.028561,-0.027268,0.003190,0.055749,-0.157000,0.062995,0.041815,0.034263,-0.000534,0.968534,0.081850,0.004311,0.063493,0.048802
0.132512,0.093571,0.039130,0.088806,-0.149528,0.046194,-0.022018,-0.120990,0.009544,0.920902,-0.055844,-0.062636,0.060620,0.076541,0.092574,0.001985,-0.053505,0.021923,-0.002081,0.219096
0.098392,-0.019446,-0.008122,0.957478,0.006791,0.072651,-0.009754,-0.071658,-0.010843,0.040738,-0.026006,-0.004679,0.041940,0.047079,-0.003591,-0.014377,0.191267,0.015510,0.061589,0.123566
0.151530,0.000941,-0.115588,0.052022,-0.103835,0.009553,0.149317,0.900527,-0.050696,0.098623,-0.130059,0.021909,0.064520,0.026366,0.008685,0.058051,-0.021160,-0.109568,-0.064930,0.249380
0.050545,0.041303,0.037406,0.073501,-0.007887,0.018536,0.075020,-0.094251,-0.003986,0.045686,-0.054446,0.098157,0.029061,0.067489,0.044728,0.971006,0.002233,0.057010,0.031759,0.069295
0.053771,0.025255,0.028160,-0.003188,0.027816,-0.017038,-0.008743,-0.133681,-0.012938,0.097828,0.945374,0.080595,0.003670,0.071967,-0.011952,0.234937,0.021558,0.021028,0.029573,0.066179
0.138674,0.083491,-0.039801,0.041240,-0.099039,0.009148,-0.052779,-0.148121,-0.060082,0.059169,0.933396,-0.128735,0.016287,0.092949,0.025833,0.019129,0.010869,0.023274,0.068660,0.160225
0.046956,0.015309,0.015400,-0.004074,-0.017038,-0.010607,0.073975,-0.022297,0.003880,0.007366,0.073566,0.080321,0.043096,0.159950,0.024336,0.969268,0.051916,0.034890,0.076899,0.040772
0.047328,0.087009,0.007970,-0.031116,-0.002314,0.959074,0.041868,-0.137213,-0.026341,0.064144,-0.070889,0.107623,0.069343,-0.003861,0.041357,0.109454,0.089152,0.022312,0.008779,0.017189
0.059235,0.047299,0.105403,0.199504,-0.048332,-0.036884,-0.035303,0.083220,-0.009531,0.257291,0.057462,0.081520,0.059689,0.055697,0.105027,0.079186,0.910578,0.006430,0.003576,0.045441
0.004615,0.042588,0.060305,0.092213,-0.003120,0.024976,-0.027585,-0.062331,-0.038564,0.031300,0.077232,0.048615,0.009578,0.000764,0.068519,0.973442,0.083799,0.049158,0.006969,0.089924
0.066737,0.066237,0.084076,0.026333,-0.056406,0.089550,-0.043149,-0.057304,-0.019116,0.075294,0.970656,0.096448,0.040710,0.020230,0.000034,0.064997,0.002247,0.004269,0.029624,0.048449
0.077703,-0.013953,0.101477,0.042906,-0.062266,0.119609,-0.056529,0.000423,0.068978,0.109984,0.932186,0.048704,0.058327,0.088438,0.012617,0.092185,-0.109932,0.013673,0.180075,0.086451
0.088938,0.107128,0.120133,0.032879,-0.757898,0.061266,-0.045035,-0.103764,0.045921,0.161659,0.094749,-0.005258,0.465698,-0.007577,-0.027188,0.214857,0.130712,-0.006249,0.188047,0.143439
0.078822,0.009052,0.005120,0.045780,0.011734,0.005725,0.086423,-0.040522,-0.012602,0.019663,0.043958,0.099194,0.050541,0.029266,0.003716,-0.246173,0.947618,0.033433,0.062010,0.054919
0.099772,0.000432,0.035532,0.050357,-0.024444,-0.046961,-0.077029,-0.012948,-0.007440,0.148669,0.963487,0.019619,-0.002951,0.066948,0.066718,0.106051,0.009733,0.028217,-0.024941,0.069220
-0.074196,0.021832,0.115476,0.068584,-0.043437,0.046111,-0.023590,-0.137229,-0.003124,0.106586,0.938394,0.139988,0.131705,0.078336,0.025812,-0.048698,-0.022958,0.000252,0.116100,-0.022390
0.039882,0.007696,0.093716,0.132845,0.020745,0.085708,-0.041283,-0.091735,0.006173,0.077810,0.958778,-0.017150,0.086876,0.035695,0.076381,0.085486,0.016059,0.030370,0.059177,0.041658
0.013736,0.129303,0.026510,0.096415,-0.121263,0.276493,-0.126724,-0.157092,-0.027855,0.055784,0.871847,-0.058229,0.151124,0.065948,-0.001481,0.142614,-0.058412,0.045975,0.119968,0.079761
0.086510,0.064100,0.075042,0.102780,-0.053583,0.019637,0.002267,0.969835,-0.021928,0.052470,-0.045418,0.065221,0.039672,0.049858,0.024604,-0.037584,-0.019911,0.017259,0.101197,0.042509
0.075850,0.011079,0.074584,0.147637,-0.021668,0.021103,-0.954647,0.009476,-0.029168,0.071263,0.116509,0.034051,0.023531,0.067680,0.094389,0.059321,0.026350,0.040667,0.007335,0.117399
0.081475,0.067331,0.056728,0.063975,-0.025881,0.003320,0.011377,-0.131774,-0.004685,0.075176,0.960797,0.020247,0.064238,0.038277,0.007407,-0.126736,0.090085,-0.031311,0.049380,0.029754
0.076583,-0.002836,0.077172,0.085336,-0.016612,0.036089,-0.051555,-0.043336,-0.023804,0.022626,-0.019328,-0.015737,0.050120,0.049183,0.016682,0.974121,0.020469,0.011229,0.119973,0.063362
0.080944,0.000569,0.061204,-0.012295,-0.014821,-0.002406,0.039943,0.972896,0.008485,0.056822,0.031540,0.064457,0.042512,0.081158,0.026781,-0.020427,0.135443,0.015965,0.038494,0.056069
0.157908,0.049537,-0.089798,-0.058326,-0.084577,0.034744,0.206604,0.006292,0.000204,0.141628,-0.097975,0.889053,0.085180,-0.040873,-0.038955,-0.011450,-0.053245,-0.067122,0.032462,0.266492
0.086137,-0.022867,-0.003687,0.981964,0.001263,0.020278,0.057307,-0.029204,-0.008938,0.024742,0.003466,0.062092,0.047470,0.027436,-0.011167,0.048315,0.097503,-0.003900,0.020458,0.057236
