0.969098,0.035033,0.011095,0.063857,-0.009658,0.075406,0.041527,-0.090179,0.083142,0.093994,0.087525,-0.028807,0.051907,-0.030719,0.058916,0.016087,-0.008132,-0.000023,0.070976,0.055454
-0.050649,0.074998,-0.150554,0.038102,0.038102,0.281025,-0.114562,0.880802,-0.034243,0.124823,-0.086404,0.067977,-0.000400,-0.149064,-0.030417,0.015276,0.143613,0.024583,-0.047351,0.150463
-0.067671,0.018025,-0.077231,0.110854,0.041359,0.196999,-0.038497,0.902757,-0.012928,0.105184,-0.016383,0.088623,0.027043,-0.094266,-0.040606,0.057878,0.234892,-0.066289,-0.025715,0.160222
0.953613,0.009021,-0.004930,0.000277,-0.049608,0.079552,0.015951,-0.086946,0.081445,0.052972,0.201446,0.002266,0.073730,0.031041,0.032950,0.020180,0.046341,0.025887,0.068552,0.092082
-0.177240,-0.039081,0.010192,0.160162,-0.030060,0.116803,-0.030134,-0.031406,0.059800,-0.019277,0.940990,-0.062203,0.045466,-0.016174,0.055072,0.046848,0.062788,-0.031670,0.131768,0.041461
0.007198,0.023692,0.014739,0.018688,-0.044494,0.058176,0.029932,-0.055654,0.077302,0.015814,0.981672,-0.031860,0.059789,0.023399,0.005650,0.025880,0.023280,0.019714,0.084353,0.075320
0.103806,0.183144,0.129392,0.253004,-0.070376,0.186465,-0.068368,0.251503,0.072488,0.033980,0.268041,-0.365880,0.133459,0.413544,0.042713,0.257442,0.123564,-0.010155,0.253231,0.467685
0.956920,0.010171,0.072819,0.117597,-0.056287,0.026815,0.107952,-0.026078,0.067638,-0.008780,0.115056,0.000631,0.032500,-0.007367,0.049603,0.099049,0.032490,0.014620,0.075543,0.102953
0.958124,-0.000609,-0.028925,-0.063933,-0.033851,0.104609,0.004118,-0.080947,0.051336,0.062583,0.178020,-0.009684,0.040083,-0.016246,0.027053,-0.017367,0.110102,0.010013,0.056827,0.041499
-0.066782,0.015160,-0.121855,-0.036689,0.017475,0.265039,-0.085261,0.900221,-0.083687,0.132067,-0.059830,0.054100,0.018460,-0.114155,0.002213,0.024145,0.179817,0.030633,-0.048587,0.101750
0.896687,0.187023,-0.027561,0.231585,-0.047038,0.017595,0.047143,0.067582,0.132995,0.053569,-0.103953,0.034963,0.024982,-0.045836,-0.042824,0.097913,-0.060362,0.012919,0.089332,0.196847
-0.046300,0.025127,-0.074553,0.047137,-0.015845,0.173587,-0.019533,0.915523,0.012200,0.089452,0.049608,0.046129,0.013695,-0.042987,0.003687,0.097990,0.215087,-0.074464,-0.002168,0.210463
0.944490,0.033563,0.158460,0.169447,-0.000883,0.086007,0.045790,-0.019756,0.054561,0.017199,0.029283,0.032232,0.032403,-0.018867,0.041039,0.139087,-0.059443,-0.019582,0.083561,0.067836
0.792311,0.038663,0.070037,0.145393,-0.021999,0.018036,0.051860,-0.156224,0.126819,0.047849,0.529355,-0.060703,0.042009,-0.021900,-0.008619,-0.002654,0.030198,0.012420,0.065365,0.082836
0.941970,0.044842,0.064711,0.144684,-0.004228,0.026118,0.212014,-0.068701,0.076909,0.062918,0.086814,-0.020974,0.042364,-0.010067,0.064684,0.016897,-0.022795,-0.001125,0.078192,0.065880
-0.018372,0.020870,-0.136620,-0.052065,-0.118495,0.225395,-0.096805,0.809933,-0.033066,0.187681,0.048389,0.219161,0.013581,-0.167880,0.024525,-0.032720,0.276783,-0.029354,-0.102287,0.207319
0.945727,0.033186,0.012788,0.025189,-0.015171,0.044501,0.016274,-0.059622,0.045351,0.095586,0.185119,0.017677,0.022978,0.032085,0.034126,0.068064,0.007110,0.014032,0.067415,0.199372
-0.049123,-0.000650,-0.023108,0.000919,-0.051331,0.017011,0.188618,0.008873,0.054802,0.061716,0.081403,0.003749,0.008564,0.042236,0.043159,-0.010255,0.968503,0.022377,0.050228,0.013149
-0.126347,0.069688,-0.153514,0.056222,0.002561,0.208471,-0.078777,0.830000,-0.017296,0.149337,-0.012084,0.098287,0.014316,-0.188790,-0.036639,-0.000457,0.315201,-0.081439,-0.092932,0.172228
-0.030600,0.065201,-0.122504,-0.025621,0.012812,0.302657,-0.034002,0.908303,-0.050559,0.097938,-0.057795,0.028722,-0.026357,-0.115663,-0.005910,0.033661,0.120217,0.056069,-0.029632,0.105756
0.957900,0.052236,-0.008040,-0.051671,-0.033598,0.072803,0.066743,-0.052488,0.100283,0.079854,0.165963,0.016544,0.058009,0.026804,0.024571,-0.002290,0.043607,0.004431,0.078317,0.079551
-0.089469,-0.001687,-0.048611,0.058384,-0.030851,0.150630,0.061924,-0.062160,0.024062,0.067267,0.166822,-0.003647,0.048389,0.033222,0.015174,0.012393,0.924730,0.025498,0.050974,0.244399
-0.134948,-0.012647,0.065079,0.186946,-0.051398,0.122892,0.003509,-0.091953,0.007531,0.010406,0.938376,-0.088499,0.027521,-0.040982,0.042823,0.037404,-0.001982,-0.017979,0.104378,0.103894
0.945350,0.003410,0.050315,0.123457,-0.058948,0.078309,0.060485,-0.056759,0.022115,0.032458,0.167069,-0.048759,-0.015160,-0.024873,0.005260,0.064875,-0.092716,0.007682,0.114934,0.115149
-0.171610,-0.056410,0.106729,0.184078,-0.015750,0.008287,-0.024007,-0.097967,-0.030649,0.010297,0.915651,-0.115023,-0.004684,-0.046430,0.039841,0.003358,-0.128792,0.017499,0.143573,0.132766
0.948568,-0.017485,-0.070159,0.121459,-0.007741,0.012808,0.212754,-0.043488,0.052844,-0.002129,0.025248,-0.065625,0.007012,0.064348,0.018733,0.026687,0.070338,-0.012365,0.120758,0.013490
-0.050000,-0.009319,0.055735,0.160864,-0.039535,0.034349,0.047993,-0.051108,0.075839,-0.025721,0.967571,-0.010764,0.038021,-0.022781,0.011079,0.033134,0.007779,-0.022227,0.092604,0.075724
-0.067524,0.075634,0.026811,0.297955,0.011487,0.091825,-0.163681,-0.109412,0.045920,0.094498,0.108180,-0.061058,0.026799,0.865828,0.057567,0.070885,-0.042536,-0.003820,0.081895,0.243276
-0.159324,0.003009,0.071842,0.134473,-0.037288,0.054165,0.057378,-0.053590,0.026003,0.051380,0.039292,-0.030233,0.026781,0.036140,0.069704,0.084491,0.947577,-0.003467,0.130148,0.078902
0.956665,-0.063460,0.000204,0.147091,-0.022663,0.064389,-0.027740,-0.089821,0.024891,-0.017010,-0.000815,-0.092023,0.030211,0.005775,0.042158,0.104079,-0.006072,-0.017500,0.076307,0.128582
-0.011896,0.029637,-0.156948,-0.080051,0.043280,0.172646,-0.046734,0.874528,-0.101382,0.119182,0.012868,0.022606,-0.022163,-0.186537,-0.022086,0.001044,0.296052,-0.053276,-0.076478,0.109577
-0.067815,0.010799,0.934481,-0.041410,-0.016924,-0.004928,0.189146,-0.054601,0.064224,0.056811,0.069940,0.010513,0.021489,0.022963,0.037981,0.003994,0.242938,0.018825,0.078696,0.029637
0.958364,0.010930,0.045336,0.155554,-0.005675,0.067584,0.096185,-0.055183,0.036253,0.008382,-0.016882,-0.051228,0.035477,0.022687,0.037922,0.056875,-0.050280,-0.026528,0.068010,0.140262
-0.084152,0.004599,-0.028340,0.078766,-0.039937,0.118807,0.140156,-0.058502,0.026406,0.049284,0.132546,-0.009084,0.020682,0.015976,0.030573,0.079897,0.952210,0.004236,0.058725,0.090359
0.937540,-0.002858,-0.010133,0.071266,-0.076791,0.077426,0.150960,-0.022028,0.060438,0.003660,-0.014984,-0.001591,0.016916,0.176291,0.035258,0.166158,0.025694,0.002859,0.113194,0.055432
-0.035481,0.011804,-0.011232,0.107159,-0.037880,0.161506,0.084313,-0.111562,0.053733,0.077090,0.147533,0.007103,0.053395,-0.006798,0.034776,0.058150,0.941058,0.011255,0.030708,0.122978
-0.093874,0.033466,-0.056632,0.047018,-0.004449,0.160308,-0.072407,0.887816,-0.008069,0.176199,0.012064,0.181681,-0.013960,-0.065819,-0.050784,0.026480,0.186030,0.000159,-0.016350,0.241920
-0.278719,0.050150,0.052490,0.896810,-0.047000,0.164299,0.064451,-0.119495,0.062764,0.036952,0.105169,-0.060509,0.040846,-0.125109,0.062443,0.002805,-0.034728,-0.023781,0.043440,0.142227
0.979370,-0.000159,0.054131,0.058381,-0.026264,0.062031,0.009785,-0.041008,0.026983,0.076846,0.040599,-0.033242,0.031703,-0.001578,0.054519,0.053410,0.013658,-0.006038,0.097501,0.047258
0.476265,-0.038816,0.087732,0.201378,-0.029942,-0.019308,0.051653,-0.109529,0.025578,-0.025627,0.112390,-0.032380,0.023969,-0.014089,0.064158,0.063345,0.011953,0.024039,0.771176,0.296909
0.959942,-0.006720,0.038778,-0.012370,-0.044287,0.121665,0.042712,-0.076261,0.076655,0.014597,0.148291,-0.007880,0.049800,0.018697,0.010673,0.089210,0.041791,-0.006367,0.098265,0.043823
-0.005038,0.001174,-0.229569,-0.073642,-0.119325,0.212517,-0.028616,0.800328,-0.050961,0.207064,0.130878,0.081924,-0.005613,-0.216375,-0.052685,-0.049204,0.211425,-0.088032,-0.150799,0.211072
-0.155290,0.029801,-0.015069,0.067845,-0.028746,0.066966,0.158390,-0.050949,0.049623,0.084696,0.116688,0.002287,0.023851,0.027177,0.045408,0.007984,0.938526,0.012991,0.073350,0.155252
-0.303255,0.016106,-0.036699,0.036190,-0.028448,0.043874,0.049019,-0.007853,-0.006573,-0.017836,0.891227,0.021146,0.004461,0.070988,0.120636,0.122665,-0.072387,0.009483,0.112813,0.228280
-0.212810,-0.028801,0.017923,0.226943,0.032556,0.019596,0.120756,-0.096882,-0.040605,-0.007955,0.893456,-0.095891,0.010343,0.029744,-0.009432,0.079352,-0.066387,-0.003351,0.150869,0.181436
0.895813,0.029327,-0.035975,0.008891,-0.035173,0.107747,0.127946,-0.092241,0.049488,0.075685,0.152981,0.014825,0.045688,0.041906,0.037346,0.004366,0.031214,0.027224,0.037567,0.342603
-0.257797,0.047454,0.046364,0.189087,-0.007525,0.156948,-0.000600,-0.022733,0.079480,0.088786,0.109319,-0.056183,0.064572,-0.086834,0.072246,0.060156,0.890403,-0.007550,0.103272,0.121590
-0.093631,0.051400,0.182510,0.144894,-0.022451,0.031399,0.091409,-0.161288,0.080537,0.035716,0.154945,-0.067598,0.040621,0.695110,0.018272,0.034924,0.590452,0.013895,0.140586,0.084354
0.950689,0.035982,0.023380,0.087243,-0.010027,0.057291,0.189836,-0.083468,0.068377,0.083719,0.143184,-0.019344,-0.014298,0.016494,0.030487,0.008200,0.032570,-0.003588,0.059632,0.041070
0.009354,-0.004151,0.063079,0.145152,-0.039409,0.057654,-0.060139,-0.116304,0.036615,-0.006614,0.169575,-0.032309,0.024582,-0.103712,0.030640,0.098200,0.938916,-0.003380,0.075568,0.111420
-0.179024,0.000896,0.926894,0.167191,-0.028193,0.012025,0.066473,-0.013601,0.055879,0.040159,0.117971,0.015246,0.035847,-0.060361,0.035874,-0.000535,-0.001651,0.002189,0.129181,0.183098
0.675902,0.399067,0.322858,0.208474,-0.058394,0.069568,-0.175141,-0.015782,0.108125,-0.000850,0.232173,-0.041210,0.100079,-0.073825,0.060121,0.278880,0.018472,-0.009235,0.124974,0.129757
0.951284,0.054607,-0.044023,-0.015398,-0.026407,0.093900,0.132394,-0.051680,0.075722,0.079854,0.152129,-0.007476,0.037560,0.030349,0.024337,-0.010136,-0.031815,0.015523,0.087043,0.114115
-0.115565,0.040869,0.934225,0.086341,-0.023739,-0.028918,0.255851,0.003124,0.060592,0.051868,0.058658,-0.009242,0.022743,0.034088,0.055094,0.031323,0.043029,0.009294,0.117495,0.080912
0.913043,-0.021367,0.087128,0.240480,-0.052348,0.116401,-0.012601,0.016477,0.046448,-0.019558,-0.029667,-0.023797,-0.012456,-0.023755,0.107091,0.163249,0.083654,-0.028639,0.175867,0.046720
0.910153,0.038993,0.010070,0.211156,-0.049125,0.050047,0.242772,-0.048764,0.097097,0.026198,0.149071,-0.001592,0.021890,-0.029164,0.054332,0.030380,0.104769,-0.018122,0.100837,-0.012700
-0.240832,-0.110245,0.828212,0.291920,-0.005603,0.168029,0.045590,-0.114294,0.003244,-0.118578,-0.121021,-0.090146,-0.053388,-0.065689,0.112160,0.134063,-0.029167,-0.075978,0.123988,0.136853
-0.281520,0.036952,0.031191,0.162344,-0.050003,0.111393,0.060796,-0.115524,0.037442,0.089066,0.906702,-0.058356,0.036263,-0.025723,0.027608,0.005424,-0.018524,-0.008625,0.079759,0.125325
0.954399,0.034083,0.034816,0.114550,-0.011355,0.014605,0.202947,-0.033245,0.070387,0.057516,0.108665,-0.045617,0.025480,-0.018870,0.033805,0.011259,0.048696,0.002681,0.045534,0.045979
0.962165,0.009816,0.101538,0.113281,-0.014817,0.021840,-0.007521,-0.004767,0.038742,-0.003244,0.108177,-0.029320,0.021372,-0.007437,0.072040,0.085663,-0.065391,0.029481,0.112484,0.072890
-0.183065,-0.009313,0.002882,0.014437,-0.056476,0.053913,0.061492,-0.107202,0.050884,0.005656,0.951993,-0.054196,0.048738,0.047978,0.017066,0.066010,0.064454,-0.008036,0.099840,0.097220
0.941488,0.030534,0.056365,0.189656,-0.047405,0.119680,0.047883,-0.119020,0.064998,0.060785,0.079924,-0.019220,0.074937,-0.005601,0.031821,0.011689,-0.003258,0.003730,0.066387,0.120781
0.025782,0.058763,-0.133509,-0.038014,-0.107053,0.157698,-0.040953,0.843155,-0.029239,0.175207,0.153022,0.153097,-0.022408,-0.155791,0.006049,0.069874,0.249348,-0.059893,-0.097588,0.210505
-0.001411,0.038359,-0.016749,-0.051737,-0.048459,0.084844,0.060875,-0.067739,0.103904,0.049101,0.975698,0.004566,0.047599,-0.007083,0.023141,0.000827,0.038121,0.007436,0.078690,0.044282
