0.815278,-0.002786,0.025117,0.070086,-0.029854,0.072067,0.001934,-0.051449,0.016321,0.064533,0.521661,-0.001563,0.043352,0.000087,0.065285,0.049787,-0.077606,0.047132,0.163987,-0.026773
-0.167023,-0.068384,-0.149962,0.054603,0.061321,0.135985,-0.047226,-0.027666,-0.085634,0.240161,0.180599,0.168783,-0.048446,-0.105880,-0.066022,-0.110106,0.843494,-0.067974,-0.100585,0.185299
-0.164064,-0.015247,-0.046850,0.082630,0.025289,0.096316,0.107521,-0.077258,-0.042104,0.245805,0.306996,0.349695,-0.040577,-0.057816,0.041752,-0.055451,0.787215,0.039207,-0.051564,0.154745
-0.279941,0.023954,0.033865,-0.021395,-0.046865,0.131731,0.052279,-0.015982,-0.016739,0.058605,0.932782,-0.002304,0.041513,0.027216,-0.019889,0.063353,-0.017299,0.045209,0.111124,-0.039377
0.947543,-0.031738,0.050234,0.110390,-0.031850,0.084227,-0.009528,-0.005352,0.041363,0.010620,0.150256,-0.068825,0.031442,0.055636,0.095253,0.052641,-0.027558,0.034687,0.125093,-0.124664
-0.150153,0.023490,0.043459,-0.000424,-0.043601,0.062030,0.110552,-0.008012,0.074324,0.000684,0.178313,0.013088,0.041525,0.053196,0.007308,0.086868,0.001600,0.051977,0.947722,-0.080323
0.050352,0.099432,0.413966,0.129046,-0.120277,0.130200,-0.037538,0.324622,0.187409,0.033616,0.462618,-0.420212,0.136870,0.062344,0.174286,0.198434,0.080574,0.251584,0.261037,-0.064850
-0.345545,-0.026263,0.039439,0.095705,-0.037029,0.050597,0.029008,-0.023606,0.095281,0.027843,0.321712,-0.027827,0.034598,0.034725,0.844770,0.008160,-0.005566,0.051999,0.174640,0.019948
0.937587,0.024409,0.002391,-0.042318,-0.053392,0.212183,0.020111,-0.017956,0.004305,0.040309,0.154551,-0.007295,0.043911,0.005324,0.018225,0.091713,-0.046448,0.052807,0.148871,-0.080919
-0.178124,-0.059156,-0.075963,0.024927,0.076362,0.118916,-0.049745,-0.046444,-0.145213,0.197877,0.148187,0.115084,-0.052087,-0.138848,-0.016282,-0.049629,0.870342,-0.057233,-0.119757,0.196212
0.882910,0.082099,0.052599,0.194558,-0.128346,0.045485,-0.069312,-0.063636,0.072551,-0.020391,0.271097,0.015115,0.017735,0.066500,-0.045695,-0.053006,-0.001705,0.096528,0.209426,0.059150
-0.132410,0.003315,-0.029199,0.036112,0.011461,0.118535,0.051629,0.024179,-0.024050,0.231743,0.267309,0.603162,-0.013922,-0.042951,0.085420,-0.022463,0.662106,0.072291,-0.017433,0.139898
0.944905,0.065798,0.056211,0.160500,-0.017384,0.039137,0.025006,-0.029306,0.088622,0.011264,0.157236,0.010469,0.013909,0.086285,0.016458,0.070675,-0.028866,0.043446,0.147069,0.022803
-0.041415,-0.015230,0.066149,0.050672,-0.032535,0.065454,-0.031809,-0.060680,0.144429,0.057281,0.950188,-0.014751,0.043805,0.014531,0.063268,0.011546,-0.061214,0.043063,0.159985,-0.128043
-0.266365,0.049124,0.054266,0.086480,-0.004465,0.017840,0.019491,-0.038633,0.116895,0.076216,0.384116,-0.052129,0.043748,0.057593,0.824509,0.000941,-0.054185,0.026305,0.235729,0.004816
-0.181476,-0.113183,-0.105718,0.015224,-0.044976,0.068755,-0.092956,-0.010349,-0.103176,0.218918,0.208376,0.170291,-0.057852,-0.173661,0.006335,-0.078267,0.323356,-0.079522,-0.094589,0.798035
0.955093,0.072374,0.011893,0.085251,-0.018748,0.115424,0.075162,-0.018059,-0.025059,0.058167,0.066572,0.003970,0.032636,0.040823,-0.047370,0.069911,-0.025085,0.049495,0.179310,0.044128
0.015177,-0.000735,0.060258,0.004971,-0.029619,-0.016999,0.042935,-0.048626,0.956566,0.095750,0.183492,-0.029109,0.003822,0.041934,0.122065,-0.037601,-0.008530,0.029412,0.067313,-0.092085
-0.202791,0.193129,-0.110486,0.063068,-0.014296,0.079711,0.008532,-0.079039,-0.055887,0.269449,0.385760,0.189642,-0.037814,-0.100429,0.019969,-0.090125,0.186744,-0.010340,-0.121608,0.749805
-0.134593,0.005968,-0.090814,-0.052653,0.053759,0.087143,-0.033067,0.076170,-0.095684,0.166333,0.120589,0.107023,-0.039683,-0.100037,-0.029588,0.000883,0.923248,-0.012955,-0.084910,0.135682
0.954510,0.051994,0.033010,0.006036,-0.022307,0.018173,0.084415,-0.030154,0.008173,0.086500,0.185976,0.042080,0.054314,0.006840,0.002819,0.083152,-0.050251,0.057517,0.125998,-0.026127
0.873588,0.034183,0.011955,-0.027650,-0.036805,0.166721,0.053848,-0.024191,-0.072130,0.050746,0.423545,-0.031456,0.029486,0.023448,0.022962,0.028146,-0.040384,0.045997,0.086081,-0.008915
-0.283210,0.022548,0.091286,0.102030,-0.050966,0.081075,0.009143,-0.035652,0.050507,0.001220,0.200835,-0.090842,0.046138,-0.000660,0.049643,0.067099,-0.019043,0.058264,0.902767,-0.105041
0.934781,0.030755,0.032378,0.115223,-0.068699,-0.000663,0.023806,-0.051166,0.005595,0.032793,0.255250,-0.011144,0.030748,-0.007143,-0.017837,0.075442,-0.034986,0.073238,0.150660,-0.018261
0.924818,0.030279,0.127125,0.100386,-0.030710,-0.051195,-0.047394,-0.039885,0.107843,0.015445,-0.045848,-0.073223,0.031157,-0.021395,0.068133,0.064306,-0.115091,0.025393,0.216793,-0.140453
-0.181751,-0.027726,-0.015256,0.010664,-0.030433,-0.094735,0.035207,-0.078633,0.187807,0.001926,0.162314,-0.027878,0.043059,0.015642,0.917101,0.106157,0.078540,-0.002724,0.079484,-0.138542
0.923758,0.009567,0.080559,0.109835,-0.046928,-0.019560,-0.017717,-0.066013,0.154836,-0.008011,0.168800,0.022279,0.053302,0.025843,0.077892,0.056285,-0.027883,0.077587,0.192749,-0.105110
0.593122,0.065292,0.043736,0.152169,0.003796,0.066647,-0.000512,-0.077297,-0.007242,0.104058,0.250199,-0.084690,-0.003440,0.022455,-0.017990,0.060102,-0.059107,0.027107,0.720484,-0.003604
0.952386,0.051119,0.009552,0.090653,-0.023583,0.050003,0.121557,-0.047712,0.106891,0.085925,0.091394,-0.059401,0.040512,0.036599,0.037467,0.093075,0.013708,0.023092,0.062946,-0.116224
-0.233687,-0.065265,0.045877,0.072440,-0.033456,0.064951,0.003576,-0.028101,0.110915,-0.033744,0.042180,-0.047705,0.044214,0.042206,0.049694,0.112253,-0.013403,0.016463,0.939216,-0.093589
-0.156360,-0.030607,-0.128961,-0.066923,0.072377,0.028776,-0.059266,0.039216,-0.109230,0.151335,0.110128,0.142023,-0.033967,-0.145811,-0.057995,0.024683,0.342012,-0.045925,-0.099191,0.848498
0.931874,0.024619,0.016042,-0.033132,0.000557,-0.021388,0.087743,-0.030391,0.231900,0.107603,0.123775,-0.037027,0.023300,0.073770,0.127839,-0.017099,-0.040657,0.006525,0.059404,-0.103333
0.968986,0.027770,0.052596,0.007323,-0.032255,0.024367,0.011200,-0.001991,0.068154,0.016973,0.114479,-0.030690,0.050910,0.095640,0.027251,0.082061,-0.073452,0.017225,0.089073,-0.062365
0.943882,0.020180,0.025139,0.030305,-0.020181,0.043805,0.011423,-0.059379,0.129074,0.030074,0.229528,-0.040503,0.034393,0.031293,0.054877,0.063205,-0.050069,0.073578,0.108514,-0.019850
0.951780,0.007632,0.034279,-0.001938,-0.040328,-0.029643,-0.016915,0.003726,0.073581,0.006414,0.153741,-0.022038,0.040752,0.185770,0.010032,0.131044,-0.016965,0.049442,0.059831,-0.027187
0.917254,0.041697,0.036429,0.021061,-0.032125,0.144379,0.001894,-0.062864,0.035085,0.089695,0.310005,-0.026810,0.038839,0.044211,0.057310,0.012897,-0.058914,0.043613,0.103288,-0.015784
-0.175575,0.007629,-0.047095,0.049080,-0.007781,0.062742,0.019409,0.073224,-0.097878,0.251170,0.206039,0.829289,-0.057769,-0.136962,-0.045384,-0.093716,0.235474,0.000063,-0.104509,0.229359
0.896291,0.127641,0.057083,0.235001,-0.026063,0.081462,-0.012706,-0.073158,0.010111,-0.003289,0.240060,-0.107915,0.025561,-0.012727,0.094888,0.019275,-0.050861,0.086521,0.134284,-0.037060
0.957747,0.028608,0.029487,0.030711,-0.038447,0.088529,0.039275,-0.001960,-0.009899,0.058487,0.102133,-0.030641,0.044133,0.063136,0.029204,0.086333,-0.087142,0.029121,0.163435,-0.070333
-0.148736,-0.070680,0.131165,0.884819,-0.036441,-0.030295,-0.110081,-0.079476,0.210275,0.055044,0.206257,0.001460,0.020407,-0.011290,0.098719,0.086203,0.015086,0.077067,0.181496,-0.073997
0.927212,0.019944,0.012630,-0.027298,-0.045893,0.088671,0.054526,-0.017684,0.157109,0.003759,0.206455,-0.003423,0.085832,0.084478,-0.016182,0.105767,-0.013907,0.039392,0.141040,-0.103915
-0.145338,-0.086528,-0.113727,-0.029524,-0.033516,0.015085,-0.071200,-0.070573,-0.127517,0.190030,0.266518,0.182518,-0.100360,-0.195190,-0.041634,-0.060310,0.290914,-0.076793,-0.165872,0.786055
-0.237825,0.031623,0.030669,0.053813,-0.024973,0.116018,0.042216,-0.043289,0.846578,0.076645,0.410285,-0.044911,0.037072,0.040930,0.036838,0.008992,-0.044927,0.051040,0.137155,0.004701
0.975014,0.081563,-0.005516,0.066091,0.000970,0.023394,0.084697,-0.018638,0.006631,-0.011597,0.148342,0.009254,0.057741,0.015375,-0.019182,0.026087,0.027480,0.010951,0.042136,0.026251
0.927100,0.058501,0.036934,0.076218,-0.027547,-0.023466,-0.044825,-0.140535,0.184825,-0.019391,0.144903,0.012652,0.027499,-0.004357,0.048556,0.032093,-0.043078,0.020387,0.191004,-0.090617
0.925750,0.037483,0.051083,-0.039878,-0.037527,0.111735,0.011380,-0.025058,-0.027924,0.068653,0.291528,-0.026453,0.038993,0.027701,0.063124,0.062977,-0.071901,0.075779,0.089679,-0.048552
0.892555,0.038409,0.027134,0.198389,-0.012040,0.134673,-0.008391,-0.074407,-0.066056,0.061136,0.287131,-0.067316,0.040559,0.035308,0.034753,-0.020859,-0.062169,0.035708,0.182006,-0.003205
0.851548,0.039518,0.036363,0.102153,-0.020702,0.043096,0.098264,-0.078932,0.279860,0.121443,0.127673,-0.253252,0.028602,0.021390,0.104870,-0.017606,-0.008491,0.025542,0.156125,-0.179405
0.945735,0.024319,0.012663,0.060196,-0.021508,-0.042598,-0.000929,-0.072431,0.130710,0.079137,0.171950,-0.052969,0.023791,0.032996,0.047474,0.009219,-0.050738,0.060959,0.153062,-0.065214
0.952492,0.013899,0.043910,0.147269,-0.023537,0.070117,-0.017776,-0.087405,0.092920,0.038089,0.107066,-0.081476,0.016818,0.070410,0.056088,0.011646,-0.034306,0.037960,0.126345,-0.015285
0.499052,0.060835,0.791898,0.138823,-0.029911,0.016964,-0.015171,0.005710,0.040672,0.151695,0.159101,-0.019525,0.056151,-0.048054,0.045883,0.039690,0.025188,0.051345,0.165843,-0.095656
0.914125,0.040499,0.066306,0.161456,-0.050626,0.110873,-0.056586,-0.050454,0.151054,0.030238,0.166825,-0.007330,0.064188,-0.013892,-0.004615,0.043825,0.041256,0.101480,0.182581,-0.091978
0.954895,0.053890,0.020832,0.043986,-0.034449,0.047195,0.056993,-0.023790,-0.007703,0.054616,0.226537,0.015811,0.046551,0.017694,0.013207,0.078958,-0.048652,0.072018,0.067079,-0.011060
-0.224857,0.022494,0.014055,0.030422,-0.024567,-0.041907,0.014667,-0.052302,0.934360,0.112378,0.149598,-0.041224,0.056170,0.034082,0.039078,0.006702,0.000839,0.036122,0.137072,-0.082346
0.846882,0.048676,0.056972,0.243816,-0.030938,0.073351,-0.082110,-0.007032,-0.042691,-0.020758,0.422186,-0.098292,0.001447,0.003877,0.075744,-0.003112,0.018863,0.041897,0.071049,-0.039015
-0.254538,-0.035601,0.019897,0.107427,-0.047396,0.784574,-0.045911,-0.086315,0.205992,0.092147,0.403959,-0.054695,0.035727,0.028449,0.063008,0.020188,0.070101,0.076705,0.212203,-0.123517
0.859333,-0.006680,0.024484,0.262618,-0.059129,-0.047782,-0.132606,-0.076650,0.088033,-0.053190,0.231302,-0.086831,-0.008686,-0.083625,0.183638,-0.023024,0.018718,0.073276,0.167631,-0.126232
0.900925,0.045719,0.037474,0.058219,-0.043110,0.037740,0.005561,-0.060771,0.032352,0.043611,0.326506,-0.082262,0.030129,0.026390,0.047256,0.006763,-0.096055,0.047250,0.195519,-0.067463
0.128027,0.036653,0.035617,0.055801,-0.011599,0.007985,-0.033800,-0.065460,0.096693,0.126880,0.201593,-0.075250,0.031799,0.056644,0.925765,-0.018456,-0.058386,0.030931,0.177615,-0.054708
0.951287,0.007286,0.075924,0.094421,-0.025935,0.042952,-0.020958,-0.025703,0.123266,0.039089,0.081143,-0.004527,0.046671,0.010346,-0.014213,0.065924,-0.076606,0.050491,0.182920,-0.068297
0.582049,0.009404,0.048239,-0.036927,-0.048240,0.058156,0.033303,-0.039086,0.159331,-0.005241,0.762538,-0.063100,0.054816,0.054888,0.040213,0.076142,-0.022976,0.057133,0.056227,-0.133597
0.890169,0.061680,0.031509,0.023902,-0.047773,0.124919,0.043810,-0.035615,0.055994,0.073577,0.362733,-0.020724,0.063202,0.032925,-0.006588,0.037155,-0.069155,0.045533,0.158494,-0.046075
-0.144115,-0.068560,-0.075525,0.009487,-0.051145,0.023610,-0.061859,-0.030758,-0.058082,0.150556,0.225115,0.227159,-0.035767,-0.113630,-0.061863,-0.003678,0.373728,-0.035790,-0.078495,0.816900
0.942477,0.054315,0.047398,-0.036698,-0.031167,-0.007848,0.102699,-0.006659,0.011794,0.075146,0.230786,0.064415,0.057191,0.013780,-0.012732,0.087507,-0.043504,0.055534,0.110958,-0.042476
