-0.120230,0.170370,0.285719,0.141382,-0.206318,-0.277301,-0.369484,0.380740,-0.131299,-0.091655,0.005613,-0.309113,0.221635,0.274828,-0.110819,-0.145111,-0.209784,0.004971,-0.285008,-0.222428
0.293544,0.060558,0.307828,0.122596,-0.207151,-0.306607,0.216757,0.326161,-0.198442,0.108923,0.048312,-0.163940,-0.089874,0.102294,-0.140008,0.468022,0.195530,0.167909,0.303080,0.119028
0.095044,0.245762,-0.302229,0.279573,0.239716,-0.286427,0.236961,0.244611,0.229091,0.272136,-0.127876,-0.272645,-0.122580,0.265116,-0.228820,-0.000546,0.132621,-0.192007,0.190299,0.244960
0.083831,-0.235642,0.316306,-0.285159,-0.114907,-0.278054,0.262885,0.227517,-0.271036,-0.245946,0.330655,-0.108843,0.278095,-0.266651,-0.091466,0.069527,-0.186634,0.010170,0.289373,0.096168
-0.244716,-0.173546,0.014289,0.262246,-0.279268,-0.208373,0.178429,-0.247831,0.268185,-0.217378,-0.287502,-0.231516,-0.013343,-0.268978,-0.093513,0.198964,-0.195754,-0.231227,0.278122,0.284469
0.101806,0.020772,-0.032704,0.178777,-0.179934,0.346724,-0.366819,-0.054036,-0.290397,0.203155,-0.039134,-0.228729,0.033313,0.095156,0.321500,0.351604,0.029146,0.077877,-0.327099,0.368230
0.002314,-0.103794,-0.090439,-0.069550,0.050991,0.001699,-0.337343,-0.125708,0.228609,0.290715,-0.122844,0.293550,0.242080,0.063293,0.482355,-0.011536,0.162602,0.268140,-0.188143,0.420494
-0.232609,-0.169506,-0.211806,-0.168328,0.090226,-0.193550,-0.289749,-0.347229,-0.291125,-0.148253,0.140020,-0.277748,-0.116594,-0.051198,0.221094,-0.391862,-0.257261,-0.102935,-0.114772,-0.285926
-0.123223,0.243258,-0.263430,-0.242290,-0.219942,-0.221396,-0.233201,0.265071,-0.244788,-0.179977,-0.247205,-0.194688,-0.250836,-0.261422,-0.194789,-0.137427,0.199436,0.178704,0.208110,0.284728
-0.342312,0.142468,0.434605,-0.150058,0.239550,0.024216,0.385977,-0.005866,-0.242029,0.184426,0.252426,0.197245,0.175354,0.026556,-0.119674,0.201554,-0.008726,0.233538,0.197497,0.262500
0.089872,-0.221818,-0.369200,-0.102546,-0.344401,0.241897,-0.324621,0.142033,-0.180946,-0.118801,-0.254036,-0.027675,0.117840,-0.008044,0.061738,0.436724,0.137462,0.249983,-0.042646,0.298941
-0.040406,0.002518,0.215256,-0.078974,-0.056488,-0.001998,0.036865,0.151470,0.083848,0.461644,-0.066019,0.532774,0.301747,-0.070372,0.410619,-0.290833,0.119053,-0.137656,-0.148542,-0.074546
-0.210578,0.216084,0.248959,0.183090,0.312616,-0.279496,0.248253,-0.182046,-0.224289,-0.134906,-0.160638,0.229494,-0.247301,0.165512,-0.220435,-0.012101,0.247662,0.255023,0.229604,-0.281936
-0.190481,-0.008298,0.234295,0.041078,-0.151634,0.386723,-0.096822,0.004022,0.094466,0.204515,0.114021,-0.245028,0.090678,0.010793,0.325538,0.486593,0.067248,-0.471531,0.128331,-0.083179
-0.187039,0.157632,-0.265853,0.221842,0.171377,0.234556,0.259539,0.279205,0.248382,-0.202248,0.191213,0.231176,0.239603,0.251069,-0.184893,-0.135465,-0.244822,0.215630,-0.223798,-0.261667
0.245031,0.274040,0.188128,-0.224965,-0.249949,-0.204841,-0.258751,-0.168939,-0.245216,-0.188041,0.207513,0.026297,0.251343,0.247900,-0.242531,-0.117330,0.245442,0.222070,-0.264433,-0.250985
