-0.156405,-0.253475,-0.119094,-0.154927,-0.150706,-0.155860,0.217273,0.144060,-0.320006,0.216751,-0.061743,0.352013,0.246946,-0.297494,-0.326052,-0.203016,0.331516,-0.107725,0.206471,-0.140990
-0.177848,-0.290383,-0.313452,0.381706,-0.030048,-0.147211,-0.141201,-0.193917,-0.334875,-0.225584,0.111254,0.140830,-0.113243,-0.097040,0.226967,0.183260,0.409128,0.089726,0.208641,0.196044
-0.275739,0.260716,-0.189579,-0.270972,0.240339,-0.205416,0.247295,-0.234655,-0.260180,-0.244616,0.058502,-0.196158,-0.258300,0.173555,-0.185718,0.013625,-0.228821,-0.238567,0.250686,-0.239557
-0.194328,0.224011,-0.091667,0.222624,-0.238047,-0.165814,-0.161196,0.332881,-0.285875,-0.207271,-0.106752,0.265733,0.244816,-0.283589,-0.245265,0.314152,-0.034833,-0.268515,-0.167577,0.160752
-0.220421,-0.184162,0.239128,0.208439,0.218808,0.184732,-0.239381,0.214710,-0.225433,0.254181,-0.216854,-0.285045,0.193661,0.246801,-0.202431,-0.163297,-0.179104,0.248974,0.203406,-0.293699
0.323000,0.128146,-0.038822,0.088022,-0.042176,0.047012,0.105992,-0.178597,-0.021121,-0.024846,0.101430,-0.216337,-0.101653,0.180647,-0.427220,0.197297,0.257443,0.264755,-0.419668,0.433381
-0.144477,0.072506,-0.112650,0.104141,0.095492,0.274831,0.259004,-0.343451,0.301061,0.044567,-0.260162,0.290990,-0.316991,0.079290,-0.139719,0.145017,0.146933,0.187363,0.224479,0.425737
-0.288166,-0.162225,-0.273716,-0.075652,0.149606,0.290921,0.113263,-0.021274,-0.278574,-0.193238,-0.182200,-0.274811,0.168526,0.271630,0.246419,-0.208996,-0.200277,0.318056,-0.147865,-0.310353
-0.152196,0.111653,0.277554,-0.276999,0.274609,-0.268669,0.165446,-0.213454,0.269416,-0.202782,-0.277163,-0.118987,0.258385,-0.216591,-0.284232,-0.197298,-0.090679,0.216159,0.237647,-0.201450
0.004329,-0.131877,0.047555,0.283417,0.136844,0.123864,0.347361,0.266780,0.274808,-0.436030,0.262554,0.249321,0.055535,0.045779,0.074489,-0.490178,-0.048625,0.128902,-0.007938,0.085554
0.101332,0.265058,-0.366029,0.227983,0.246257,0.306959,0.200665,0.018652,0.098993,0.020694,0.279206,0.374517,-0.027511,0.136667,0.058771,-0.364405,0.200127,0.256428,-0.093881,-0.198230
0.279995,0.147726,-0.067994,0.020537,-0.337358,-0.064638,-0.157691,0.380582,0.107322,0.363979,0.435414,-0.039192,-0.072154,0.077226,0.400776,0.090358,0.039387,-0.025799,0.115905,0.276243
0.237423,-0.190124,0.283648,-0.277380,-0.295983,-0.275906,0.282156,-0.010215,-0.186153,-0.161126,-0.232722,0.120740,-0.136968,-0.171424,-0.240695,-0.266040,0.013301,0.155895,-0.304087,0.288931
0.317654,0.137802,-0.060407,0.170920,-0.033066,0.322002,0.279899,0.103387,-0.341927,0.154028,0.285025,0.271984,0.315961,-0.335358,-0.006578,0.167736,0.229922,-0.017425,-0.015533,0.252381
0.239226,-0.222984,-0.212062,0.230906,-0.212660,-0.134669,0.218512,0.199782,0.250191,-0.257381,0.266334,0.210825,0.215411,-0.215543,-0.235799,-0.235660,-0.139876,-0.246297,-0.253546,0.225852
0.229458,-0.239852,0.239668,-0.198567,-0.250481,-0.138903,-0.266721,0.222555,0.181048,0.165804,0.259116,0.244842,0.267208,0.255650,-0.216399,-0.178242,-0.276782,0.218951,-0.062112,0.243157
