-0.252730,0.224684,0.259737,0.359978,-0.243353,-0.206479,-0.099734,-0.067630,-0.302536,-0.298729,0.206300,-0.051450,0.220224,0.076350,0.126120,0.022517,0.198412,0.222795,-0.329077,0.279660
-0.052869,-0.353739,0.266603,-0.020427,-0.250326,0.154286,0.092796,0.120997,-0.098794,-0.163194,0.013768,0.349303,0.028015,-0.168665,0.368321,0.006942,0.337792,0.079240,0.402244,0.291790
-0.256958,-0.222001,-0.202206,0.217611,-0.141734,-0.208340,0.252608,0.274254,0.256000,-0.252486,-0.208237,-0.218478,0.264627,-0.235194,-0.237493,-0.146994,-0.214153,0.219654,0.126523,-0.245100
-0.364753,-0.032524,-0.215883,-0.284525,0.148555,-0.126053,0.026629,-0.206007,-0.349263,-0.091409,-0.240605,-0.240750,0.295640,0.094368,0.220207,-0.190661,-0.321000,0.167739,-0.284196,0.133958
-0.241236,0.267818,-0.250212,-0.223314,-0.235854,-0.229627,-0.225527,-0.201054,0.190242,-0.165391,0.170409,-0.236264,-0.239793,-0.212969,0.268361,-0.182465,-0.260936,0.252669,0.188950,0.183734
-0.320996,-0.125351,0.426016,0.224714,-0.000724,0.250004,-0.073113,0.008950,-0.063672,0.303040,-0.312354,0.316981,-0.324332,0.224180,0.144639,-0.010492,0.191853,0.211978,0.030217,0.168140
-0.355869,-0.055622,-0.029991,-0.163844,-0.187543,-0.375193,0.155982,0.250718,0.387781,0.282782,0.329067,0.121985,0.067501,0.163154,-0.046840,0.281511,0.321776,-0.093763,0.021185,-0.022012
0.160845,-0.112232,0.276099,-0.306792,-0.122389,0.116372,0.300350,0.006966,-0.239809,-0.253093,-0.277653,0.235658,-0.282690,-0.213162,0.208710,0.218266,-0.296625,0.164383,-0.042914,0.291219
-0.201329,-0.214225,0.257038,-0.196371,-0.213239,0.256352,0.049517,-0.247029,0.250059,-0.240138,0.271728,0.264428,0.181688,0.201309,-0.224252,-0.255222,-0.257149,0.218050,0.227355,-0.126502
0.125071,0.179073,0.002271,-0.051239,-0.063212,-0.084458,-0.326039,0.453867,-0.048598,0.321240,0.187671,-0.377056,0.079999,0.119913,-0.404598,-0.319016,-0.185117,0.140341,-0.020553,0.051466
0.207310,0.104399,0.000619,0.123888,0.422744,-0.462035,-0.180848,0.061762,-0.074949,-0.186114,0.060664,0.153139,0.038089,-0.481614,-0.014203,0.251173,0.174114,-0.304879,0.112026,0.046565
-0.146922,0.310384,0.045746,0.164855,-0.392018,0.058667,0.151560,-0.036670,0.539528,0.102945,0.281894,0.396192,-0.165796,0.164792,0.004238,0.220560,0.099349,-0.081350,-0.003405,0.115940
0.236600,0.218403,-0.166957,0.233522,0.204922,-0.182287,-0.101515,-0.205104,-0.152525,0.266543,0.251672,0.262170,-0.264404,-0.150851,0.202190,0.289004,-0.253676,-0.273328,0.210065,-0.244297
0.209010,0.087859,0.063231,0.150987,-0.134209,0.229056,-0.327508,0.061066,-0.038179,0.237853,0.207588,-0.490105,-0.070236,0.342455,0.062173,0.378203,0.081009,0.163061,-0.099331,-0.294745
0.172927,0.252717,0.261698,-0.237045,-0.246849,0.232807,-0.247988,0.161674,0.259970,-0.198356,0.234067,-0.239904,0.242925,0.235846,0.258954,-0.147903,0.221262,-0.234466,0.117595,0.195410
-0.153079,0.242342,-0.224406,0.257532,0.163972,-0.254262,-0.230312,0.009885,0.254518,-0.231356,-0.231245,-0.181869,-0.268797,-0.231381,-0.241402,0.248292,-0.248319,-0.189387,0.251948,-0.211903
