0.313189,-0.151505,0.231661,0.210991,-0.220522,-0.298865,0.270831,-0.083600,0.227622,-0.049005,0.145868,0.334022,0.281389,-0.221592,-0.041016,0.198774,0.238429,0.214411,-0.220734,-0.233250
-0.334781,0.354822,0.037188,0.398774,-0.025194,0.096716,-0.161316,-0.334827,-0.020460,-0.079963,0.003000,-0.138133,-0.032727,0.155135,0.082464,-0.342110,0.228890,-0.001539,0.368860,0.300278
-0.261323,-0.224593,0.241833,0.190001,-0.252681,0.214755,0.264253,0.237692,0.226720,-0.190957,0.176606,0.210897,0.227670,-0.247946,-0.209132,0.229312,0.229460,0.233434,-0.216331,-0.152589
0.146567,0.265260,-0.275855,-0.088355,-0.288714,-0.154926,-0.076493,-0.202263,-0.302025,-0.114230,0.240421,0.233377,-0.240653,-0.150950,-0.281428,-0.268067,-0.201703,0.295273,-0.214631,0.218862
0.217906,-0.189666,-0.201096,0.212196,-0.171743,-0.239753,-0.224683,0.226064,0.264262,-0.225022,-0.227424,-0.246998,-0.219035,0.257798,-0.260272,-0.069178,-0.267680,-0.236393,-0.217934,0.217534
-0.378991,0.015692,0.321418,0.085468,-0.203031,0.210077,0.367379,0.034626,0.108054,0.080150,0.275880,0.167452,0.101258,0.045634,-0.240179,0.042712,0.260660,-0.158149,0.223931,0.432192
0.084174,-0.033436,-0.143157,0.297849,-0.114845,-0.137298,-0.101296,-0.095572,-0.080942,0.195317,0.353766,0.362032,0.046841,-0.040015,0.309993,0.424116,0.182703,0.168213,0.313488,-0.300866
-0.259552,0.260634,-0.237296,-0.019937,0.259709,-0.299242,-0.017406,0.351184,0.211165,-0.206993,-0.087941,-0.325518,0.101712,0.281997,0.280139,-0.150656,0.159273,-0.150906,-0.219917,0.196694
0.236580,0.215579,0.207344,0.220829,0.249320,-0.144275,-0.121265,0.204032,0.237874,-0.239425,0.211740,0.268661,-0.219972,-0.267989,-0.198584,-0.233803,0.263432,-0.205052,-0.232903,0.235745
-0.016657,0.162315,0.303952,-0.179418,-0.014186,0.148303,0.099510,0.442122,0.032502,-0.324225,0.213621,-0.320488,-0.113529,0.350227,-0.186562,-0.106124,0.392696,0.164772,-0.060989,0.003173
0.052291,0.180548,-0.016636,0.421265,-0.007273,-0.101338,0.143385,0.152464,-0.071371,0.147078,-0.456220,0.207099,0.007101,0.101955,0.107770,0.332176,-0.299443,0.274788,-0.373342,0.134493
0.395198,-0.156045,0.108952,0.086797,-0.067504,0.403479,0.096802,-0.053350,-0.042653,0.149653,0.213841,-0.029296,0.408306,0.061382,0.064439,-0.501205,0.061441,0.236334,0.229441,-0.107623
-0.228497,-0.236739,-0.129692,-0.224032,-0.207090,-0.221655,0.255253,-0.112477,0.265834,-0.014389,-0.232739,0.263577,-0.202080,-0.285061,0.248672,-0.239720,0.246022,0.270064,-0.223473,-0.188666
0.140950,-0.079213,0.236620,-0.181323,-0.041233,-0.160916,0.014397,0.197964,-0.093778,0.108067,0.295964,0.401855,-0.000592,-0.423415,0.104315,-0.407398,0.122390,-0.328208,0.151076,0.216302
0.230184,0.246629,0.215233,-0.212481,-0.230032,0.273074,-0.236156,-0.265128,0.239980,0.234851,0.223440,0.216697,-0.180413,-0.264884,-0.196034,0.044940,-0.225429,-0.219858,0.207950,-0.214430
-0.211083,0.217947,0.206502,0.238262,-0.251708,-0.192616,0.235555,-0.233338,-0.239345,0.230823,0.181899,0.248038,0.223044,-0.219784,-0.238651,-0.226110,0.167131,-0.204102,0.249941,0.234032
