-0.304278,-0.056948,0.058207,-0.105918,-0.228082,-0.103479,-0.360272,-0.262008,-0.283849,0.309305,0.309944,-0.172266,-0.006159,0.251235,0.088002,-0.231261,0.270321,0.327901,-0.133165,-0.060854
-0.186591,-0.166001,-0.219167,-0.310310,0.157227,-0.064154,-0.300540,-0.289508,0.131858,0.056385,0.327163,-0.026631,-0.428095,-0.383568,-0.140668,-0.135591,0.195603,-0.101215,0.146321,-0.153422
-0.226317,-0.264206,0.043035,0.279973,0.276380,-0.254587,0.248912,0.250155,0.123133,0.185149,-0.082832,0.271457,0.257787,0.189129,-0.233212,-0.221182,-0.256336,0.232753,-0.183997,0.209143
0.202693,0.293451,0.277138,-0.165628,0.194105,-0.303853,-0.195561,-0.015827,-0.223900,-0.290306,0.070713,0.179079,-0.264709,0.128513,0.230343,0.230664,0.203814,-0.157490,0.317946,-0.261353
-0.124974,0.218036,-0.285512,-0.171731,-0.237865,0.254853,-0.173955,0.259971,0.268251,-0.244492,-0.148047,-0.207306,-0.240885,-0.260111,0.166258,0.272422,-0.226440,0.087552,0.245284,0.251367
-0.089782,-0.333736,0.125234,-0.090275,0.114171,0.419347,-0.267845,0.064479,-0.245392,0.158582,0.435523,-0.125239,0.103125,0.117032,-0.289513,-0.102525,0.408016,0.109877,0.028140,0.056630
-0.095962,-0.070239,-0.116225,0.143453,0.044395,0.412971,0.180688,0.428033,-0.273770,-0.387344,0.409056,-0.095918,0.008501,-0.074744,-0.093932,-0.060241,0.269107,0.038298,-0.098334,0.245389
-0.204412,0.274284,-0.206490,0.194376,-0.267966,-0.173156,-0.135297,-0.284854,0.244618,0.247653,-0.248864,0.283391,-0.121282,-0.160703,0.221616,0.275382,0.169225,0.253386,-0.242850,-0.143572
0.196624,-0.144672,-0.203367,-0.271654,0.263361,-0.163459,0.186866,0.278397,0.266499,-0.237465,-0.155188,-0.268443,-0.274278,-0.252217,0.207781,-0.236596,0.129198,0.119002,-0.236970,0.261145
-0.010420,0.074779,-0.236609,0.056821,0.129728,-0.383118,-0.022183,-0.115741,-0.044680,0.324385,0.472152,-0.078086,0.154586,0.274164,0.291311,-0.124473,0.403644,-0.113381,0.191187,0.097925
0.077840,-0.003849,-0.017824,0.288266,0.023787,0.350611,0.057885,0.072378,-0.240140,0.198417,0.282885,0.092616,-0.046916,0.384923,-0.025800,-0.119472,0.505608,-0.103463,-0.394798,-0.072624
0.395806,0.176190,0.296338,-0.117212,0.139956,-0.170079,0.026294,0.084065,0.390070,-0.376489,0.510700,0.101561,0.242115,-0.030225,-0.091594,0.044881,-0.025770,0.094889,-0.066034,-0.073985
0.186366,0.279593,-0.254327,0.268624,0.242119,0.066792,0.234608,0.229749,0.207195,-0.242992,-0.253678,-0.271740,0.124995,0.151818,0.179994,-0.228122,0.108407,-0.229206,-0.251342,0.297668
0.063515,-0.573847,0.223355,-0.041265,0.058988,-0.159997,-0.198365,0.251907,0.129420,0.192854,-0.179632,-0.449395,0.227266,0.209231,-0.021833,-0.011017,0.295871,0.077801,-0.069407,-0.024290
0.220957,0.227386,0.242003,-0.173055,0.174216,-0.249298,0.242188,0.218585,0.178979,-0.265705,-0.173093,0.246854,-0.228672,0.133900,0.237997,0.271006,0.196977,-0.246973,-0.256071,0.229824
0.168050,0.223954,-0.244067,-0.233254,-0.261873,-0.161166,-0.240597,0.193721,-0.263849,0.216287,0.222222,-0.220773,0.207724,-0.166051,-0.208581,0.281261,0.214479,0.168729,-0.261081,0.259174
