0.296048,-0.255116,-0.160631,0.287093,-0.417815,0.223476,-0.162613,0.220276,0.131102,-0.118864,-0.016727,0.005560,0.212893,-0.232243,-0.110335,-0.122641,0.189998,-0.005797,0.402852,0.288178
-0.065755,-0.074496,-0.100082,-0.171287,0.210475,-0.218116,-0.283694,0.137291,-0.355949,-0.094520,0.127132,0.196211,0.429906,-0.339471,0.064361,-0.190531,-0.250526,-0.282107,0.152905,0.251076
-0.189909,-0.209982,0.254899,0.227693,0.238671,-0.131972,-0.255092,0.269873,-0.263502,-0.203921,-0.236947,0.195814,-0.253804,-0.218736,-0.245235,-0.217205,-0.225840,0.273321,-0.144803,0.137772
-0.176291,-0.287963,-0.303155,-0.310739,0.302067,0.215763,0.232913,-0.112905,0.271034,-0.142261,0.246810,-0.120703,-0.213824,-0.175223,-0.147906,-0.285814,0.150490,-0.172262,0.218791,0.208279
-0.188883,-0.189426,0.172609,-0.193936,0.252144,-0.176558,0.243161,0.151318,-0.171888,0.153376,0.278104,0.150318,0.270473,-0.206045,-0.187308,0.302949,-0.299928,0.207310,0.293796,-0.263688
0.330173,0.155919,-0.076181,0.269605,0.167272,-0.008938,0.273880,0.302438,-0.051366,0.225082,0.420503,-0.114138,0.135921,-0.162604,0.180322,0.224515,0.002129,0.168573,0.212618,-0.386044
0.153741,-0.351055,-0.028565,0.070350,-0.285350,0.248886,-0.347575,-0.081574,-0.154822,0.054749,-0.444589,0.254383,0.077156,0.067263,0.117416,0.165813,0.354149,-0.165691,0.051001,-0.282764
0.096466,0.317103,-0.156963,-0.212928,-0.195336,-0.283484,0.342463,-0.029659,-0.297904,-0.261472,0.254468,0.229964,0.267690,-0.138711,-0.162577,0.172129,-0.120650,-0.194129,0.188749,-0.271855
0.234711,-0.224088,-0.190876,-0.218858,-0.239125,-0.232081,-0.246267,-0.243580,0.204708,-0.203299,0.222707,0.238139,-0.243149,0.137557,0.214827,-0.234290,-0.209868,0.238438,-0.230108,0.238463
0.142628,-0.328431,0.151824,0.059882,0.352158,0.442525,0.033260,0.049932,0.349613,0.222231,0.062685,0.174639,-0.079617,-0.009982,0.235425,0.157238,0.327110,-0.112627,0.190892,-0.270099
0.124697,0.207699,0.189469,0.231230,-0.039509,0.316451,0.285833,0.329495,-0.392623,0.368621,-0.115258,0.198294,0.067370,-0.021256,0.122189,0.175762,-0.269336,0.076585,0.134232,0.264762
-0.082470,-0.036234,0.033676,0.101194,0.083951,0.094025,0.201835,-0.449452,-0.419880,0.316880,0.245315,-0.448528,-0.001057,-0.192805,0.077052,0.079071,-0.090681,-0.337715,-0.101942,0.042176
-0.272770,-0.190271,0.207968,-0.300741,-0.234289,-0.266424,-0.177097,-0.196570,0.214935,-0.123223,-0.170024,-0.277743,0.114938,-0.279633,-0.276292,0.213026,-0.289202,0.141792,0.198201,-0.190372
-0.180362,0.113041,0.098920,0.074978,-0.084614,0.415691,-0.318460,-0.322933,0.383665,-0.351499,0.205433,0.125536,0.254679,0.150789,0.147599,0.016870,0.086765,-0.168646,-0.187479,0.210056
-0.237561,-0.200147,-0.220786,0.150752,-0.237814,0.232629,-0.270929,-0.228772,0.205687,0.164511,0.236464,-0.214201,0.199648,-0.254143,-0.221594,-0.158831,-0.264675,-0.233906,0.227775,-0.262734
0.269425,0.245756,0.260834,-0.246380,-0.249713,-0.129865,-0.200538,0.239550,0.271505,0.250341,-0.128677,-0.257250,0.190916,-0.035695,-0.256626,-0.190673,0.056021,-0.258502,0.229415,-0.282498
