0.354721,-0.228202,0.276092,0.091567,-0.222456,0.004966,-0.234332,0.021863,-0.148718,-0.130573,-0.348629,-0.162143,0.222499,-0.107010,0.324988,0.277447,0.004014,-0.265629,0.267328,0.244940
-0.228757,-0.414202,0.199504,0.027466,0.158849,-0.107924,-0.384703,-0.207771,0.089603,-0.106587,-0.397067,0.199614,-0.039896,-0.083840,0.122187,0.077005,-0.089070,0.358361,0.262611,0.236234
0.211201,0.270674,-0.237620,-0.239871,0.176866,-0.264116,-0.023385,-0.213693,-0.221052,-0.249698,0.157046,-0.254662,-0.254796,-0.206339,-0.237617,-0.260267,0.165363,-0.214105,0.254140,0.225117
-0.217061,-0.266765,-0.263687,-0.244374,-0.051746,0.013544,0.286641,-0.180972,-0.166727,-0.270415,0.257478,0.305671,0.317966,0.202245,-0.168914,-0.103672,0.133165,-0.297048,-0.020708,-0.293870
-0.254151,-0.132384,-0.187723,0.250725,-0.217181,0.243159,-0.258328,-0.272929,-0.182978,-0.241338,-0.220168,0.078411,-0.260999,0.247934,-0.241903,0.267068,0.171190,-0.210812,-0.262414,0.154506
-0.024516,0.123228,0.327431,0.291784,-0.093853,0.192217,-0.235149,-0.026062,0.046968,0.032269,-0.135966,0.193980,0.475098,0.097131,0.108024,0.259389,0.053873,-0.290137,-0.416042,0.237688
0.232603,0.225187,-0.418462,-0.266593,0.153011,0.284368,0.114857,0.080631,0.263955,0.057887,0.029699,0.119509,-0.132645,0.435216,0.154110,0.063136,0.209943,0.269834,0.266793,0.118476
-0.187931,0.022417,-0.241276,-0.169252,-0.326018,0.059120,-0.285597,0.307385,0.303056,-0.274145,-0.248126,-0.056585,0.081211,0.276051,-0.146807,-0.058052,-0.225339,0.221973,0.208606,-0.329289
-0.192118,-0.215521,0.242706,0.208071,0.240043,-0.192553,-0.209322,0.230908,0.204904,-0.294170,-0.080348,0.290717,-0.214254,0.255956,-0.271184,-0.204199,0.250047,-0.250192,-0.214413,-0.073261
-0.120709,-0.038219,0.435543,-0.463953,0.333911,0.285593,0.324844,0.166460,-0.144500,0.126437,0.168642,0.005252,-0.075966,0.185839,0.081270,0.104531,0.135558,0.323725,-0.017834,0.077851
0.206649,0.082430,0.113802,0.133246,-0.356509,0.236701,-0.505576,0.026844,-0.375849,0.203695,0.275943,0.282943,0.021932,-0.264397,-0.206908,0.075753,0.102120,-0.035487,0.097824,0.034557
0.290310,0.017476,-0.246015,0.209259,0.079857,0.283514,0.263640,-0.305481,-0.196084,0.039534,-0.341134,0.289289,-0.089846,0.182336,-0.022932,0.205481,-0.331666,-0.022744,-0.355790,0.016567
0.168633,0.270873,0.186634,-0.216805,0.211832,0.189519,0.245015,-0.181330,-0.241994,-0.146788,0.261485,-0.255963,-0.220223,-0.234664,-0.284256,0.259362,-0.198425,0.161461,0.307117,0.131353
0.214251,0.121435,0.089858,0.191881,-0.098054,0.240926,0.298227,-0.017098,0.059748,0.269871,0.127654,-0.068207,0.379060,-0.326882,0.394133,0.246466,0.068515,-0.089774,-0.275061,-0.291858
-0.214526,-0.248286,-0.249404,0.195055,-0.237213,-0.195521,-0.240573,-0.240560,0.235389,0.245085,0.210260,-0.120546,0.181394,-0.247765,-0.212888,0.187699,-0.244431,0.229977,-0.229533,-0.259731
0.241942,-0.199682,-0.230551,0.238011,0.215407,-0.226290,-0.251729,-0.284174,0.240110,0.216019,-0.048232,0.228492,-0.245262,0.271519,0.237780,0.011933,-0.220005,-0.267041,0.215187,0.186090
