-0.274197,0.164144,0.093657,0.261211,-0.221247,-0.047058,-0.168960,-0.166310,-0.294429,-0.222268,-0.149266,0.217423,0.156127,0.135564,0.336492,0.341426,0.258601,0.071019,-0.268192,0.302418
0.167115,-0.211507,0.052171,0.148608,0.343540,-0.264188,-0.296774,0.343088,0.137886,0.144228,0.219784,-0.049676,0.280613,-0.335858,-0.034623,0.114070,0.284200,-0.189188,-0.269194,0.153505
0.053717,0.285493,0.241657,0.295312,-0.233523,-0.188203,0.169754,0.252694,-0.292861,-0.228871,-0.200165,-0.249398,0.218789,-0.213496,-0.213591,0.152774,0.265142,0.284198,0.162890,-0.083366
0.298385,0.256055,0.318392,0.139596,-0.157107,-0.161606,-0.214745,0.176323,-0.235606,0.170160,0.008281,0.219138,-0.278141,0.232884,-0.224820,-0.187506,0.270819,0.236747,-0.217230,0.264767
0.224956,0.211674,0.192883,-0.255759,-0.271568,-0.033307,-0.230976,0.204161,-0.254859,-0.214492,-0.203747,0.215941,0.238565,-0.224742,-0.217794,-0.178470,0.232079,-0.264140,-0.222024,-0.270824
0.186738,0.010814,-0.238270,0.393992,-0.043920,-0.253116,-0.183597,-0.166573,-0.139834,0.127859,0.459658,0.137199,0.028359,0.372398,0.053675,0.268757,0.277008,0.051774,0.179506,-0.182528
-0.411506,0.102855,-0.178139,0.306426,0.002439,0.560274,0.253981,0.082772,-0.096366,-0.289062,-0.152759,-0.210694,-0.122566,0.164038,0.001557,0.123824,0.235315,-0.189261,0.003035,-0.012058
-0.111022,0.240292,0.324509,0.229960,0.233220,-0.255374,-0.285639,0.174185,0.152428,-0.250249,0.099661,-0.167140,-0.235481,0.219832,0.265752,-0.178056,-0.173878,0.182807,-0.270518,0.271189
-0.239131,0.262770,-0.173225,0.256677,-0.258162,-0.150341,0.250418,-0.006554,-0.223751,-0.222689,0.236186,0.197289,0.155441,0.224325,-0.237676,-0.243563,-0.223216,0.243030,-0.272822,-0.240618
-0.255020,0.378899,0.164267,-0.023017,0.054059,0.333740,0.169228,0.105449,0.039858,0.055664,0.117180,0.219064,-0.040160,0.066774,-0.112795,0.345307,0.339080,0.224632,0.316843,-0.373580
-0.173724,-0.033375,-0.449997,0.146597,0.315150,-0.242694,0.019836,0.049840,0.292530,0.386828,0.110798,0.113851,-0.245755,0.265873,0.096226,0.242779,-0.342427,0.020944,0.050444,-0.060397
-0.118449,0.109448,0.025490,-0.333152,-0.042274,0.371479,-0.003028,-0.048471,-0.003847,0.075952,0.378420,0.068167,0.166179,0.266411,0.281996,0.349752,0.296652,-0.377830,0.173397,0.072900
0.249876,-0.261894,-0.234416,-0.146250,0.240872,-0.235543,-0.174869,-0.217994,0.220900,-0.218456,-0.219424,0.174314,-0.220282,0.270938,-0.237355,-0.225311,-0.018891,-0.216475,-0.300221,-0.244123
0.275113,0.079141,-0.408564,0.010169,-0.015420,0.332846,-0.030711,0.339931,0.296180,-0.111023,-0.096649,-0.004881,-0.000203,0.262182,-0.390653,0.138619,-0.347097,-0.111727,-0.193903,-0.054469
-0.205282,-0.219769,0.193682,0.254619,0.225198,-0.255458,0.209960,0.112320,-0.275221,-0.266051,-0.171863,-0.199954,0.257421,-0.197414,-0.254360,-0.179016,0.227405,0.187901,0.271520,0.236160
0.097432,-0.248308,0.236291,-0.196575,0.221545,0.226856,0.184450,-0.257717,-0.217194,-0.204367,-0.238427,0.027704,-0.260181,-0.066423,-0.255160,0.281824,-0.218732,-0.278479,-0.260363,-0.277516
