-0.017008,-0.280081,0.272408,-0.184462,0.241926,-0.103759,-0.016465,-0.047893,0.084101,0.193069,-0.061510,0.096400,-0.306324,0.303297,0.308521,0.339935,0.297027,-0.253675,-0.182090,0.318515
-0.396292,-0.287407,0.089654,-0.121514,-0.146145,-0.361286,0.265126,-0.050895,-0.154390,-0.239260,0.033574,0.145078,0.206873,0.168761,-0.035763,-0.277789,0.268039,0.035583,-0.270746,0.336725
0.241500,-0.223006,-0.236118,-0.159550,0.213261,-0.243877,-0.256366,-0.145439,-0.203043,0.233505,-0.258853,-0.160942,-0.242978,-0.203148,-0.225258,0.181445,-0.257863,-0.251166,-0.232379,-0.250398
-0.236638,0.217289,0.343817,-0.244151,-0.186704,0.161584,-0.270738,0.153976,-0.243832,-0.273039,-0.207016,-0.216464,0.217992,-0.177607,0.079329,-0.243993,0.197453,0.300746,-0.143091,-0.206093
-0.228789,0.255272,0.246267,-0.269117,-0.187236,-0.179805,-0.245790,-0.258546,-0.248126,0.226033,-0.138366,0.231946,-0.183528,0.210369,0.211808,-0.199774,-0.211116,-0.276625,-0.194002,-0.218483
0.135126,-0.091330,-0.190227,0.217415,-0.210882,0.483525,0.197294,-0.043247,0.078094,-0.135416,0.205436,-0.001903,-0.000199,-0.370818,0.353628,-0.264072,-0.014298,-0.050930,0.388975,-0.133586
0.033211,-0.036510,0.086022,0.282959,0.150193,0.233216,0.179686,0.107902,-0.022503,-0.388993,-0.371297,-0.093432,-0.081189,0.156550,-0.077576,0.072622,0.171721,-0.455777,0.368305,-0.274857
-0.252589,0.293358,-0.208243,0.061867,0.168139,0.109489,0.155154,-0.271644,0.248607,-0.227408,-0.214010,-0.193346,-0.288205,0.158603,-0.261879,0.286421,0.201090,-0.167089,-0.250797,-0.279342
0.183654,-0.264995,-0.041639,-0.248173,0.263070,-0.241013,-0.238306,0.243290,0.162566,0.248304,-0.129091,-0.259993,-0.247073,0.222715,-0.263227,0.281973,-0.227024,0.152531,-0.193802,-0.212835
0.216609,0.139430,-0.419405,0.041731,0.033303,-0.231690,0.043400,0.071227,0.253438,-0.066333,-0.031672,-0.011136,0.123463,0.180722,-0.051624,-0.160027,0.427185,-0.416321,-0.416718,0.137300
-0.427875,0.172229,-0.115431,0.137092,0.011118,-0.410094,0.047759,0.019539,0.295653,0.072475,0.519222,-0.099894,0.017797,0.227758,-0.332821,-0.041055,0.214806,0.004470,0.001985,-0.033662
0.089219,-0.317473,0.009827,0.074066,0.092391,-0.143730,-0.151607,0.357119,0.375863,0.021262,-0.136967,0.091806,-0.090046,-0.460928,-0.225475,0.383311,0.207800,0.254310,0.017105,0.102790
-0.180768,-0.087558,0.303836,-0.174655,0.268800,-0.205489,-0.004436,-0.251403,0.127076,0.255683,-0.272572,0.275293,0.261796,0.224407,-0.213035,0.220578,-0.123022,-0.230113,0.273263,-0.268023
0.180170,0.022708,0.183565,-0.071992,-0.013073,0.367568,0.098716,-0.049308,0.354260,-0.011060,0.433419,-0.065519,0.181636,0.366452,-0.022491,0.382107,0.122206,0.321807,0.047373,0.168510
0.216103,-0.175321,-0.269523,-0.253530,-0.231427,-0.247233,0.225967,0.251287,-0.197349,0.244893,-0.129721,-0.223464,-0.177244,-0.229770,-0.219499,0.266621,-0.217360,0.194221,0.231427,0.221514
-0.178661,0.203519,0.218685,0.284054,-0.265397,-0.142328,0.131156,0.230608,-0.030138,0.263586,0.212022,-0.272967,-0.256244,0.211651,0.231986,0.264534,0.235205,0.258447,0.233564,0.190536
