-0.201156,-0.042934,0.320305,-0.200044,0.203833,-0.241808,-0.298721,-0.160953,0.216081,0.257623,-0.207958,0.239349,0.280562,0.229847,0.196977,0.176226,0.213573,0.133617,-0.219944,-0.270339
-0.247426,0.290666,-0.331336,0.263080,-0.023639,-0.052202,-0.183601,0.168282,-0.162480,-0.298911,0.185270,0.289150,0.330205,-0.030374,0.278835,0.086162,-0.139674,-0.237102,0.271950,-0.177462
-0.266108,-0.231880,0.270364,-0.272215,-0.208672,-0.107607,-0.236301,0.189431,-0.199087,0.094721,-0.279827,-0.065005,-0.273806,0.221115,0.284425,-0.217188,-0.170682,-0.239955,-0.257589,-0.212712
0.294233,0.213390,0.324051,0.211758,0.277453,-0.071801,-0.246150,-0.231529,-0.219287,0.254573,0.123782,0.002089,-0.257503,-0.249949,0.244353,-0.172095,-0.288570,-0.097537,-0.216266,0.189274
-0.203702,-0.223032,-0.210705,-0.236671,-0.239197,-0.218504,0.260935,-0.229403,-0.247413,0.229220,0.073552,0.217458,-0.253343,-0.260617,-0.232666,-0.211270,-0.201981,0.222136,0.190401,-0.242820
0.100572,-0.112230,0.303058,-0.315857,-0.142581,0.197319,0.144059,-0.094693,-0.114687,-0.288125,0.104981,0.335666,0.068562,0.149166,0.021947,0.192706,0.140196,-0.430058,0.257237,-0.376152
-0.221117,-0.135707,-0.277615,0.174361,-0.095891,-0.252200,-0.318050,-0.285652,0.038577,0.088094,0.344181,0.392480,0.129460,-0.200122,0.317436,-0.077162,-0.034943,-0.029838,0.299167,-0.181042
-0.225229,0.238135,0.279129,-0.193449,-0.163628,-0.252389,0.175163,0.288106,0.280640,-0.286146,-0.290401,-0.196148,0.276361,-0.101111,0.135122,-0.140077,-0.155806,0.254818,0.194138,-0.195567
0.103605,0.201598,0.230315,-0.263483,0.229205,-0.218446,0.210827,-0.221761,0.264585,-0.201223,-0.157172,-0.245902,0.239614,-0.270057,0.236535,0.226514,0.244373,0.235905,-0.214924,0.193508
0.242084,-0.012806,0.285526,0.045436,-0.067758,0.047410,-0.352267,0.171650,-0.044757,0.256861,-0.175060,-0.387267,-0.343371,0.328068,-0.035283,0.221186,-0.059280,-0.376693,-0.013897,0.165349
0.095564,0.032500,-0.608535,-0.220981,-0.052814,0.081221,0.131699,0.234308,0.061058,0.135349,-0.409517,0.121873,0.371326,0.165387,0.080629,0.060946,-0.318865,0.025301,0.053524,0.061620
0.106920,-0.302188,0.160049,-0.140187,0.187972,-0.052214,0.261456,0.053590,-0.092037,0.456821,0.377290,0.073713,-0.052992,0.233252,0.138702,0.299736,-0.078980,-0.021218,0.442984,-0.092397
0.182021,0.256834,0.284011,0.143344,0.141636,0.269829,0.214640,-0.251612,-0.200199,-0.158697,0.018051,-0.305261,-0.288145,-0.245546,-0.120038,0.190704,-0.270820,0.218723,-0.185365,0.298383
0.366442,-0.004174,0.316239,0.071110,-0.355823,-0.044205,0.083812,0.273760,-0.205878,0.128551,0.145033,-0.075638,0.052877,0.267306,-0.000071,0.291091,0.399531,0.369774,0.082437,-0.048002
-0.182070,-0.261766,-0.194761,0.206044,0.232121,-0.143445,0.222618,0.218930,0.238219,0.223996,0.248756,0.211950,0.246805,0.218370,-0.243228,-0.224464,0.238119,0.256653,-0.219979,0.207769
-0.165312,0.276080,0.019973,0.198906,0.277932,-0.192499,0.223715,-0.189686,0.275442,0.206088,-0.236357,-0.271696,0.175512,-0.209336,0.236955,-0.095770,-0.273795,-0.267860,-0.223262,-0.267637
