-0.193627,-0.147538,0.215593,-0.129539,-0.095637,-0.253165,-0.315195,0.307770,0.111785,0.290787,-0.172476,-0.141464,-0.345584,-0.171578,0.219309,-0.271641,-0.157415,0.238036,0.224247,0.246736
-0.017205,-0.153236,0.396614,-0.053388,0.284844,0.193330,-0.073423,0.320834,-0.063615,0.408159,0.205970,-0.189250,-0.048669,-0.190313,-0.112121,0.146074,0.033668,-0.145427,-0.432157,-0.242516
-0.207097,0.245636,0.151920,0.202729,0.278055,-0.140729,-0.243804,0.126841,-0.205815,0.210729,0.302539,-0.231288,0.097169,0.268317,-0.249820,-0.243373,0.268087,0.243626,0.208821,-0.224165
0.332758,-0.046007,-0.202043,-0.245327,0.299355,-0.159739,0.267170,0.247889,-0.206050,-0.073875,-0.074247,-0.149227,0.256348,0.212161,-0.213023,-0.268140,-0.237991,-0.254735,0.231175,-0.243964
0.217374,0.195678,-0.106675,-0.263275,0.217675,0.092020,0.182590,-0.271700,0.244562,0.276731,0.296778,-0.170389,0.147668,0.209198,-0.231547,-0.233436,0.262937,0.194425,0.274472,-0.247603
-0.131984,-0.032868,0.159911,0.352932,-0.189382,0.450754,-0.295059,-0.039956,-0.019982,-0.074763,-0.272862,0.116820,0.145810,0.047902,-0.290562,0.392578,-0.113910,-0.347260,0.117656,-0.008400
-0.292662,0.082506,0.102390,-0.062282,-0.159275,-0.080300,-0.009039,-0.090932,0.123913,-0.436025,0.344719,0.074051,-0.109585,0.435739,-0.056716,0.430403,0.129220,-0.168596,-0.294673,-0.030486
0.367132,-0.193921,0.039618,-0.256790,0.315883,-0.244141,-0.157745,0.265512,0.230519,-0.285581,0.302829,-0.241468,-0.064905,0.206925,-0.129388,0.135711,-0.199929,-0.250829,0.116242,0.148441
-0.141322,0.264200,-0.278239,-0.202706,-0.252683,-0.211604,-0.248487,-0.260121,0.261631,-0.099228,0.265393,-0.209780,0.116437,-0.233394,-0.267184,-0.134075,0.233809,-0.198057,0.213047,0.253521
-0.412840,0.131498,0.361212,-0.365314,-0.078978,0.100843,-0.100469,-0.144378,-0.182019,-0.003485,0.019623,0.175427,0.369576,0.007942,-0.041719,0.223856,-0.089793,0.385347,0.205444,-0.222330
0.102917,-0.197573,0.028316,0.015988,0.059474,0.529552,-0.065103,-0.038093,0.181207,-0.072187,-0.109050,0.160220,0.064564,-0.013959,0.644062,0.379680,-0.064411,0.117394,0.007414,0.052282
-0.084569,0.047919,0.277482,-0.003420,-0.335462,0.317657,-0.325062,0.106928,0.242143,0.057719,-0.086682,-0.284518,0.323570,-0.067950,-0.180650,0.370627,0.193843,-0.316924,-0.024243,-0.121071
0.237649,-0.237003,0.108067,0.087075,-0.268439,-0.249967,-0.231391,-0.288113,-0.216581,-0.211993,0.301698,0.188121,-0.259773,-0.165154,-0.126246,-0.255501,0.189869,-0.136833,-0.282864,0.260724
0.106974,-0.078043,-0.348757,-0.084642,-0.341324,0.580947,-0.038440,0.103542,0.050039,0.300685,0.054202,-0.338641,0.007913,-0.030797,-0.083616,0.370431,0.014664,-0.129951,0.093819,-0.076243
-0.229338,-0.261623,0.068731,0.274581,-0.168581,-0.189305,-0.225111,-0.261673,0.236170,0.247352,-0.221267,0.240745,0.181233,-0.270493,-0.110660,-0.194027,-0.245159,0.235199,-0.243668,0.246696
-0.090678,0.262169,-0.197758,-0.218418,-0.246823,-0.101900,0.252468,-0.226522,0.257479,0.239729,0.294581,0.181886,-0.213763,0.253329,-0.243584,0.136869,0.205051,0.250456,-0.236131,-0.240372
