-0.197837,-0.126909,-0.264898,0.198807,0.166746,-0.172538,0.180734,0.092376,0.266180,0.240958,-0.152732,0.391130,-0.072244,-0.085719,-0.350832,-0.276692,-0.255546,-0.195628,0.292799,-0.171905
0.226205,-0.317408,0.217622,0.181783,0.015828,0.037626,-0.259393,-0.112526,-0.055569,-0.226896,-0.025938,-0.066002,0.369492,0.316191,0.298656,0.241825,-0.340078,0.119540,0.187243,-0.278008
-0.227801,0.219662,-0.132002,-0.043870,-0.266254,-0.245108,-0.272088,-0.264509,0.261729,0.199048,-0.296244,-0.215330,0.064515,0.205256,0.282494,-0.158371,0.260762,-0.219386,-0.208143,-0.229487
0.272340,0.220946,-0.209057,-0.111643,-0.212150,0.213887,0.213291,0.268173,0.271781,0.206626,-0.320007,-0.018312,-0.254563,-0.072450,-0.111207,0.238783,-0.241299,-0.286640,-0.224782,0.251058
0.180195,-0.248155,0.132928,0.223767,0.211878,-0.041683,-0.183081,0.239228,0.209155,0.273293,-0.193041,-0.250001,0.253955,-0.207894,0.284541,-0.192019,0.279345,-0.251486,0.219834,-0.259759
0.016043,-0.462989,-0.412275,0.318597,-0.067894,0.241887,0.090562,0.347508,-0.055815,0.023331,0.124578,0.182158,0.247904,0.014431,-0.073408,-0.205920,-0.281419,-0.169086,-0.193814,0.121076
-0.340644,0.031273,-0.202318,0.162982,-0.038079,0.236746,0.267799,0.125797,-0.137464,-0.238925,0.355666,0.193557,-0.172370,0.282233,-0.142639,0.388184,0.143343,0.125717,0.295455,-0.162662
-0.221943,-0.266247,-0.086513,-0.140182,0.287306,-0.308055,0.269685,-0.213474,0.071918,-0.128020,0.086033,-0.309002,-0.271400,-0.120500,0.219259,-0.248715,0.190217,-0.167591,-0.322130,0.257643
-0.061448,-0.271426,0.177602,-0.255150,0.224403,0.266963,-0.217362,0.036839,0.269575,0.264363,0.242582,-0.247286,0.198372,-0.267887,0.178912,-0.257317,-0.163540,0.229420,-0.261287,-0.190098
0.415830,0.102761,0.265752,-0.008850,0.002579,0.180651,0.035468,0.113876,0.097033,0.201684,-0.288601,0.414844,0.211530,-0.192756,-0.113232,-0.138507,0.162305,-0.482609,0.113473,0.086268
-0.095821,0.068369,0.006104,0.095863,-0.022183,0.204297,-0.069197,0.015098,0.408822,0.063558,-0.363925,0.240581,0.297734,0.179139,-0.000106,0.323014,-0.181925,0.447970,0.203051,-0.260953
0.088364,0.330194,0.020379,-0.076251,-0.120820,0.345665,-0.391896,-0.036233,-0.130428,-0.361576,0.219901,0.274949,-0.035716,-0.215644,-0.005181,0.208756,0.031739,-0.363859,0.080779,0.291453
-0.220809,-0.179274,0.259914,-0.282835,0.244605,-0.213650,0.191137,-0.235796,0.254484,0.181778,-0.185165,-0.243457,-0.257324,-0.151427,-0.253586,-0.178929,0.280185,0.201105,-0.220949,-0.171310
0.036493,0.058011,0.049629,-0.118124,-0.512820,0.166107,-0.235770,0.129625,0.024411,0.140560,0.173962,-0.012496,-0.112751,0.153252,-0.214137,0.393995,0.016985,-0.517622,0.152968,-0.190378
0.235263,-0.274949,-0.232918,0.279454,-0.211610,-0.056033,0.223600,0.196237,0.282891,0.283440,-0.274244,0.186300,0.225570,-0.189146,-0.225244,-0.061763,-0.233007,0.235182,0.138365,0.245044
-0.169557,0.240092,0.221478,-0.163500,-0.251599,0.239758,-0.245497,0.232415,-0.226700,-0.222624,0.189663,0.166190,-0.207854,0.215047,-0.254503,-0.197340,-0.239653,-0.253054,-0.255440,-0.241499
