-0.281776,-0.333168,-0.016099,-0.062164,0.263677,-0.312289,-0.356366,0.250414,-0.106826,0.189668,0.164937,-0.256654,0.127159,0.172992,-0.303075,-0.245485,0.195258,0.120779,-0.187550,-0.148869
-0.197115,0.244036,-0.030126,-0.269507,-0.052868,-0.398281,-0.220198,-0.292460,0.245910,-0.126757,-0.057358,0.288627,0.165681,-0.258208,0.073842,0.165014,-0.284766,0.344622,-0.167460,-0.121535
0.215744,0.262128,0.209514,-0.273784,0.226479,0.241390,0.231928,-0.201183,0.159465,-0.218296,0.239005,0.242050,-0.176644,-0.251264,0.231021,0.183082,0.209892,-0.252218,0.195726,-0.214628
-0.268534,0.281070,-0.229100,0.251556,0.239178,0.231462,0.259756,0.303381,-0.080513,-0.105750,-0.213153,-0.295889,0.268899,-0.073906,0.170134,-0.116526,0.027520,-0.223782,-0.261736,0.269340
-0.100868,0.248087,-0.212762,0.227048,0.258591,-0.198102,0.247620,0.184022,0.260135,-0.209077,-0.244897,-0.230285,-0.239336,-0.194855,0.264196,0.247146,0.236605,0.192886,-0.177468,0.234445
0.189986,-0.071555,-0.088723,0.391046,-0.357935,0.172188,-0.132814,-0.343936,0.248868,0.131314,-0.023677,0.121600,0.155617,-0.358713,-0.025515,0.022653,0.295190,-0.151498,-0.381400,0.012787
0.257215,-0.133466,0.068806,0.169091,0.138191,0.407538,-0.087390,-0.061721,-0.112476,0.201041,0.396000,-0.232668,-0.104995,-0.335059,0.156127,-0.011492,0.295098,-0.171602,0.130788,-0.374994
-0.172777,0.272900,-0.140035,0.313181,-0.133693,-0.266958,0.231101,-0.207902,0.177845,0.295731,-0.315563,-0.313980,-0.077545,-0.144501,-0.218709,0.316837,0.197462,-0.208966,-0.045664,-0.122900
-0.219527,-0.216603,-0.229740,-0.239301,0.241713,-0.243880,0.236304,0.135871,-0.197547,-0.206581,-0.207335,-0.246453,0.168339,-0.252877,-0.169814,-0.210482,-0.251944,-0.260122,0.251489,0.239592
0.205157,-0.441025,-0.275347,0.080283,0.233852,0.148081,-0.386258,0.274739,-0.182166,0.308304,0.239420,0.118326,0.221596,-0.002546,-0.003121,0.214246,0.027251,-0.243091,0.159230,-0.009138
0.131269,-0.063966,-0.012424,0.181653,0.224327,0.573641,0.026353,0.230471,-0.041169,0.270152,-0.365080,0.114884,-0.018475,0.140770,-0.222409,0.233308,0.223878,-0.174873,-0.293791,0.009810
0.246055,-0.322930,-0.062786,-0.353392,0.087871,-0.192939,0.047744,0.132585,-0.319274,0.130147,0.333870,0.102264,0.314714,0.240664,0.005836,0.354723,0.120978,-0.314684,0.060740,-0.023695
0.276754,-0.231517,0.247220,-0.221305,-0.279302,-0.295820,0.273551,-0.162093,-0.257667,0.307126,0.188796,0.212991,-0.227807,-0.175421,0.090001,-0.165357,0.195564,-0.193647,-0.201309,-0.130308
0.185127,-0.013864,0.176470,0.032702,-0.223743,0.088439,0.182308,0.282989,-0.067655,-0.411112,0.176766,0.036650,-0.066262,0.206913,-0.032156,0.189330,-0.450021,0.063310,0.042898,0.513315
-0.145573,0.225292,0.229729,0.258978,-0.265832,0.007219,-0.260914,-0.058725,0.265355,-0.251605,-0.228022,-0.250754,0.271365,-0.209333,-0.221600,-0.195711,-0.194908,-0.245609,-0.220024,-0.256477
0.248465,-0.237465,-0.185844,0.031365,-0.255756,0.251906,-0.176297,-0.290817,0.238989,-0.231141,-0.243779,0.221652,0.219398,-0.253517,0.225847,-0.156030,-0.227188,0.253068,-0.167640,0.226302
