-0.243532,0.267316,-0.262839,-0.233195,0.191063,-0.253595,-0.100041,0.243209,0.249171,0.269546,-0.163193,-0.257195,0.287118,-0.076172,-0.154812,0.138963,-0.211762,0.289985,0.169941,-0.242782
0.234485,-0.297124,-0.254738,-0.136525,-0.206487,0.023229,-0.212353,0.347273,-0.153406,0.243657,-0.062179,-0.142677,0.273679,-0.279743,-0.189447,0.051620,0.352114,-0.157827,-0.248049,-0.234688
0.276650,-0.195712,-0.230411,0.274930,-0.217043,0.053597,-0.223582,-0.298217,0.159239,0.249531,-0.293397,0.137537,0.227895,0.094832,-0.139641,-0.211125,-0.290291,0.130124,-0.263457,-0.281688
-0.337493,0.351786,0.332470,0.102131,0.150148,0.042477,0.139587,0.231124,0.330102,0.130769,0.062782,0.288847,-0.053169,-0.220954,0.090097,0.296981,0.249959,-0.200979,-0.113321,0.258859
-0.235844,-0.240211,-0.193171,-0.248681,0.187349,-0.172889,-0.226383,0.270799,0.213301,0.191091,-0.206747,0.165133,-0.261518,0.230012,0.282606,-0.178141,0.236297,0.256010,-0.190694,-0.235121
-0.110560,-0.135424,-0.158510,0.162252,0.013731,0.286299,-0.209164,0.108294,0.331568,-0.170066,0.559708,-0.015494,0.064557,0.311558,-0.348346,0.173313,0.258934,-0.000842,-0.003996,-0.091091
0.050688,-0.064716,-0.053686,0.070839,-0.264548,0.376040,0.113337,0.322566,-0.038730,-0.008608,0.526147,0.099863,-0.088537,-0.010143,0.332472,0.094232,0.347774,0.300673,0.146755,-0.091827
-0.197771,-0.251829,0.045103,-0.162951,0.284106,-0.128863,-0.190297,-0.232591,-0.074326,0.219431,-0.324320,-0.286464,0.220471,-0.178230,-0.186889,-0.257329,-0.266201,-0.257230,-0.211467,-0.277598
-0.222604,0.221579,-0.191565,-0.120613,0.266558,-0.158443,-0.267711,-0.253255,0.202311,0.200597,-0.133483,-0.243087,-0.268919,0.237347,-0.275749,-0.211143,-0.136305,0.241933,-0.231789,-0.282765
0.203063,-0.543485,0.174514,0.271301,-0.026554,0.442871,0.176980,0.113127,0.213002,0.025130,-0.204646,0.102440,0.095935,0.194171,0.054764,-0.141318,-0.174598,0.255311,0.198594,0.122522
0.114143,0.306586,-0.200712,0.031536,-0.067075,0.224125,0.078373,-0.257742,0.206472,0.084020,0.603245,-0.151624,-0.113205,0.144512,0.082400,-0.120843,0.333094,0.286923,0.168343,0.105358
0.002506,0.271363,0.080996,-0.245351,-0.007709,-0.045625,0.159106,0.016300,-0.472097,-0.040831,0.466760,-0.075216,-0.119353,0.283696,0.077156,0.051298,0.201471,0.017668,0.048355,0.487091
0.301304,0.201216,0.293985,-0.013934,-0.288923,0.000481,-0.263195,-0.233062,-0.167371,-0.244451,-0.205736,0.264027,0.248822,-0.263596,0.252155,0.164650,-0.160563,0.107293,-0.211526,-0.266666
0.119076,0.073663,0.086776,-0.013026,-0.056413,0.346703,0.100851,0.298064,0.201862,-0.002558,0.659295,-0.004399,-0.127460,0.253197,-0.166935,-0.009540,-0.326669,0.227386,0.088861,0.015048
-0.157791,0.190897,0.268730,-0.251685,0.151289,-0.022157,-0.201684,-0.212133,0.223761,0.243479,-0.266370,-0.235165,-0.278758,0.237329,0.221133,0.257221,0.207020,-0.202597,0.272335,-0.226436
0.260713,-0.197590,-0.188588,-0.235108,0.268556,-0.224398,-0.209798,0.272676,-0.282963,0.218643,-0.160331,0.219364,0.256379,0.208751,0.248461,-0.100816,-0.251236,0.214270,0.221894,0.141877
