0.376169,0.279073,-0.265438,0.284745,0.079214,-0.265321,0.192769,-0.225201,0.295683,-0.263766,0.097146,0.057783,0.123454,0.303381,-0.171443,-0.133839,-0.284518,-0.062243,-0.230998,0.044557
0.408547,0.070665,-0.181378,0.310175,0.078242,-0.262602,-0.176960,0.247184,0.160368,0.305518,-0.032937,0.181934,0.171979,0.180637,-0.083642,0.366191,0.184824,-0.090863,-0.011311,0.363877
-0.289936,-0.107019,-0.214629,-0.237184,0.275940,-0.270007,-0.162848,-0.204012,-0.281982,0.186500,-0.225260,0.209844,0.243135,0.261293,0.198372,0.273526,0.237288,0.119037,-0.168588,-0.188277
-0.178155,-0.253394,-0.117617,0.202299,0.310149,-0.274007,-0.164306,-0.210048,-0.189979,-0.262575,0.271672,0.242694,0.295657,-0.233405,0.273763,-0.200644,-0.212001,-0.121802,0.062779,-0.219874
0.184320,0.234227,-0.266098,-0.229350,-0.253832,0.171517,-0.265679,-0.261855,0.244531,0.108352,-0.276911,0.251157,-0.219769,0.182001,-0.251868,-0.156916,-0.167856,0.200048,0.238093,-0.221565
0.313194,-0.011932,-0.319620,-0.311876,-0.195010,0.431066,-0.025010,0.006912,0.181526,-0.037401,0.063869,-0.212365,-0.332068,-0.118518,0.118214,0.088346,0.433585,-0.129344,0.162692,-0.130406
-0.190037,-0.116903,0.130097,0.226150,-0.134394,-0.266250,0.168910,0.184129,0.064090,0.229253,0.193384,0.155645,-0.240724,-0.081164,-0.356024,-0.497035,0.346603,0.080807,0.206281,-0.070218
-0.099193,-0.203850,0.277718,-0.198315,-0.252943,-0.252756,-0.240480,0.139738,-0.256396,-0.212739,-0.102574,0.136408,-0.275209,0.271439,-0.257360,-0.276015,0.004995,-0.214920,0.319574,0.215919
0.245660,-0.227316,0.014851,0.261852,0.259445,-0.253074,0.258552,0.189291,0.144127,-0.218436,-0.254820,-0.213367,-0.261566,-0.188474,0.225463,-0.233831,-0.014171,-0.291448,0.208495,-0.261046
0.024109,0.031417,0.437236,0.005681,0.251670,0.178137,-0.034583,-0.356668,0.022215,-0.241562,0.314508,-0.034024,-0.073924,0.243357,0.068168,0.391980,0.291090,0.280720,0.139868,-0.136909
0.242607,-0.098307,0.383508,0.173959,-0.215573,0.029720,-0.372692,-0.269031,0.247861,0.217105,0.050000,0.113192,0.029525,0.217067,-0.420175,0.096553,0.321752,-0.175435,-0.057284,0.013412
0.018534,-0.082199,-0.120939,0.183545,-0.022932,0.507219,-0.320165,0.040600,-0.382698,0.202855,0.307965,-0.385763,0.101469,-0.218577,-0.053062,-0.044354,0.292748,0.006913,-0.045352,-0.026641
0.049941,0.287638,-0.092888,0.292043,-0.014927,-0.238131,0.248293,0.101512,-0.211475,-0.210123,0.192213,0.245727,-0.274942,-0.260762,0.244505,0.262957,-0.197388,-0.199884,0.272777,0.282714
0.147800,-0.075273,0.409327,-0.319906,0.041173,0.209115,-0.270935,0.152596,0.152001,0.395109,0.393611,0.092530,-0.076305,0.214923,0.211687,-0.030323,-0.292346,0.118270,0.042584,-0.136989
-0.197934,-0.241263,-0.260899,0.266626,-0.232781,0.223225,-0.243420,0.248756,-0.224483,0.167965,0.243386,0.261984,-0.221471,-0.206871,-0.231527,-0.147857,-0.094361,0.177323,-0.233379,0.264017
0.225096,-0.209408,0.020142,-0.152203,-0.251680,-0.239127,-0.220125,0.248688,-0.181850,-0.236554,0.268134,0.261428,0.230021,-0.273887,0.233470,0.278754,-0.229270,-0.251195,-0.128003,-0.172138
