-0.167536,-0.059699,-0.317073,-0.117148,-0.253188,0.228959,-0.299610,-0.299325,-0.060192,-0.238272,0.045634,-0.191821,-0.176834,0.000956,0.268745,-0.251991,0.209510,0.270213,0.330965,-0.255939
-0.299436,-0.277345,-0.339027,-0.151573,-0.047501,-0.256878,-0.076246,-0.316752,0.194686,-0.081816,-0.194523,0.168289,-0.219741,0.256490,0.186802,-0.321225,-0.254338,-0.218800,-0.194512,0.088375
0.266568,0.253845,-0.196858,0.234380,0.170571,-0.209820,-0.201457,-0.210380,-0.260333,-0.197815,-0.166204,0.237963,0.051952,-0.277059,0.227272,-0.207476,0.259995,-0.267326,-0.213849,0.250493
-0.272964,0.271082,0.367670,-0.128300,0.128829,-0.184612,-0.259197,-0.202214,-0.062923,-0.265238,-0.308126,-0.019682,-0.251366,-0.237309,-0.041268,-0.253292,0.301695,-0.144013,-0.251921,-0.106711
-0.125772,-0.199670,0.207543,0.268312,-0.264655,-0.207246,-0.209635,-0.165512,-0.231986,-0.245157,-0.213083,-0.166672,0.259897,-0.234546,0.251435,-0.250157,-0.186665,-0.263095,-0.269121,0.181563
-0.078983,0.097847,-0.431898,0.251504,0.331787,-0.298790,0.006290,-0.015343,0.075634,0.135847,0.083367,0.328870,-0.048046,0.436674,0.005661,0.223041,-0.151178,-0.173364,0.311663,-0.051659
0.013270,0.002200,0.070490,0.303746,-0.194899,0.231906,0.122730,0.051355,0.179976,0.130785,0.534328,-0.329324,0.247825,-0.165313,0.021089,-0.270091,0.238284,-0.114841,0.108824,-0.325139
0.316426,-0.141633,-0.218420,0.252687,-0.269770,-0.226656,0.183339,-0.217840,0.156344,0.274779,-0.220467,-0.170151,0.280764,-0.043468,0.188701,-0.222602,-0.269950,0.216672,-0.253047,-0.189225
0.000359,0.237326,0.184009,0.243433,-0.290360,-0.216772,0.248173,0.201483,0.233140,0.279651,0.164718,-0.242996,-0.246953,-0.222273,-0.174674,-0.173102,-0.231112,0.163614,0.266010,-0.276630
0.239486,0.383852,-0.133230,-0.161303,0.129787,0.246829,-0.005259,0.089618,0.238617,0.080510,0.516999,0.032837,0.128510,-0.435497,-0.167423,-0.186459,0.123946,0.117269,-0.103062,0.158791
0.297815,-0.098736,0.182379,-0.156490,-0.132356,-0.344002,0.151390,0.207751,0.074464,-0.046986,0.471854,0.318743,-0.032427,0.278078,-0.065060,0.239567,0.187694,-0.292246,0.098431,0.198860
0.080056,-0.061289,-0.075823,-0.115389,-0.068419,0.097889,0.183291,0.086591,0.411906,0.069674,0.566611,0.421082,-0.092486,0.330150,0.023369,-0.309148,-0.100466,-0.005504,0.105529,0.087199
-0.267379,0.291079,0.244586,-0.231145,0.216540,-0.150587,-0.242365,0.242491,-0.264315,-0.256077,-0.019564,0.220791,0.226779,0.150303,-0.225572,-0.302707,-0.102662,0.251299,0.229944,-0.125518
0.246779,0.060459,-0.191880,0.462626,0.062401,-0.319794,-0.219814,0.131984,-0.113924,-0.084665,-0.322900,-0.395639,-0.018574,0.298892,-0.062080,0.113004,-0.140454,0.149699,0.180407,0.225331
0.133645,0.287803,-0.263090,0.203854,-0.234379,-0.201215,0.096145,0.265651,-0.222860,0.247320,0.261749,0.039826,-0.198742,-0.278431,-0.254182,-0.151647,0.177362,-0.212124,-0.283318,-0.266492
-0.162914,0.186903,-0.239868,-0.234749,-0.269717,-0.237425,-0.237880,-0.258460,0.182914,0.243801,-0.225449,-0.128058,-0.225987,-0.238110,-0.205951,-0.204523,0.266996,0.150689,0.246787,0.257573
