-0.277229,0.218530,0.170309,0.316510,-0.156056,-0.098658,0.165859,-0.119172,-0.254922,-0.242169,0.240842,0.042306,-0.096802,-0.145832,0.337462,0.394423,0.051076,0.100684,-0.335452,0.248232
-0.256934,0.166334,-0.211697,0.173953,0.202219,-0.102925,0.170595,0.131049,0.270318,0.315472,-0.215622,0.268324,-0.204671,0.149801,-0.329665,-0.202876,-0.247770,-0.193011,0.306590,-0.188643
-0.195765,0.302942,-0.253844,-0.204128,0.050562,-0.228530,0.106652,0.225291,0.257001,0.305855,-0.120524,-0.264810,0.395007,0.178588,-0.056430,0.266958,-0.203392,0.200305,0.166696,-0.176019
-0.209112,-0.149161,0.110078,-0.145265,0.008873,-0.205014,-0.330844,0.316071,0.122776,0.326527,0.043947,-0.187991,-0.366381,-0.185858,0.243870,-0.313957,-0.169648,0.245425,0.240839,-0.128581
0.029255,-0.114873,0.162769,0.119773,-0.005551,-0.056482,-0.118060,-0.133553,0.131403,0.097868,-0.122688,0.044000,-0.163714,0.074326,0.819070,0.281362,0.081895,-0.126084,0.139233,0.204755
0.294832,-0.309144,0.202541,0.043749,0.198526,0.045724,-0.263114,0.072569,0.138387,-0.228243,-0.132333,-0.144657,0.362254,0.309486,0.262273,0.274295,-0.345589,0.099540,0.107814,-0.192059
-0.045900,-0.290545,-0.063729,0.087330,-0.097617,-0.070290,-0.228391,0.408037,0.033595,0.099014,0.278866,0.026687,0.041442,-0.266802,-0.001729,0.613867,0.295244,0.024130,-0.139895,-0.148974
0.477288,0.030140,0.302591,-0.146508,0.190523,0.411066,0.149164,0.239941,0.161231,0.360709,0.008078,-0.123520,-0.004040,-0.043833,-0.055640,0.131096,0.128853,0.056081,-0.372868,-0.144011
-0.307974,-0.211307,-0.054511,0.237850,0.229530,-0.160158,0.241112,0.375900,0.292007,-0.295949,-0.122677,-0.183165,0.253920,-0.184435,-0.200467,0.276271,0.017636,0.098169,-0.127066,-0.246242
-0.156818,-0.105865,-0.012578,-0.292284,-0.252829,-0.245846,-0.281055,-0.228264,0.276257,0.038715,-0.298249,0.149461,-0.283175,0.173457,0.347163,0.188123,0.212429,-0.092304,0.316468,-0.118569
-0.044210,0.206108,-0.053822,0.197899,0.221280,-0.047095,0.157019,-0.308227,-0.204496,0.105174,-0.397477,-0.145226,-0.254666,-0.190499,0.359239,0.215772,-0.266580,-0.216961,-0.179431,-0.289164
-0.217947,0.227865,0.126800,0.180458,0.381291,-0.174017,-0.272652,0.253292,0.008489,-0.025260,0.232168,-0.196030,-0.127380,0.381718,-0.264546,-0.052209,0.362146,0.279658,0.022585,-0.014833
-0.337020,0.026349,0.123221,-0.043395,-0.072298,-0.087430,-0.079382,0.001169,-0.281667,-0.075182,0.164147,0.112357,0.066947,-0.082116,0.769414,0.202963,-0.158666,-0.093006,-0.066658,0.205524
-0.031472,0.192447,-0.277154,0.070809,-0.210714,0.097730,0.218797,0.220466,0.307496,0.201738,-0.252441,0.177185,-0.297776,0.095046,-0.027870,0.432417,-0.251316,-0.325518,-0.155372,-0.143583
-0.369677,0.338473,0.187824,0.090384,0.099266,-0.023668,0.009666,0.100945,0.195812,-0.151321,0.226306,0.026229,-0.171435,-0.081660,0.207054,0.647252,0.184815,-0.042822,0.160530,0.108917
0.068504,-0.050969,0.002088,-0.129139,0.519201,0.068950,0.404096,0.348975,-0.049645,-0.085126,0.348502,0.177033,0.024673,0.078141,0.020113,0.079915,-0.241985,-0.377054,0.155406,-0.125462
