-0.045464,-0.149740,-0.149892,-0.098304,0.194959,0.263252,0.235678,0.234484,-0.342226,0.259714,0.035981,0.306511,0.186128,-0.306178,-0.332785,-0.032612,0.437741,-0.106039,-0.050218,0.012132
0.284336,0.171597,-0.081485,-0.071691,-0.166938,-0.249459,0.363908,-0.056000,0.205766,0.237690,0.209378,0.112360,0.299523,-0.195077,-0.144695,0.153322,0.447859,0.101306,-0.225721,-0.250919
0.106906,0.248946,-0.289447,0.046114,-0.220012,0.285717,-0.313684,-0.209733,0.353300,-0.151313,-0.099565,-0.149237,-0.117772,-0.241761,0.220613,-0.219766,-0.040611,0.218762,0.355854,-0.207220
0.069609,0.290186,-0.253710,0.273287,0.313665,-0.205069,0.294250,-0.262213,0.271870,-0.222601,0.257111,0.020787,0.115793,0.284976,-0.181383,-0.190226,-0.257424,-0.101694,-0.192951,-0.092561
-0.038748,-0.131581,-0.239660,0.306077,0.385178,0.114054,0.146289,0.013395,-0.287330,-0.111055,0.340433,-0.175605,0.109331,0.168637,0.077319,0.435107,0.344763,-0.033027,-0.022758,0.222108
-0.293458,0.363047,0.039200,0.367893,-0.233001,0.064120,-0.172096,-0.294395,-0.002951,-0.143072,-0.020484,-0.215815,-0.191154,0.087941,0.124841,-0.305101,-0.031821,-0.025423,0.294687,0.401985
-0.252144,-0.275362,-0.385732,0.013862,0.318259,-0.088514,0.056515,-0.297899,0.071622,-0.003117,-0.057785,-0.121268,-0.212219,0.253320,0.058848,-0.355882,-0.203632,-0.159526,-0.132058,0.404593
0.490999,-0.154787,0.008761,0.319679,-0.133381,-0.212147,-0.134991,0.238567,0.090384,0.367787,0.132249,0.144578,0.113130,-0.093259,0.163454,0.242643,-0.022760,0.078027,0.263748,0.360097
-0.300857,0.261968,-0.093704,-0.269944,0.423163,0.011563,0.331278,-0.190001,-0.270751,-0.212536,0.099435,-0.168034,-0.264992,0.189007,0.162701,-0.182023,-0.054396,-0.207444,0.187753,-0.175414
-0.251790,-0.231162,0.017675,0.057468,-0.296198,0.050294,0.210870,0.418905,0.190877,-0.186981,0.139216,0.239950,0.156795,-0.234198,-0.086404,0.512846,0.049511,0.161089,-0.144905,0.147235
0.435047,0.171211,0.016293,-0.121150,-0.018489,0.059545,0.221951,0.210128,-0.112285,0.048558,0.082493,0.138942,-0.118817,-0.295757,-0.041812,0.210006,0.380242,-0.288765,0.240575,0.441376
-0.288038,0.194981,-0.031471,-0.239437,0.201320,-0.310423,-0.101400,0.248680,-0.325956,0.195100,-0.121587,0.108120,0.173204,0.331927,-0.067935,0.477784,0.225774,-0.020115,0.112231,0.062076
0.148102,-0.091352,-0.073082,0.039214,0.020987,0.197844,0.093824,0.267516,-0.269387,-0.090749,0.491650,0.270290,0.043845,-0.284534,-0.088420,0.464709,0.044557,-0.201431,0.126784,0.286394
-0.162182,0.220904,-0.333900,0.015583,-0.294803,-0.044237,0.162115,-0.276565,-0.315062,-0.017123,0.333765,0.302662,-0.236052,-0.091518,-0.286621,-0.252888,-0.055913,0.252672,-0.185319,-0.086363
-0.331028,0.276900,0.209566,-0.078550,0.211416,0.051836,-0.151742,-0.044694,0.227595,-0.256698,-0.271084,-0.243738,-0.201067,-0.102479,0.074404,-0.187217,0.570164,-0.043901,-0.123500,-0.082949
0.148878,-0.254981,-0.011488,0.283504,0.149156,-0.122480,0.086820,0.157229,-0.004112,-0.209707,0.490699,0.325534,0.436670,-0.125284,0.346191,0.141948,0.121396,0.066751,-0.076411,-0.025448
