0.164814,-0.149878,-0.000827,0.386856,-0.451115,0.231076,0.157477,0.212363,-0.198791,-0.055630,0.223363,0.123479,0.096731,-0.108783,0.170433,0.182588,0.268045,-0.161581,0.401422,0.153277
-0.303014,-0.296916,-0.184511,-0.048545,0.297290,-0.227049,-0.308014,0.257778,-0.083465,0.135047,0.131567,-0.300563,0.031641,0.171849,-0.266096,-0.238881,0.377090,-0.038869,-0.168660,-0.137689
-0.227815,0.038295,-0.132911,0.171937,-0.177136,-0.122496,-0.114728,0.122663,-0.287250,-0.089027,-0.022350,0.077644,-0.152653,-0.116818,0.405199,0.489813,0.103126,-0.208198,-0.245955,0.415116
-0.343439,-0.034323,0.248683,-0.069859,-0.196280,-0.015589,-0.307446,-0.303656,-0.281143,0.228143,0.272980,-0.184252,-0.034429,0.255671,0.075791,-0.255348,0.349666,0.256719,-0.061025,-0.140345
0.043061,0.139973,0.279469,0.003300,0.213688,0.006551,-0.186733,0.292112,-0.391857,0.042274,0.201381,0.003271,0.524398,-0.329948,0.025008,0.010333,-0.181312,-0.161653,-0.004630,0.308242
-0.106178,0.246730,-0.178771,-0.292227,-0.117396,-0.324459,-0.248205,-0.193914,0.277064,-0.120755,-0.041988,0.162594,0.118916,-0.242195,0.115101,0.350546,-0.334637,0.304933,-0.228914,-0.079922
0.173074,-0.052709,-0.110467,0.339603,0.313794,-0.077017,-0.225688,0.380734,-0.058437,-0.095039,0.460584,0.096693,0.065513,-0.277731,-0.187221,0.171511,0.355331,0.035005,-0.179088,0.007518
-0.071082,-0.053129,-0.087955,-0.282736,-0.007909,0.241006,-0.324428,-0.237175,-0.006118,0.386984,0.346611,0.167984,-0.443482,-0.397352,0.014268,-0.051924,-0.105841,-0.002533,0.114623,-0.069528
-0.174927,-0.037867,0.290695,0.308164,0.254669,0.067451,-0.231387,0.299708,-0.320125,-0.100356,-0.243149,0.045533,-0.292702,-0.085624,-0.210978,-0.265294,-0.054596,0.397123,0.148962,-0.105857
0.443684,0.189936,-0.171836,-0.262114,0.035800,0.189117,-0.226914,-0.034264,-0.267741,-0.152390,0.297165,0.274098,0.216068,-0.216020,0.180094,0.342470,-0.102416,-0.242472,-0.056620,-0.072281
-0.008139,0.288392,0.070852,0.378638,0.130878,0.240234,0.090956,0.265350,-0.288814,-0.064028,0.322473,-0.034372,-0.174979,0.256777,0.198140,0.002127,0.291649,0.390135,-0.057716,0.213908
0.007697,-0.266853,-0.108512,0.192892,0.266290,-0.227042,0.105566,0.393779,0.088901,0.149764,0.373908,0.293379,0.189497,0.117677,-0.111239,-0.194151,-0.236266,0.308977,-0.049195,0.285198
0.071019,-0.277261,-0.302278,-0.311370,0.387453,0.117059,-0.011076,0.134755,0.249622,0.057695,0.187501,0.076809,0.008254,0.319268,0.125211,-0.288318,0.151610,0.455483,-0.018523,0.096751
-0.291580,0.240216,-0.223462,0.315217,0.254198,0.135583,0.306210,-0.189580,-0.125720,-0.142416,-0.169193,-0.265363,0.260344,0.034568,0.184858,-0.088141,0.265012,-0.213022,-0.265696,0.251047
0.185249,0.236898,0.202021,0.253219,0.064252,-0.000463,-0.056866,-0.168338,-0.183119,-0.214127,0.044517,0.213007,-0.314578,0.327765,-0.168286,-0.229796,0.536943,0.200812,0.058099,0.150563
0.026449,0.278329,0.083309,0.337471,-0.104389,-0.274343,0.094847,0.150907,-0.131757,-0.273959,0.336598,-0.074598,-0.199853,0.233845,0.027909,0.396988,0.389653,0.132205,-0.132952,-0.178362
