0.410947,-0.000566,0.020394,-0.111268,-0.078695,0.364795,-0.105332,0.013134,0.089550,0.117582,-0.313402,-0.168808,0.008311,0.133080,0.332160,0.501085,0.227826,-0.217643,0.109651,0.169517
-0.153879,-0.008766,0.118234,-0.187600,0.258539,-0.114207,-0.274030,0.007335,0.174486,0.335586,-0.189072,-0.238681,0.196761,0.212306,0.130069,0.410678,0.367605,-0.070997,-0.212383,-0.285686
0.271209,-0.156678,0.248332,-0.005507,0.071559,-0.222137,0.141299,0.266456,-0.127302,0.004009,-0.233488,-0.118933,-0.212454,0.158924,0.131861,0.414245,0.128955,-0.146328,0.003821,0.558972
-0.159819,0.224860,0.161570,0.215775,-0.129911,-0.207256,-0.356059,0.319011,-0.141103,0.117899,0.275697,-0.313123,0.159685,0.271826,0.093335,-0.173771,-0.182120,-0.129185,-0.272373,-0.304384
-0.120640,-0.340100,0.014614,0.139297,0.010716,0.042423,-0.307378,0.002450,-0.136092,0.008949,-0.305680,-0.163385,-0.078053,0.146686,-0.016968,0.632579,0.062166,0.291776,0.002580,0.312994
-0.231474,0.298416,-0.281263,0.185386,-0.217590,-0.118460,-0.187694,0.297182,-0.142965,-0.313606,-0.015974,0.112272,0.355885,0.235242,0.241362,0.218077,-0.217451,-0.231177,0.187962,-0.058774
-0.358596,-0.205939,-0.092837,0.095640,0.117624,-0.246501,-0.060860,0.153804,0.067623,-0.145702,0.098728,-0.067839,-0.156957,-0.080736,0.166087,-0.153622,0.164269,-0.055007,-0.154749,0.729950
0.537616,0.162485,0.368679,-0.008105,-0.095033,-0.292287,0.113183,0.339243,-0.112517,0.098561,-0.141060,-0.131455,0.194302,-0.128852,-0.178813,0.098996,0.027938,0.041976,0.300326,0.278924
0.330070,0.266318,-0.294353,-0.110986,0.266047,-0.269611,0.065200,-0.092701,-0.098603,-0.235580,0.305637,-0.276018,-0.282152,0.036904,-0.174957,-0.259724,0.298771,-0.102645,0.209097,-0.086432
-0.231281,-0.184088,0.230304,-0.260262,-0.113515,-0.259396,-0.211394,0.356440,0.182451,-0.121207,-0.264746,-0.215924,-0.299016,0.204783,0.255007,-0.134209,-0.287113,-0.172953,-0.218944,-0.023920
0.355898,0.056735,-0.217016,0.012955,-0.087147,-0.175241,-0.173103,0.185323,0.216395,0.038062,-0.214537,0.198415,-0.173475,0.228777,0.025240,0.647916,-0.179422,-0.132749,0.015316,-0.183457
0.236815,0.054186,-0.280921,0.240586,-0.177891,-0.314247,-0.017892,0.243136,0.096878,0.193280,0.094609,-0.268290,0.202113,0.234580,-0.217362,0.305947,-0.198093,0.237524,-0.101685,0.379413
0.141555,-0.184648,-0.106923,0.009922,0.071471,-0.077633,-0.073338,0.044091,0.107692,-0.225517,0.359980,0.383472,0.318270,-0.040824,0.177266,0.560431,-0.071465,-0.266270,-0.031348,-0.226556
0.237913,0.153339,0.089833,0.257470,0.296500,0.266496,-0.254051,-0.287079,-0.205683,0.296682,0.239233,0.141923,-0.278646,-0.249843,0.224562,-0.059277,-0.286607,-0.122760,-0.150761,-0.134110
-0.214735,0.164239,0.147914,-0.152642,0.114626,0.484886,-0.207063,-0.042929,-0.240454,-0.270046,0.317138,-0.255691,0.018842,0.109134,-0.100355,-0.059559,0.298126,0.291652,0.242051,-0.183452
0.276977,-0.095988,-0.131248,-0.200516,0.121832,-0.114921,0.076739,0.138164,-0.175851,-0.070187,0.349795,0.009127,-0.055004,-0.147605,0.022344,0.682069,0.098080,-0.022851,0.099306,0.367131
