-0.152361,-0.194619,0.271830,0.069970,-0.283009,-0.195266,0.108292,0.121336,-0.163639,-0.115000,-0.136121,0.135745,0.202891,-0.180625,0.227786,0.372547,0.560199,-0.119097,0.175250,0.123706
-0.164487,-0.260719,-0.004405,0.036726,0.161970,0.024713,-0.186460,0.398263,0.045554,-0.114864,-0.133731,0.262560,0.109723,-0.020883,0.403314,0.177591,0.388794,0.419153,0.188819,0.110028
-0.130104,0.417295,-0.225522,0.234949,0.233770,-0.014318,-0.028630,0.660818,-0.188780,0.146805,-0.014196,0.019272,0.085324,0.246556,0.000130,-0.117597,-0.188343,0.109663,-0.150788,0.025011
-0.129797,0.096980,-0.057538,-0.075425,0.057444,-0.000016,0.343269,0.711533,0.037206,-0.303129,-0.049695,0.053053,-0.022850,-0.175691,0.299829,-0.048984,-0.105227,0.271036,0.079953,0.155460
-0.234080,0.151515,-0.286500,-0.259837,0.014621,0.130493,-0.018870,0.679682,-0.044761,-0.377326,-0.143627,-0.097432,0.051319,0.053835,0.256622,0.101911,-0.045013,0.052308,-0.172416,-0.048206
-0.194023,-0.078258,-0.018955,-0.040378,-0.072186,-0.171967,-0.171087,0.683016,0.025745,-0.071587,0.010071,0.099682,0.077876,0.474251,0.362314,-0.140848,0.031862,-0.008350,0.021115,0.155665
-0.175082,0.384116,-0.234444,-0.048485,0.113791,-0.088840,0.132377,0.647365,-0.043750,-0.318315,-0.233166,-0.029338,0.006452,0.063674,0.271115,0.067131,-0.025318,0.058571,-0.189396,0.162871
-0.373397,-0.106001,-0.385879,-0.386020,0.157078,0.085787,-0.031767,0.257942,-0.304185,-0.153240,-0.195858,-0.029832,0.168747,0.077550,0.211065,0.280069,0.067166,-0.084604,-0.291200,0.206503
-0.097618,-0.125544,0.136335,0.183166,-0.337802,0.095009,-0.013663,0.190330,-0.446271,-0.141222,-0.082271,0.009122,0.248835,-0.130193,0.243276,0.457639,0.392700,0.063796,0.035183,0.173386
-0.253140,0.125534,-0.362532,-0.295196,0.146445,0.009637,0.018303,0.581187,-0.057947,-0.298016,-0.118133,-0.008018,-0.007696,0.358178,0.091591,-0.114307,-0.166683,0.080677,-0.217874,0.064657
-0.027624,0.059029,-0.341228,-0.040860,0.371672,-0.069986,-0.006514,0.531770,0.193724,-0.113069,0.030804,-0.227125,0.418002,0.140826,0.306807,0.066873,-0.158627,0.163992,-0.060737,-0.005830
0.016169,0.102823,-0.252279,-0.409175,0.081712,0.014159,-0.025206,0.440991,0.045251,-0.400611,-0.159068,-0.290397,0.194865,0.032847,0.248278,0.206440,-0.244334,0.240768,0.149372,-0.025521
-0.102217,-0.084018,0.321440,-0.162936,-0.063504,-0.206112,-0.275314,0.076516,0.082955,-0.268882,-0.220329,-0.073236,0.462595,-0.133539,0.444994,0.244569,0.277299,-0.034286,0.076854,0.133151
-0.278750,-0.180166,0.000856,-0.050309,0.056883,-0.157119,0.057428,0.644506,0.154886,-0.266198,-0.084129,0.069086,0.181630,0.105953,0.343594,-0.157242,0.077316,0.348089,-0.113156,-0.083974
-0.309390,0.211302,-0.092734,0.093142,0.445783,0.150929,0.289891,0.222365,-0.061491,-0.358911,-0.262698,0.115945,0.333424,0.010224,0.068445,0.177155,0.139250,0.078215,-0.295271,0.110811
-0.204354,0.211418,-0.305440,-0.198603,0.209291,0.114581,0.171883,0.538208,-0.076522,-0.389528,0.007637,-0.301817,0.011344,0.117856,0.150977,0.159534,0.011447,0.055104,-0.239601,0.181883
-0.223852,-0.054736,-0.309285,-0.214922,-0.120725,-0.056969,-0.193582,0.349024,-0.397153,-0.227274,-0.269088,-0.019582,0.260447,-0.019968,0.063228,0.232546,0.237699,-0.043200,-0.212760,0.340320
-0.003763,0.044331,-0.296660,-0.303018,0.424468,0.109844,0.193409,0.509302,0.250020,-0.293031,-0.105135,-0.153806,-0.099843,0.116609,0.199441,0.166883,-0.188006,0.132823,0.043241,0.004664
-0.085962,-0.054321,-0.341798,-0.362235,-0.259644,0.001903,-0.227996,0.340974,-0.272452,-0.437080,-0.275279,-0.034168,0.104680,0.020867,0.224604,0.184410,-0.049067,0.082438,-0.129142,0.204968
-0.162499,0.035922,-0.161156,-0.431254,0.382117,0.164177,0.238943,0.451929,0.081740,-0.268302,0.050780,-0.280562,0.003165,0.284771,0.126600,0.042022,-0.124268,0.016608,-0.225608,0.023975
-0.116982,0.096707,-0.218147,-0.141289,0.402662,0.319740,0.105096,0.495342,0.137612,-0.298962,-0.231823,-0.231494,0.181338,0.109782,0.191688,0.056436,-0.195176,0.173237,-0.140695,-0.014863
-0.211868,-0.093542,0.078557,-0.326143,-0.081731,-0.367034,-0.033350,-0.132975,0.000645,0.085420,0.564902,0.088053,0.007663,-0.042820,-0.011381,0.098693,0.495603,-0.027381,-0.004806,0.285151
-0.332948,0.161026,0.105977,-0.155432,0.286197,0.170593,0.325228,0.661359,0.212985,-0.131726,-0.013121,-0.106187,0.041005,0.181190,-0.013962,0.178454,-0.129673,0.022791,-0.118005,-0.040900
-0.147288,-0.049564,0.120073,0.108488,-0.084114,-0.273420,-0.032934,0.657107,-0.025219,-0.126539,-0.049921,0.389302,0.153437,0.153113,0.158467,-0.161517,0.225064,0.027942,-0.114520,0.318627
-0.168697,0.248240,-0.149077,0.240021,0.105441,0.255839,0.254220,0.443401,0.008962,-0.207071,-0.202305,0.061018,0.056970,0.466740,-0.068434,-0.034426,0.258244,0.154610,-0.293994,-0.026169
-0.227245,0.023854,0.203632,0.026255,0.033971,-0.145680,0.122719,0.785207,0.212351,-0.262504,-0.058586,0.025591,0.120559,0.285944,0.087228,0.141401,-0.013422,0.013503,0.085707,0.044167
-0.104326,0.403598,-0.161822,-0.032648,0.166528,-0.068050,0.380839,0.525800,-0.136750,-0.287906,-0.056359,-0.200360,-0.144323,0.172656,-0.202719,-0.041866,-0.216849,0.085518,-0.223035,0.051245
-0.121497,-0.229633,-0.500208,-0.274448,-0.028100,-0.019854,-0.103615,0.560221,-0.052656,-0.150435,-0.261995,-0.096510,0.114891,0.139119,0.125996,-0.083986,-0.091573,-0.048436,-0.231941,0.240500
-0.069738,-0.104088,0.067260,-0.083535,0.140230,0.290493,0.307622,0.151309,0.268130,-0.097079,-0.066393,0.428187,-0.370735,-0.068506,0.225431,-0.010770,0.244069,0.130082,-0.398908,0.231219
-0.250094,0.258258,-0.262491,0.075159,0.152540,0.080926,-0.054373,0.796175,-0.032728,0.025860,-0.218691,-0.012651,0.001505,0.131821,-0.044888,-0.142030,-0.124606,-0.023356,-0.116644,-0.102795
-0.249753,-0.068812,0.036744,0.347365,0.033899,0.154547,-0.246138,0.509677,0.116598,-0.308833,-0.180008,-0.052405,0.266277,0.028253,0.223166,0.109429,0.174240,0.294323,0.232950,-0.128976
0.149584,0.175456,0.366644,0.104048,-0.297814,0.028600,-0.215857,-0.054814,0.024381,-0.267027,-0.118253,-0.088862,0.329559,-0.109396,0.406321,0.365103,0.077742,0.098888,0.238810,0.277259
