-0.161076,-0.037823,-0.060933,0.323521,-0.200075,0.092844,-0.031691,0.221919,0.020225,0.042037,-0.044079,0.021434,0.145793,0.057495,0.303702,-0.102493,0.728465,0.190040,0.135103,-0.220077
-0.146290,-0.193402,-0.209402,0.133158,0.000094,0.012989,0.093154,0.379549,-0.152967,-0.137805,-0.218035,0.134807,0.018771,0.102147,-0.096956,0.184510,0.592821,0.333415,-0.128240,-0.292114
-0.268850,-0.132926,0.187972,0.364698,0.443577,-0.028654,-0.319115,0.188762,0.203149,0.200618,-0.124467,-0.105947,-0.101576,0.285904,-0.178540,0.202691,0.202222,0.283849,0.046671,-0.098844
-0.094496,-0.250482,0.181373,-0.095331,-0.023486,0.535947,0.109055,0.385078,-0.053111,-0.099592,-0.261185,-0.118251,0.190385,0.064001,0.013041,0.449991,0.215035,0.102873,-0.182305,-0.101850
0.156089,-0.219515,-0.120372,0.006222,-0.119479,0.189255,0.127779,0.314047,-0.213615,0.307763,0.070381,-0.112600,0.451886,0.005119,0.484541,0.038413,0.254793,-0.043883,-0.110449,0.265268
0.110008,-0.039340,-0.112781,0.006960,-0.024950,-0.136270,0.096304,0.330788,0.175561,-0.101128,0.023594,0.022263,-0.075270,0.318601,0.361630,-0.019105,0.701461,-0.170157,0.122041,-0.139235
0.069958,-0.043385,-0.020121,0.656680,0.090465,0.377311,-0.169476,0.326835,-0.158236,0.035436,-0.182151,0.076404,-0.133439,0.061569,-0.013014,0.107921,0.039856,-0.058121,-0.138750,0.390586
-0.026948,-0.163674,-0.229751,-0.281323,-0.146277,0.340959,0.308774,0.187930,-0.353599,-0.068319,0.046850,0.071199,-0.042362,0.168487,0.092677,0.102304,0.498285,0.232921,-0.268410,0.107063
-0.029157,0.158086,-0.122693,0.091341,-0.311270,-0.129850,-0.126999,0.379425,-0.096509,-0.153947,-0.132867,-0.195832,0.357072,-0.004457,-0.172722,-0.085881,0.585138,0.089812,0.139894,-0.230544
-0.105463,0.073078,0.281281,0.229153,0.109604,0.138534,0.070359,0.497858,-0.383303,-0.166526,0.139426,0.020454,0.106639,0.474674,0.163416,-0.050742,-0.022708,0.221505,-0.236734,0.042303
0.231730,0.093482,-0.199570,-0.121342,0.259996,-0.326357,0.051088,0.520522,0.113099,-0.036290,-0.124748,-0.435325,-0.015320,0.131705,-0.204534,0.092196,0.300510,0.049485,0.184804,-0.146114
0.259653,-0.163616,-0.376388,0.213749,0.170520,0.194959,-0.151931,0.112632,-0.346032,-0.298084,0.211167,-0.337726,-0.049907,0.104296,-0.013672,-0.061333,-0.057793,0.043319,0.471028,0.062888
0.588238,-0.003576,-0.019825,0.302079,-0.140542,-0.202978,0.105396,0.169357,0.249553,0.165292,-0.202672,-0.140851,0.245170,0.045164,0.269841,-0.210539,0.062283,0.277626,0.107728,-0.198026
0.115286,-0.272110,0.371124,0.134287,-0.025781,0.245508,0.286938,0.442088,-0.055196,-0.027224,0.042153,-0.267672,0.191337,0.033845,-0.069722,0.435934,0.256292,-0.029298,-0.045293,-0.199301
-0.360494,-0.055040,-0.025396,0.295632,0.531576,0.266757,0.114333,0.268120,-0.190487,0.032280,-0.161082,0.116467,0.318232,0.044660,-0.277564,0.202886,0.027309,-0.101012,-0.146809,0.097298
0.003363,-0.002488,-0.284429,-0.085722,0.091736,0.256876,0.227585,0.614268,-0.296155,-0.318651,0.256864,-0.284650,-0.138284,0.033612,-0.063135,0.045215,0.056171,0.121461,-0.163154,-0.033937
-0.122141,-0.173376,-0.158063,0.150915,-0.145530,0.155030,-0.286575,0.306121,-0.256905,-0.250609,0.005838,-0.266420,0.618299,0.129797,-0.062434,0.083874,0.185093,0.194859,-0.059094,-0.024502
0.207200,0.089258,-0.130120,0.246831,0.296220,-0.021818,0.030021,0.388834,-0.270585,-0.308370,0.260456,-0.127346,-0.347241,0.113724,-0.322019,0.243538,-0.017199,-0.148515,0.147840,0.194528
-0.016983,-0.047385,0.004899,-0.165261,-0.298368,0.027967,-0.326180,0.442396,-0.130423,-0.283138,-0.017238,0.093839,0.567776,0.207335,0.031559,0.110838,0.207651,0.219470,-0.036104,-0.026625
0.040312,-0.037303,0.069525,-0.150800,0.035057,0.134636,0.108502,0.630444,-0.017802,-0.253325,0.163553,-0.550944,0.011273,0.202610,-0.145996,0.165215,0.168858,-0.045739,-0.117307,-0.109028
-0.037779,-0.251620,0.002031,-0.018966,0.299748,0.166100,0.186641,0.496935,-0.197239,-0.247098,0.106445,-0.541380,0.127604,0.114842,-0.159702,0.163566,0.016152,0.085053,-0.160193,-0.128100
-0.370141,-0.034021,-0.119933,-0.121067,-0.087363,-0.246252,-0.093206,0.284590,0.144777,-0.080716,0.052826,0.355050,-0.047025,-0.134208,-0.235283,-0.124716,0.457186,0.142912,-0.107561,-0.431709
-0.268452,-0.179696,0.479675,0.426792,0.043837,0.042268,-0.083235,0.087502,0.061491,0.026412,0.067368,-0.259553,0.180708,0.377148,-0.105676,0.399329,0.090945,-0.064645,-0.106681,0.139167
-0.002438,-0.126709,-0.104944,0.039071,0.066892,0.067986,0.002297,0.476930,0.028311,0.060285,-0.015334,0.484172,0.091146,0.170510,0.129721,0.041660,0.633505,0.081816,-0.105712,-0.143528
-0.235070,-0.095362,0.337803,0.442138,0.081325,0.315790,0.344863,0.252646,-0.167202,0.287601,-0.102496,-0.186314,-0.009908,0.140760,-0.111438,0.261242,0.178101,0.035420,-0.185839,-0.113912
-0.206017,0.127924,0.526098,0.073001,0.317128,-0.094769,0.180124,0.154126,0.214767,-0.056325,0.196896,0.089770,-0.025991,0.426911,-0.145085,-0.087959,0.382296,-0.104970,0.162526,-0.043718
0.028267,0.260408,-0.004283,0.646120,0.116801,-0.004538,0.227052,0.259618,0.209902,-0.058994,0.204135,0.004311,-0.168670,0.066133,-0.243888,0.019404,-0.279776,0.145090,-0.191199,0.251969
0.014196,-0.218595,-0.380051,-0.174287,-0.326937,-0.170326,-0.233597,0.531730,0.084955,0.121813,0.045147,-0.166865,0.303966,0.211489,0.053199,-0.115064,0.293523,0.062883,0.010286,-0.093006
-0.189080,-0.152203,-0.350012,0.083914,0.065692,0.259133,-0.102195,0.281669,-0.012990,0.183512,-0.415913,0.024356,-0.031970,0.096760,-0.189339,0.213293,0.588059,-0.019329,-0.046647,-0.052661
-0.163390,-0.191492,0.310618,0.383528,0.299199,0.168785,-0.260461,0.207120,0.045847,0.024339,-0.033946,0.172776,0.158709,0.145070,-0.371296,0.241197,-0.108867,0.202912,-0.319492,0.182321
-0.047452,-0.084596,-0.118407,0.466978,0.245757,0.111595,0.159148,0.234757,-0.152414,-0.018697,-0.146460,-0.095790,0.166261,0.141829,0.020252,0.277956,0.518784,0.223311,0.126299,-0.301040
-0.065281,0.044312,0.273159,0.144689,-0.234474,0.071059,-0.293854,0.313701,0.324419,-0.222399,-0.187911,-0.125039,0.302184,-0.201105,0.427362,-0.182763,0.273076,-0.022491,0.136657,-0.078947
