-0.098569,-0.021460,-0.213423,0.325627,-0.161913,0.123974,-0.067056,0.327738,-0.014163,0.090422,-0.069930,-0.039452,0.025415,0.026558,0.388826,0.015099,0.602794,-0.072040,0.194269,-0.332969
-0.149978,-0.217987,-0.222595,0.143946,-0.005238,0.172353,0.192932,0.297716,-0.239910,-0.097881,-0.172345,0.217684,0.043912,0.138310,0.154855,0.301036,0.580105,0.120203,-0.225185,-0.150205
0.095159,-0.136189,0.420551,0.054656,0.125084,0.039243,-0.324039,0.136200,0.012979,0.318301,-0.230515,-0.013566,0.274792,0.388194,-0.164679,0.233277,0.363842,-0.166564,-0.014250,-0.170100
-0.155215,-0.227869,0.016877,0.154128,-0.068095,0.383488,0.081225,0.257827,-0.058468,0.051104,-0.378325,0.084905,0.187923,0.037217,0.032032,0.630475,0.194410,-0.052373,-0.179912,0.103302
0.000790,-0.346358,0.229202,-0.186967,-0.025153,0.350820,0.056720,0.175290,-0.428575,0.142763,0.141723,0.107546,0.246946,0.085534,0.186183,0.324411,0.416024,0.088249,-0.016489,0.099215
0.133834,-0.024153,-0.031176,-0.029498,-0.014978,-0.096445,0.023647,0.110482,-0.051049,-0.103891,0.061552,0.034644,-0.042554,0.318852,-0.082544,0.246618,0.852129,-0.068513,0.122567,-0.148429
0.283664,-0.040984,-0.054447,0.516752,-0.004619,0.452657,-0.088417,0.223099,-0.218167,0.215773,-0.229245,0.329113,-0.149240,-0.030624,-0.072247,-0.133609,0.083779,0.035343,0.030527,0.273571
0.106919,-0.245313,-0.161190,-0.093702,-0.285248,0.278287,0.103871,0.183571,-0.339333,-0.012279,-0.050225,0.067986,-0.196211,0.094328,-0.112293,0.060175,0.423031,0.478992,-0.159510,-0.265384
-0.003932,0.095774,0.000387,0.025534,-0.382092,-0.060855,-0.160044,0.399400,-0.227889,-0.126456,-0.187554,-0.103061,0.325257,0.094409,-0.093158,-0.073310,0.530670,0.198924,0.144203,-0.266218
0.180475,0.127206,0.375627,0.235882,0.107625,0.242985,-0.251487,0.195848,-0.475529,-0.375368,0.050101,0.217070,0.011069,0.079098,0.007470,-0.182353,0.111240,0.293190,-0.083794,-0.143462
0.137017,-0.016981,-0.036992,-0.091589,0.297948,-0.307195,0.254917,0.298945,-0.287033,-0.086753,-0.211789,-0.311293,-0.007280,0.220326,-0.325809,-0.015869,0.389382,0.174859,0.250987,0.042757
0.216339,-0.181770,-0.423095,0.242624,-0.018962,0.196836,-0.167447,0.013739,-0.272083,-0.126391,0.097571,-0.268409,0.045135,-0.125567,-0.116374,-0.143532,0.196425,0.138881,0.577499,-0.007649
-0.042935,0.141269,-0.102878,0.087013,0.003503,0.005591,0.150013,0.199156,0.066132,0.288182,-0.016653,-0.209473,-0.077473,-0.194713,0.578336,0.059513,0.471576,-0.190512,0.210200,-0.285418
0.573429,-0.158071,0.201576,0.177417,-0.067923,0.165020,0.143452,0.106076,-0.052628,-0.049891,0.072924,-0.130735,0.010478,-0.015076,-0.202476,0.189980,0.622512,0.058438,0.089360,0.079955
-0.273608,-0.116672,0.056587,0.077293,0.544590,0.240530,-0.031890,0.397443,-0.150387,0.054301,-0.329638,0.035026,0.258185,0.126961,-0.177713,0.345838,-0.096267,-0.059790,-0.020857,0.079028
0.296599,-0.025225,-0.173577,0.017469,0.133795,0.219921,0.152631,0.490877,-0.229963,-0.231426,0.158830,-0.276338,-0.228221,-0.059938,-0.214959,0.164204,0.094898,0.256707,0.325017,-0.181706
-0.006365,-0.025710,-0.141429,0.151795,-0.318901,0.289383,-0.351270,0.275590,-0.131044,-0.085122,-0.201384,0.001052,-0.012572,-0.046054,0.229189,0.056548,0.300835,0.465774,0.030311,-0.374336
0.199331,-0.091100,-0.077211,0.288147,0.237397,-0.221126,-0.038390,0.157490,-0.408575,-0.348121,-0.023619,-0.261029,-0.249178,0.090659,-0.368505,0.021864,0.076546,0.085550,0.353406,0.173130
-0.065342,-0.024967,0.043122,0.110918,-0.563710,0.224826,-0.261170,0.230611,-0.013485,-0.192770,-0.147176,0.161983,0.365645,0.157399,0.050628,0.024165,0.379082,0.294337,0.041440,-0.111010
0.238246,-0.101791,0.194899,-0.063983,0.235394,0.046238,0.058596,0.409765,-0.153881,-0.228355,-0.009575,-0.286364,-0.283937,0.235848,-0.279316,0.297582,0.281244,0.228707,0.250258,-0.084480
0.257927,-0.239641,0.094363,0.012174,0.326041,-0.007884,0.042372,0.362603,-0.283885,-0.303794,0.042056,-0.134163,-0.065249,0.053298,-0.324043,0.478184,0.142379,0.131211,0.218821,-0.092565
-0.457266,-0.065128,0.052749,-0.030710,-0.057413,-0.042686,0.106511,0.561288,-0.102326,-0.127863,-0.026737,0.013407,-0.204149,-0.063389,0.009535,-0.138358,0.283573,0.075937,-0.189591,-0.486483
-0.171515,-0.216537,0.482812,0.383973,0.135261,0.010320,-0.020612,0.066490,-0.027838,0.215593,0.041813,-0.199260,0.187175,0.472017,-0.035416,0.330904,0.034480,-0.098670,0.054765,0.220645
0.180377,-0.150682,-0.126510,0.039957,0.077208,-0.012084,0.034022,0.474139,0.115358,-0.065112,-0.049261,0.472593,-0.039709,0.205050,0.237333,0.195884,0.513930,0.021888,-0.107551,-0.193073
-0.144686,-0.196458,0.293515,0.240741,0.061323,0.283746,0.454251,0.158640,-0.451767,0.177772,-0.109012,-0.166567,0.022399,0.183732,-0.131502,0.322974,0.159322,0.023638,-0.082081,-0.129271
-0.054357,0.028020,0.608284,0.040132,0.201028,-0.062695,0.085131,0.110197,0.075945,-0.032742,0.033290,0.089399,-0.004975,0.620058,-0.158478,0.045450,0.359460,-0.051725,0.034643,0.014194
0.210211,0.449475,0.054692,0.275306,0.151222,0.018685,0.471732,0.157937,0.019695,0.007510,-0.089542,0.091465,0.049474,0.320698,-0.299542,-0.230570,-0.201958,0.115403,-0.267821,-0.116027
0.173227,-0.286494,-0.131616,0.073908,-0.070184,0.208091,-0.399789,0.417852,0.101577,0.018094,-0.107066,-0.097047,-0.089057,-0.020608,0.169370,0.069598,0.367099,0.518119,0.022130,-0.073207
-0.336569,-0.162676,-0.389214,0.167536,0.038506,0.093058,-0.028241,0.488747,-0.186757,0.089945,-0.386580,0.015529,0.067748,0.173470,-0.025878,0.306850,0.307849,-0.003292,-0.037688,-0.111909
0.010110,-0.116150,0.316987,0.426513,0.169988,0.232760,-0.223489,0.188104,-0.281047,0.122219,-0.044794,0.161588,0.050425,0.268142,-0.256643,0.313402,-0.045101,0.002623,-0.311496,0.275621
-0.106273,-0.126925,0.018063,0.454722,0.289812,0.039463,0.267150,0.140244,-0.182880,-0.043753,-0.047527,-0.101586,-0.008367,0.052890,0.015220,0.378606,0.566409,0.035354,0.099985,-0.249931
-0.134365,0.143271,0.134413,0.029853,-0.221127,0.217966,-0.334426,0.360015,0.201529,-0.046341,-0.330430,-0.228540,0.138655,-0.198572,0.145488,-0.285559,0.268758,-0.102096,0.264883,-0.293673
