-0.103458,-0.101967,0.038384,0.346413,-0.250294,-0.033792,-0.023566,0.171962,-0.073521,-0.108698,0.019240,0.010913,0.329356,-0.015888,0.242624,-0.095754,0.722058,0.071900,0.202964,-0.036102
-0.073210,-0.172969,-0.179512,0.015088,-0.070275,0.174712,0.115937,0.340556,-0.062207,-0.009934,-0.202839,0.125553,0.048530,0.186487,0.064128,0.038515,0.578852,0.472127,0.143470,-0.291935
-0.321387,-0.025240,-0.000099,0.570376,0.385593,-0.268438,-0.241496,0.327513,0.084775,-0.182227,0.129007,-0.065638,0.009773,0.268159,-0.173942,0.045973,-0.039937,-0.112480,-0.041888,-0.051948
-0.085862,-0.246258,0.243350,-0.104555,-0.046544,0.177076,0.300245,0.633511,-0.008303,-0.217605,-0.048159,-0.196082,0.068402,0.084756,0.063292,0.287359,0.145787,0.289439,-0.149860,-0.150696
-0.125381,0.168215,-0.497830,-0.088118,-0.031805,0.062825,-0.068976,0.506352,0.140383,-0.248782,0.104472,-0.281653,0.181406,0.119887,0.261738,0.288411,0.090123,-0.053437,-0.152784,0.170715
0.057778,-0.095849,-0.112671,-0.153744,-0.051958,-0.091027,-0.085315,0.550875,0.327570,0.121047,0.095057,0.036606,-0.044062,0.277764,0.442938,-0.178758,0.355063,-0.118928,0.222366,0.013458
0.034889,0.230172,-0.191742,0.304733,0.112697,0.016630,-0.131003,0.627914,-0.089987,-0.121771,-0.144707,0.058394,-0.021338,0.047077,0.081176,0.182695,0.042902,-0.061389,-0.220913,0.497428
-0.232218,-0.094932,-0.337859,-0.370933,-0.148975,-0.006807,0.100874,0.248895,-0.250089,0.027757,-0.045993,-0.204762,0.261182,0.044863,0.075615,0.106671,0.540577,-0.159822,-0.246715,0.132816
0.007304,0.112741,-0.161754,0.151232,-0.125934,-0.192243,-0.089566,0.388815,-0.061601,-0.257802,-0.001360,-0.198952,0.383788,0.269138,0.008616,0.081085,0.585856,0.150577,0.148288,-0.045579
-0.228848,0.025672,-0.189341,-0.017087,0.100955,-0.098863,0.146254,0.761055,-0.132680,-0.279460,0.096227,0.017659,-0.020172,0.283714,0.081246,0.113034,0.021899,-0.021202,-0.262271,0.122473
0.164801,0.034871,-0.291728,-0.211227,0.199313,-0.289369,0.023257,0.507753,0.380232,-0.000582,0.137903,-0.304648,0.237319,0.294859,0.151199,-0.019146,-0.010535,0.130755,0.010713,-0.140968
0.191552,-0.127734,-0.378167,-0.191439,0.092786,0.013176,-0.392776,0.292818,-0.129536,-0.283382,-0.040480,-0.343017,0.059271,0.267868,0.128773,0.031449,-0.232214,-0.257203,0.231233,0.189122
0.241464,0.014428,0.017242,0.227140,-0.114389,-0.372238,-0.266895,0.044793,0.372115,-0.150247,-0.104953,-0.153446,0.380762,-0.060410,0.315008,-0.150622,0.420647,0.075119,-0.076964,-0.100255
-0.188505,-0.252993,0.212030,-0.196519,-0.045173,0.166361,0.361332,0.557456,0.121919,-0.174845,0.104034,-0.049784,0.104099,0.261982,0.165057,0.231873,0.229954,0.189661,-0.053049,-0.186999
-0.341987,0.087405,-0.049461,0.195806,0.234205,0.304617,0.422072,0.251923,-0.146649,0.037528,-0.082036,0.040311,0.367424,0.056287,-0.396709,0.070774,0.171729,0.052611,-0.250717,0.135730
-0.130749,-0.042916,-0.487595,-0.165962,-0.027229,0.046004,0.239071,0.517103,-0.194881,-0.383644,0.243441,-0.295648,-0.003534,0.057708,0.019628,-0.063584,0.086698,0.033104,-0.200116,0.010023
-0.117747,-0.097413,-0.247639,0.137334,-0.083029,-0.254834,-0.147671,0.228885,-0.142445,-0.426997,-0.089369,-0.245392,0.628811,0.124680,-0.038661,0.032663,0.146743,-0.070159,-0.046045,0.193711
0.137676,-0.051867,-0.236236,-0.364433,0.336580,-0.068534,0.174549,0.510331,0.031673,-0.294649,0.287290,-0.098739,-0.091360,0.206484,-0.023767,0.244575,-0.159425,-0.243605,0.066791,-0.012528
0.064678,-0.012744,-0.233746,-0.195049,-0.251895,-0.166292,-0.256752,0.431698,-0.034371,-0.393742,-0.066396,0.077208,0.452208,0.265547,0.220030,0.060824,0.151872,-0.148687,-0.060188,0.130708
-0.037298,-0.203911,-0.215564,-0.214553,-0.083747,-0.035593,0.231916,0.520172,-0.073659,-0.407054,0.230871,-0.436212,0.067616,0.161140,0.021191,-0.032067,-0.025837,-0.255700,-0.105200,-0.089727
-0.147410,-0.224031,-0.253699,-0.161673,0.162088,0.074446,0.260038,0.538366,-0.164471,-0.348616,0.040034,-0.426305,0.140458,0.213902,-0.006820,0.012063,-0.100847,0.055832,-0.123205,-0.149141
-0.295478,-0.001329,-0.090070,-0.240398,-0.158148,-0.302705,-0.195274,-0.054344,-0.167722,0.010356,0.363957,0.236529,-0.004308,-0.245054,-0.010580,-0.115021,0.593930,0.031405,-0.134191,0.165089
-0.324365,-0.018470,0.386025,0.092464,0.180546,0.237101,0.084050,0.391000,0.138484,-0.273830,0.189816,-0.214783,0.048784,0.260081,-0.235503,0.424708,0.020932,-0.034891,-0.065121,0.006565
-0.034395,-0.204847,0.041441,0.308845,0.141167,-0.056850,0.223552,0.555101,0.104291,-0.011407,0.053466,0.135046,0.388791,0.136436,0.042433,-0.252579,0.448304,0.039217,-0.072999,0.056252
-0.211088,-0.031081,0.058425,0.377260,0.175272,0.407509,0.279402,0.338356,0.199874,0.256828,0.097098,-0.185027,-0.074301,0.236616,-0.204278,0.192402,0.301059,0.023032,-0.195952,0.003181
-0.276001,-0.014511,0.142836,-0.026515,0.280113,-0.140292,0.368635,0.295207,0.396530,-0.092240,0.459631,-0.082676,-0.027758,0.352690,-0.081828,-0.041385,0.188108,-0.023897,0.167000,0.008307
-0.165392,0.214620,-0.003710,0.490263,0.189815,-0.179585,0.285162,0.349256,0.104469,-0.117915,0.254157,-0.284547,-0.150364,-0.144187,-0.273078,0.095094,-0.221662,0.141221,-0.054382,0.212617
-0.149421,-0.231497,-0.421582,-0.200437,-0.033356,-0.030086,0.005247,0.552539,0.062549,-0.130826,0.017407,-0.296987,0.219604,0.159617,0.118592,-0.151035,0.095417,-0.210878,-0.167922,0.311364
-0.142620,-0.088862,-0.182277,-0.012839,-0.103635,0.203724,-0.039128,0.231253,-0.073134,0.138649,-0.301673,-0.087694,-0.236682,0.083470,0.018665,-0.011196,0.755548,-0.247033,-0.100964,-0.048180
-0.266235,0.086182,-0.016443,0.221589,-0.068324,0.105037,-0.340213,0.634589,0.224321,-0.030826,0.032064,0.015211,0.114127,0.292164,-0.273795,0.059689,-0.228351,-0.075672,-0.225274,-0.010518
-0.264043,-0.125462,-0.079109,0.262849,0.099274,0.208289,0.099790,0.329597,-0.092901,0.077026,-0.149706,-0.086265,0.136451,0.269093,-0.084565,0.009299,0.495440,0.370371,0.210936,-0.312324
0.168243,0.071304,0.261406,0.230219,-0.185899,-0.349739,-0.334803,0.110482,0.282057,-0.281636,0.016314,-0.136121,0.303220,0.204518,0.355579,-0.056879,0.318795,0.040539,0.122488,0.068651
