-0.153791,-0.057343,0.236738,-0.184673,-0.183140,-0.125254,0.013213,0.606931,-0.200218,-0.029998,-0.125806,0.176335,0.101950,-0.110397,0.127400,0.503605,-0.120271,-0.207662,-0.160055,-0.039973
-0.198869,-0.040254,0.120752,-0.338201,-0.017980,-0.170178,0.124105,0.624605,0.080960,-0.275484,-0.226463,0.238036,-0.038292,-0.081541,0.045003,0.333970,-0.171049,-0.137496,-0.086714,0.165230
-0.205422,0.097120,0.043206,-0.114791,0.073416,0.439565,-0.110585,0.586870,-0.356467,0.055948,-0.171249,-0.010241,0.120447,-0.085597,-0.056604,0.130579,-0.224497,-0.122414,-0.332072,0.026409
-0.151642,0.074764,-0.130860,0.130769,0.122221,-0.150478,0.113552,0.768300,-0.065928,-0.202993,-0.235269,0.140534,0.041311,-0.056181,0.281473,0.151911,0.029476,-0.133341,-0.206673,-0.085121
-0.270473,0.134140,-0.236748,-0.257783,-0.046735,0.464362,-0.243511,0.346078,-0.207224,-0.308658,-0.207167,-0.071494,0.020644,-0.235064,0.061996,0.114070,-0.091519,-0.057517,-0.340195,-0.057185
-0.176925,0.209526,0.109562,-0.129292,-0.077542,0.135888,-0.128259,0.831236,-0.149981,0.126895,-0.026877,0.025334,-0.014482,0.111147,0.200251,0.149331,-0.141640,-0.039257,-0.020179,-0.165102
-0.254056,0.192280,-0.061482,-0.139812,0.108530,0.494969,0.023852,0.478110,-0.056583,-0.271232,-0.302868,-0.080496,-0.053835,-0.186516,0.161556,0.188415,-0.137461,-0.139249,-0.262070,0.089411
-0.225750,0.032211,-0.063983,-0.270094,-0.138486,0.190698,-0.118261,0.382506,-0.348334,-0.386286,-0.205581,0.029536,-0.000503,-0.141773,0.034820,0.249276,-0.202891,-0.156575,-0.326889,0.292295
-0.131779,0.165855,0.060763,-0.144759,-0.168233,-0.045250,-0.053741,0.629081,-0.275910,-0.237262,-0.109532,0.121561,-0.164987,-0.192897,-0.052710,0.357800,-0.163102,-0.275435,-0.211191,-0.002616
-0.347063,0.100653,-0.056160,-0.312446,0.223628,0.469868,-0.065050,0.382525,-0.133624,-0.160917,-0.306082,-0.057668,-0.028597,0.091314,-0.129190,0.166087,-0.120191,-0.100491,-0.349951,0.078068
-0.143427,0.168928,-0.176528,0.086553,0.287002,0.094085,-0.188342,0.678062,-0.241034,0.016958,0.053256,-0.120711,-0.327615,-0.074969,0.136612,0.200549,-0.132549,0.024148,-0.217312,0.113010
-0.070675,0.046948,-0.252243,-0.168758,0.174312,0.290213,-0.209278,0.504897,0.247051,-0.363947,-0.065343,-0.265510,-0.042600,-0.165511,0.181932,0.315225,-0.080441,-0.002746,-0.219761,0.051613
-0.226439,-0.070742,0.005514,-0.357079,0.102421,0.414001,-0.161323,0.345570,-0.186925,-0.232820,0.111928,0.081863,-0.089507,-0.180915,-0.086714,0.508064,0.061814,-0.258713,-0.055667,0.015390
-0.190888,0.163933,-0.099067,0.107982,0.093065,0.221146,-0.133435,0.703919,-0.058257,-0.043850,-0.127426,0.109660,-0.051734,0.024443,0.243479,0.325047,-0.208903,-0.142153,-0.270318,0.075028
-0.255005,0.111033,0.063772,-0.198342,0.229066,0.131370,0.108762,0.307742,-0.252210,-0.131917,-0.284738,0.012895,0.382685,-0.015979,0.027892,0.075878,-0.270490,-0.110111,-0.420551,0.354017
-0.303468,0.054498,-0.270336,-0.079659,0.044026,0.306409,-0.040239,0.366754,0.100211,-0.245434,-0.278521,-0.156345,-0.165157,-0.118296,-0.028622,0.204102,-0.039334,-0.068807,-0.566974,0.098847
-0.096048,0.293512,-0.147962,-0.221869,-0.442856,0.078731,0.002555,0.306264,-0.213033,-0.228862,-0.237210,0.068505,0.075011,-0.018055,-0.082938,0.273514,-0.223150,-0.274881,-0.388833,0.120301
-0.169238,0.067832,-0.277257,-0.054651,0.437827,0.277610,-0.055951,0.491169,0.304321,-0.182659,-0.089475,-0.211339,-0.268890,-0.124618,0.135251,0.103190,-0.048853,0.057466,-0.241735,0.119242
-0.133554,0.138714,-0.247946,-0.137866,-0.337293,0.098814,-0.151742,0.396587,-0.147521,-0.372487,-0.277727,-0.096685,-0.028731,-0.058281,0.037878,0.398353,-0.180913,-0.306441,-0.155128,-0.128717
-0.273729,0.030451,-0.355380,-0.086775,0.201775,0.378428,-0.086839,0.436412,0.077544,-0.136979,-0.135725,-0.107047,-0.189557,0.027340,0.016204,0.247810,-0.021006,-0.020449,-0.501940,0.050890
-0.267327,0.008968,-0.282089,-0.140245,0.240892,0.258683,-0.134451,0.441337,-0.090480,-0.071928,-0.319981,-0.099509,-0.065700,-0.191501,-0.072113,0.055867,-0.031838,-0.071813,-0.461712,0.311611
-0.349148,0.019889,0.053949,-0.319429,-0.167165,-0.022723,-0.000255,0.284136,-0.236769,-0.018845,0.240019,0.137968,-0.041066,-0.064870,0.032690,0.587700,0.134138,-0.116840,0.108423,-0.367080
-0.199620,0.201456,0.011868,-0.050602,0.216077,0.219799,0.009337,0.734639,-0.027766,0.118739,-0.021095,-0.080029,0.228358,0.047455,0.057955,0.096646,-0.156307,0.135321,-0.283353,-0.265016
-0.200723,0.172116,0.086757,-0.167622,-0.008205,0.097578,0.050043,0.700768,-0.139904,-0.122684,-0.111523,0.164707,0.000456,0.068087,0.013959,0.315360,-0.180491,-0.162132,-0.175646,0.350865
-0.286123,0.080522,0.096605,-0.169947,-0.033835,0.424911,0.036800,0.534026,-0.205457,0.157272,-0.339989,-0.000612,0.180621,-0.030159,-0.032010,0.070744,0.020402,0.031785,-0.338810,0.258615
-0.137404,0.235857,0.054092,0.025709,0.042430,-0.025556,-0.125532,0.888199,-0.041821,-0.003579,-0.152047,-0.106748,0.045384,0.046334,-0.050234,0.135590,-0.179916,-0.073551,-0.113529,-0.052315
-0.314737,0.149753,-0.034345,-0.237271,0.065289,0.573992,-0.075906,0.473189,-0.030601,-0.092334,-0.302053,-0.179909,-0.033197,-0.137859,-0.000345,0.059462,-0.000252,0.010668,-0.317475,-0.005040
-0.137362,0.079478,-0.239352,-0.143226,-0.199872,0.246447,-0.114476,0.573154,-0.265535,-0.139648,-0.272131,-0.086057,-0.169334,0.049211,0.043231,0.254007,-0.034510,-0.236304,-0.257667,0.249678
-0.063659,0.177091,0.120376,-0.230762,-0.170794,-0.070794,0.278167,0.392999,0.286722,0.070652,-0.361456,0.138827,-0.261652,0.043036,0.232976,0.085001,-0.302719,-0.327763,-0.188923,0.164731
-0.244104,0.107528,-0.047527,0.026373,0.125058,0.403061,-0.063978,0.580930,-0.221965,-0.128765,-0.255995,-0.093614,0.126923,-0.139412,-0.070426,0.086232,-0.212487,-0.067999,-0.206792,0.354404
-0.165187,0.000315,-0.000589,-0.334380,0.073068,-0.052564,-0.112406,0.653443,-0.030385,-0.111932,-0.269147,0.001292,0.165033,-0.045205,0.036544,0.246758,-0.290636,-0.182113,-0.272393,0.209636
-0.070402,0.056027,0.008846,-0.105433,-0.236982,0.167771,-0.265868,0.526799,-0.045715,-0.264014,-0.129813,0.060246,0.191127,-0.120369,-0.103668,0.442218,-0.157278,-0.407656,0.051407,-0.070998
