0.958384,-0.085609,0.074309,0.072830,-0.006544,0.049972,0.035602,-0.076818,0.081971,0.001631,0.107417,0.020940,-0.037260,0.032783,-0.030538,0.085908,0.110632,0.023685,0.063969,0.085267
0.029629,-0.053057,0.042973,0.076739,-0.000605,0.003477,0.041921,-0.095108,0.089927,-0.002050,0.969338,-0.010265,-0.030905,0.026822,-0.053067,0.098437,0.045716,0.036799,0.043228,0.102227
-0.092491,-0.071906,0.047931,0.115692,-0.018258,0.049316,0.039304,-0.124537,0.060135,-0.035081,0.154987,-0.039472,-0.058333,0.017185,-0.047854,0.065084,0.944737,0.039358,0.042949,0.119173
0.939430,-0.069721,0.095270,0.104152,0.019305,0.046886,0.036683,-0.108746,0.052152,-0.052833,0.159381,0.022445,-0.063005,0.026550,-0.003228,0.130537,0.117208,0.042260,0.064362,0.064316
0.925851,-0.038930,0.043452,0.134460,-0.005060,0.095077,0.070919,-0.106084,0.052725,-0.055047,0.142288,-0.026016,-0.024308,0.039063,-0.013155,0.127176,0.171865,0.062617,0.058186,0.118014
0.039073,-0.059145,0.082626,0.091440,-0.011962,0.088452,0.155972,-0.099378,0.068936,-0.060378,0.121278,-0.057350,-0.048269,0.013933,0.005670,0.140382,0.929607,0.112650,0.049222,0.098365
-0.040027,0.008459,-0.055116,-0.007587,0.006883,0.095881,-0.019177,0.963005,-0.009605,0.012628,-0.021211,0.142822,-0.010186,0.007906,0.045938,0.028469,0.154554,0.065431,0.024275,0.072806
-0.042647,0.012993,-0.068948,-0.038231,-0.003701,0.038769,-0.019241,0.951799,-0.010516,0.023334,-0.011202,0.135907,-0.011845,-0.014496,0.033606,0.023272,0.227520,0.007173,0.023750,0.101660
0.953378,-0.079116,0.035272,0.071456,-0.007766,0.044316,0.099736,-0.082638,0.060311,-0.044946,0.148703,-0.008471,-0.047025,0.031680,-0.033716,0.095053,0.064004,0.054825,0.026322,0.103135
0.964909,-0.064861,0.071805,0.063665,-0.005236,0.047558,0.029339,-0.062989,0.061623,-0.008014,0.082881,0.020199,-0.041511,0.022458,-0.039823,0.082398,0.110453,0.030907,0.041226,0.108725
-0.117206,-0.001459,0.047662,0.115746,-0.018366,0.090996,0.027365,-0.062205,0.034193,-0.023378,0.952462,-0.010881,-0.028130,0.016306,0.015809,0.165399,0.095517,0.059998,0.052741,0.064576
0.016158,-0.025423,0.052003,0.117884,0.018268,0.053615,0.120699,-0.105285,0.055382,-0.053719,0.949403,-0.006829,-0.052866,-0.007277,-0.000967,0.124141,0.122880,0.042217,0.068831,0.079908
0.004099,-0.095199,0.055132,0.043494,-0.013037,0.048822,0.080026,-0.062104,0.062191,-0.005116,0.130379,0.040257,-0.070533,0.032500,-0.013232,0.114015,0.960725,0.013115,0.041580,0.081003
0.180104,-0.076711,0.041071,0.060494,-0.001483,0.070759,0.019178,-0.095478,0.076389,-0.016108,0.136165,0.011459,-0.058089,0.007905,-0.019637,0.133701,0.938382,0.038467,0.062454,0.097124
0.939158,-0.033650,0.030513,0.088703,-0.004400,0.063168,0.067474,-0.073442,0.050334,-0.057649,0.216664,-0.020692,-0.045079,0.017353,0.024111,0.149360,0.082871,0.066241,0.047044,0.046627
0.944565,-0.028419,0.026246,0.094303,0.003330,0.054944,0.049490,-0.102405,0.086090,-0.027098,0.206651,-0.001870,-0.004987,0.011928,-0.027514,0.094890,0.054238,0.060209,0.068597,0.096890
