0.113584,0.043757,-0.021078,-0.084880,-0.060014,0.084102,0.029855,0.060107,0.041785,0.002861,0.185621,0.024113,0.023585,0.041543,-0.035196,-0.028520,0.054878,0.073538,0.954144,0.049212
0.056458,0.074370,-0.031381,-0.057724,-0.052233,0.143770,-0.023561,0.049978,0.086572,0.027563,0.143742,0.025002,0.027896,0.077465,-0.028806,-0.027376,0.019544,0.122256,0.951735,0.038560
0.120956,0.045883,-0.033186,-0.103865,-0.070368,0.116867,-0.024634,0.047273,0.058915,0.011563,0.959864,-0.016430,0.017968,0.014504,-0.000643,-0.052851,-0.051563,0.108566,0.066261,0.050478
0.178808,0.028692,-0.021288,-0.116920,-0.050651,0.055906,0.012680,0.040659,0.084656,0.035696,0.949771,-0.001831,0.024154,0.036381,-0.042075,-0.009616,0.098448,0.082552,0.117764,0.030358
-0.050824,0.052072,-0.040571,-0.076119,-0.064998,0.148832,-0.045728,0.024318,0.057962,0.045606,0.959950,-0.001011,0.029708,0.074780,0.003734,-0.071176,0.015669,0.109598,0.082933,0.023946
0.076560,0.130141,-0.009322,-0.068544,-0.032262,0.148687,-0.028182,-0.001530,0.083229,0.245330,0.306566,-0.046986,0.008716,0.100956,0.862958,-0.093000,0.026219,0.127101,0.067777,0.010817
-0.004359,0.024005,0.038615,-0.052102,0.007416,-0.054018,0.237448,0.024256,-0.033380,-0.064627,-0.066379,0.269410,-0.010084,0.055439,-0.081814,0.876185,0.201291,-0.034082,-0.085790,0.162386
0.033890,0.033571,0.028526,-0.061170,-0.006347,-0.050365,0.222121,0.026651,-0.022184,-0.077050,-0.084424,0.251475,-0.011881,0.041250,-0.077989,0.894825,0.173390,-0.032424,-0.063905,0.141108
0.054037,0.051047,-0.022809,-0.121533,-0.092976,0.079815,0.006342,0.030634,0.054763,0.008695,0.963045,0.020139,0.034488,0.023410,-0.000965,-0.012063,0.006291,0.103590,0.082015,0.113460
0.073633,0.043134,-0.026823,-0.103781,-0.054318,0.090459,-0.012046,0.026091,0.016345,0.029274,0.971405,0.072764,0.059697,0.036763,0.000991,-0.054972,0.031246,0.078378,0.024400,0.059741
-0.017762,0.023042,-0.008849,-0.073293,-0.053619,0.145529,-0.023695,0.022930,0.061935,0.018191,0.968108,0.005076,0.003608,0.096051,-0.013892,-0.020915,0.020958,0.111215,0.060889,0.027438
0.955820,0.058019,-0.004588,-0.063422,-0.024248,0.117466,0.006277,0.023482,0.097632,0.102417,0.059113,-0.007246,0.019757,0.089139,0.075112,0.017237,0.075402,0.098475,0.098441,0.033250
0.226879,0.044811,-0.006592,-0.105497,-0.086002,0.054517,0.063321,0.062853,0.050442,-0.009552,0.942942,0.029994,0.037939,0.010177,-0.033479,-0.010795,0.069577,0.080182,0.082054,0.059656
0.117232,0.040823,-0.015419,-0.085401,-0.064458,0.119129,0.012216,0.057824,0.070142,-0.024829,0.960104,0.015281,0.028158,0.051847,-0.032212,-0.059030,0.027239,0.101464,0.090744,0.019357
0.084477,0.040509,-0.009301,-0.086395,-0.046053,0.107917,-0.006298,0.028809,0.104799,0.015536,0.960902,0.013698,0.028387,0.044317,-0.031552,0.037072,0.036225,0.099667,0.127683,0.040026
0.944960,0.071187,-0.030391,-0.040254,-0.040197,0.173783,-0.054332,0.048644,0.102178,0.056884,0.137902,-0.005591,0.044026,0.071148,-0.025428,0.004061,0.017977,0.108197,0.089993,0.042297
