0.930034,-0.066556,0.094854,0.060032,0.015741,0.050076,0.051991,-0.065147,0.126383,0.007109,0.235912,-0.029940,-0.025976,0.030882,-0.030900,0.071590,0.100101,0.006533,0.131782,-0.024316
0.931138,-0.040581,0.061299,0.093788,0.021589,0.063109,0.079178,-0.087685,0.146811,-0.029900,0.232372,-0.044025,-0.033183,-0.003323,-0.040482,0.084503,0.075005,0.019145,0.074435,-0.023840
0.946821,-0.040355,0.055200,0.082960,0.043046,0.053262,0.114361,-0.101430,0.103969,-0.042365,0.158497,-0.075945,-0.026698,0.008571,-0.043844,0.033568,0.071020,0.044246,0.087586,0.043754
0.919975,-0.061922,0.133167,0.078780,0.032869,0.098019,0.059428,-0.087615,0.103310,-0.042016,0.214324,-0.041367,-0.041099,0.032969,0.004188,0.106986,0.131969,0.030703,0.104626,-0.018651
0.937765,-0.004789,0.085647,0.117890,0.019032,0.092227,0.027732,-0.084662,0.084627,-0.059502,0.183793,-0.077469,-0.038628,0.013856,-0.004139,0.102119,0.113574,0.042026,0.061483,0.038428
0.917439,-0.022977,0.044098,0.087743,0.025105,0.116202,0.204390,-0.093091,0.110780,-0.053999,0.142036,-0.093620,-0.071197,-0.026698,0.020138,0.082861,0.118924,0.085278,0.068500,-0.016501
-0.107230,-0.027308,-0.065450,-0.053674,0.035876,0.013403,-0.015211,0.897393,-0.030982,0.036097,0.067291,0.207392,-0.023088,-0.024837,0.040953,0.013079,0.246563,0.001927,0.001218,0.244907
-0.096671,-0.019311,-0.049108,-0.060486,0.014952,0.001562,-0.014231,0.138125,-0.032194,0.033833,0.079555,0.224417,-0.014780,-0.014598,0.037887,0.019397,0.934632,-0.004993,0.005246,0.173203
0.927113,-0.052334,0.073999,0.086530,0.019196,0.074701,0.084887,-0.083250,0.119121,-0.055987,0.237045,-0.054557,-0.040717,0.032416,-0.017931,0.078026,0.107120,0.046239,0.071384,-0.018880
0.951222,-0.041404,0.100002,0.072250,0.001934,0.072297,0.049183,-0.045221,0.096921,-0.013992,0.187292,-0.018810,-0.039706,0.035105,-0.042772,0.063192,0.091519,0.017858,0.077579,-0.013471
0.932015,0.025192,0.084081,0.146925,0.011550,0.124644,0.049845,-0.064305,0.055241,-0.018300,0.132544,-0.040747,-0.029961,0.016690,0.014588,0.138104,0.160037,0.052737,0.090169,0.012959
0.924270,-0.010347,0.094299,0.108320,0.033062,0.117579,0.095892,-0.108553,0.119894,-0.048803,0.166830,-0.042272,-0.028161,-0.003451,-0.005292,0.116931,0.104394,0.031782,0.126905,-0.014187
0.960224,-0.077277,0.083296,0.056736,-0.002391,0.091993,0.110497,-0.053574,0.072909,-0.021919,0.078469,-0.011874,-0.043264,0.026424,-0.006995,0.079469,0.112102,0.008964,0.067216,0.009965
-0.064314,-0.057724,0.054287,0.100599,0.037959,0.098542,0.079537,-0.084526,0.103017,-0.006772,0.952588,-0.040382,-0.032685,0.008420,-0.025626,0.070136,0.109023,0.034588,0.118071,0.037295
-0.061836,-0.016359,0.061944,0.108369,0.027718,0.092461,0.090329,-0.101737,0.088836,-0.064645,0.945397,-0.063722,-0.037814,0.022851,-0.002687,0.117203,0.115978,0.061610,0.095371,-0.023580
0.919421,-0.002279,0.036962,0.082282,0.020887,0.071942,0.043852,-0.089494,0.117717,-0.047710,0.293466,-0.053870,-0.028352,0.017124,-0.008395,0.083246,0.029060,0.040211,0.119540,-0.031177
