0.925574,-0.059687,-0.014966,0.128078,-0.056536,0.011940,0.009554,0.087372,0.070119,-0.026189,0.182913,-0.019831,0.099798,0.100061,0.008921,-0.030665,0.045906,-0.037236,0.203518,-0.081854
0.932045,0.011050,-0.040784,0.120767,-0.045071,0.055695,-0.037086,0.052554,0.116505,-0.027513,0.159915,-0.023191,0.080467,0.100265,0.035366,0.007360,0.022662,0.038314,0.191095,-0.094227
0.062812,-0.061956,-0.064112,0.050957,-0.052598,0.050501,-0.070567,0.074778,0.109347,-0.031036,0.937789,-0.085237,0.061860,0.077147,0.065667,-0.048109,-0.019652,0.017623,0.190671,-0.128569
0.247387,-0.123089,-0.042798,0.096268,-0.073041,-0.015209,-0.011448,0.070014,0.096461,0.003093,0.904264,-0.062812,0.090106,0.103293,0.017649,0.000469,0.073821,0.017603,0.191356,-0.097575
0.923975,-0.052944,-0.024536,0.098815,-0.020394,0.090671,-0.060075,0.065855,0.072693,-0.013169,0.191892,-0.071903,0.088135,0.093795,0.126582,-0.002842,0.058527,0.034761,0.138166,-0.112906
0.097202,0.010988,-0.012987,0.082311,-0.032732,0.042889,-0.064819,0.046550,0.150521,0.026043,0.221715,-0.074933,0.032268,0.114692,0.919116,-0.053967,0.035229,0.046030,0.110406,-0.136639
-0.174793,-0.082535,0.023622,-0.058529,-0.005430,-0.082719,0.156457,0.029855,-0.025316,0.059100,0.096116,0.144719,0.004575,0.021553,0.007452,0.122521,0.312711,-0.060150,-0.069486,0.877672
-0.186284,-0.082972,0.032466,-0.066943,-0.021177,-0.076383,0.180608,0.031085,-0.024906,0.077973,0.054674,0.123217,0.009375,0.013062,0.003543,0.350335,0.333690,-0.053442,-0.057730,0.804733
-0.042416,-0.072846,-0.059405,0.066723,-0.056073,0.039542,-0.031361,0.061405,0.069456,-0.022697,0.951010,-0.069869,0.086752,0.093243,0.045692,-0.021378,0.045827,0.014928,0.174542,-0.096218
0.952896,-0.053112,-0.029921,0.089199,-0.053941,0.028641,-0.009209,0.065271,0.032827,-0.013761,0.081236,-0.009846,0.119614,0.080962,0.051098,-0.014345,0.017383,-0.001253,0.182444,-0.083721
0.947204,-0.021811,-0.023194,0.100997,-0.011133,0.065867,-0.060362,0.057174,0.119643,0.003684,0.131155,-0.042035,0.074571,0.089727,0.057254,0.027803,0.101925,0.050398,0.103230,-0.075313
-0.039847,-0.051770,-0.002577,0.087412,-0.011232,0.058741,-0.055892,0.057946,0.123538,-0.000228,0.944650,-0.042359,0.083525,0.114748,0.065735,-0.027278,0.079779,0.049178,0.151039,-0.108634
0.109283,-0.095768,-0.049742,0.067997,-0.087280,-0.018159,0.035460,0.073538,0.020027,-0.017441,0.943743,-0.028303,0.104016,0.077550,0.020875,-0.006391,0.064803,-0.001340,0.197083,-0.068299
0.925900,-0.046425,-0.059097,0.091373,-0.065251,0.025401,-0.025271,0.090480,0.093267,-0.015744,0.163392,-0.047071,0.092607,0.086315,0.054543,-0.029177,0.044842,-0.001805,0.212915,-0.099629
0.116100,-0.036229,-0.042520,0.081932,-0.012994,0.031142,-0.046390,0.029501,0.108708,-0.010222,0.945603,-0.054484,0.084604,0.090132,0.012544,0.027527,0.081390,0.061936,0.159407,-0.106788
0.916986,0.003328,-0.022122,0.116349,-0.028447,0.120783,-0.096125,0.077581,0.118404,-0.002789,0.127642,-0.043736,0.097656,0.095688,0.027027,0.015861,0.024428,0.036270,0.218287,-0.113904
