0.127075,-0.095272,0.041536,0.105600,-0.031063,0.050523,0.004020,-0.090663,0.044514,-0.012386,0.099782,0.022527,-0.037809,0.033522,-0.011836,0.113814,0.956864,0.057610,0.021791,0.050174
0.196282,-0.063060,0.023227,0.106969,-0.031369,0.035902,0.014760,-0.113631,0.022579,-0.011394,0.102222,0.015870,-0.020654,0.020473,-0.016876,0.137624,0.017386,0.056509,0.047638,0.944953
0.052160,-0.108120,0.051665,0.196032,-0.072472,0.921783,0.018459,-0.144179,0.011735,-0.046464,0.138441,-0.028890,-0.057356,0.091466,-0.043985,0.140466,0.060916,0.061429,0.030132,0.066454
0.116299,-0.097405,0.033815,0.097721,-0.001963,0.937703,0.015403,-0.087005,0.027179,-0.021794,0.158075,0.041914,-0.060354,0.055422,-0.008915,0.148989,0.061243,0.051378,0.061478,0.109893
0.001798,-0.063263,0.014534,0.131985,-0.043006,0.073950,0.039954,-0.115833,0.018394,-0.037074,0.069243,-0.007502,-0.020037,0.050996,-0.001717,0.954639,0.140689,0.063240,0.044049,0.096926
0.016012,-0.072104,0.141218,0.097840,-0.046212,0.035625,0.042557,-0.104747,-0.003259,-0.046935,0.928147,-0.036240,-0.045303,0.115422,-0.002211,0.161945,0.105515,0.119579,0.037981,0.124002
-0.008900,0.019231,-0.045196,0.041427,0.004450,0.050128,-0.010737,0.967614,-0.010826,0.006115,-0.049684,0.093506,0.003365,0.060770,0.069810,-0.010622,0.069013,0.140252,0.067884,0.088144
0.006191,0.024908,-0.033817,0.014205,-0.007776,0.143890,-0.016093,0.969413,-0.010307,0.003952,-0.062205,0.082738,0.002558,0.010723,0.046813,0.011833,0.094153,0.097216,0.023232,0.071175
0.047646,-0.114580,0.003358,0.069699,-0.055886,-0.000677,0.025743,-0.094716,0.038121,-0.016140,0.130454,-0.009164,-0.039758,0.035141,-0.016649,0.136287,0.955572,0.052340,0.028236,0.099188
0.088100,-0.087059,0.045749,0.119695,-0.026203,0.043726,-0.008860,-0.093986,0.014591,0.005845,0.103384,0.018771,-0.033814,0.033973,-0.022974,0.088387,0.959040,0.054061,0.027786,0.106540
0.082164,-0.021469,0.020583,0.098025,-0.049029,0.058208,0.016406,-0.078087,0.007820,-0.001916,0.967358,0.021529,-0.002114,0.013704,0.031840,0.161011,0.000210,0.059909,0.035038,0.048365
0.108248,-0.037506,0.053088,0.103285,-0.036550,0.031928,0.028062,-0.095650,0.027187,-0.025936,0.160481,0.002261,-0.033563,0.026992,0.039213,0.148386,0.946853,0.064466,0.049870,0.073094
0.090919,-0.124330,0.053574,0.088318,-0.042310,0.033080,0.022868,-0.078239,0.011366,-0.012500,0.134220,0.043270,-0.066029,0.045179,-0.004477,0.181300,0.943607,0.041379,0.021645,0.063554
0.089098,-0.103130,0.018132,0.116064,-0.048368,0.089570,0.007357,-0.129265,0.007281,-0.012090,0.146431,0.025214,-0.050820,0.037214,-0.013759,0.151428,0.938714,0.061696,0.042871,0.065633
0.937423,-0.065620,0.006818,0.106093,-0.028504,0.025879,0.056117,-0.105415,0.036910,-0.017983,0.181577,0.015249,-0.027050,0.034875,0.025287,0.166377,0.073899,0.065727,0.061810,0.105489
0.093415,-0.049982,-0.005030,0.111677,-0.028928,0.031020,0.032389,-0.114268,0.029457,-0.022457,0.968320,0.003117,0.006262,0.023933,-0.018513,0.039611,0.091626,0.048996,0.033347,0.083157
