0.047082,-0.109878,0.018487,0.020557,-0.070937,0.932324,-0.010180,-0.042572,-0.037553,0.013869,0.154963,0.017429,-0.018706,0.143024,0.034554,0.137516,0.144004,0.068796,0.127694,-0.012819
-0.000378,-0.102219,0.004900,0.133306,-0.082331,0.094891,0.008167,-0.130876,-0.015063,0.005548,0.163785,-0.005455,-0.008725,0.045262,0.050989,0.936498,0.157272,0.037295,0.047823,-0.038744
-0.042059,-0.124819,-0.046523,0.074947,-0.107015,0.046192,-0.009110,-0.099335,-0.047605,-0.019132,0.181980,-0.019881,-0.030002,0.129937,0.022486,0.934818,0.096825,0.071638,0.076981,-0.050822
0.003566,-0.115461,0.013625,0.115909,-0.079192,0.068104,0.016600,-0.054391,0.003699,0.008761,0.215678,0.018394,-0.015491,0.118688,0.926161,0.135840,0.111431,0.052391,0.078886,0.002849
-0.038046,-0.102410,0.019622,0.050724,-0.077732,0.050974,0.020283,-0.069304,-0.019728,0.011435,0.190541,0.008902,0.003475,0.106004,0.048600,0.950412,0.092435,0.041916,0.081103,-0.023960
-0.024195,-0.094549,0.044496,0.120291,-0.087076,0.038451,0.021336,-0.118240,-0.034146,-0.005153,0.949101,-0.018609,-0.004503,0.064184,0.101533,0.118092,0.054253,0.095164,0.055488,0.068731
-0.001775,0.051739,-0.019892,0.068388,0.076199,0.005296,0.037049,0.938578,-0.003403,0.035520,-0.061920,0.105182,0.032381,0.109179,0.083492,-0.019339,0.066466,0.061428,0.225986,0.091475
0.005998,0.056296,-0.016633,0.069611,0.042071,0.021718,0.033550,0.946277,-0.003642,0.017846,-0.060105,0.093206,0.037969,0.109861,0.059424,-0.036178,0.084201,0.093040,0.185690,0.107959
-0.017759,-0.144212,-0.024242,0.028122,-0.114763,0.113568,0.000220,-0.089558,-0.001358,-0.004306,0.942686,-0.021616,-0.003941,0.089702,0.029796,0.140658,0.139814,0.038442,0.067150,-0.002662
0.013023,-0.110912,0.005308,0.931607,-0.082456,0.122446,0.008088,-0.047193,-0.018894,0.008149,0.097552,-0.009477,-0.005590,0.087208,0.024013,0.135449,0.228342,0.059437,0.056993,-0.003694
0.030759,-0.051261,0.024308,0.061919,-0.076507,0.042673,0.005737,-0.094973,-0.019625,0.052243,0.972477,0.021711,0.035950,0.045898,0.069659,0.089337,0.069646,-0.011269,0.069045,0.000311
0.016852,-0.077018,0.040449,0.082851,-0.071776,0.055425,0.024584,-0.074715,-0.000642,0.030978,0.178961,0.045861,0.016182,0.076836,0.083522,0.165264,0.073718,0.939748,0.080422,0.017345
-0.003994,-0.122052,0.025628,0.042899,-0.078693,0.086997,0.041164,-0.047450,-0.017559,0.016470,0.193611,0.010446,-0.019384,0.101563,0.045762,0.091901,0.948608,0.048578,0.057067,-0.002094
-0.025528,-0.113125,0.006975,0.062163,-0.091428,0.075086,0.010391,-0.077731,-0.052229,0.006065,0.212609,-0.000348,-0.021707,0.125679,0.036974,0.941493,0.041674,0.071528,0.056506,-0.020856
0.020772,-0.082246,-0.005883,0.070470,-0.084805,0.061260,0.029170,-0.108830,0.026713,0.035277,0.190693,0.015980,0.008357,0.042367,0.083277,0.168606,0.939467,0.033733,0.060830,0.030358
0.016412,-0.073520,0.011698,0.090417,-0.085415,0.056591,0.007889,-0.098515,-0.006273,-0.001056,0.174085,-0.007383,0.030675,0.077000,0.057857,0.943887,0.164604,0.045594,0.070207,0.010194
