0.087576,-0.116383,0.049345,0.164466,-0.048668,0.063523,-0.008139,-0.097769,-0.018730,-0.018249,0.105280,0.031191,-0.043317,0.055001,0.018551,0.944038,0.124614,0.075144,0.048288,0.023896
0.037583,-0.089808,-0.009650,0.139527,-0.062735,0.076906,0.006196,-0.140272,-0.002525,-0.022254,0.132010,0.013486,0.028800,0.026116,0.023752,0.062648,0.950167,0.084829,0.054460,0.065622
-0.015259,-0.130529,-0.036523,0.122895,-0.107882,0.115949,-0.001052,-0.152513,-0.024226,-0.043034,0.156953,0.012404,-0.044945,0.080496,-0.002064,0.926903,0.114662,0.084694,0.035022,0.038993
0.055798,-0.124525,0.000982,0.087883,-0.060417,0.032093,0.007096,-0.098377,-0.012865,-0.016233,0.159646,0.059195,-0.044965,0.064391,0.014363,0.115084,0.948756,0.063715,0.061927,0.046651
-0.029608,-0.095828,-0.005681,0.111698,-0.069444,0.066948,0.030315,-0.115185,-0.012045,-0.010529,0.144119,-0.002763,-0.012605,0.078219,0.024162,0.947193,0.137475,0.074827,0.057247,0.033106
-0.006991,-0.087661,0.078467,0.104798,-0.073674,0.032131,0.028548,-0.098427,-0.033332,-0.029044,0.935752,-0.006245,-0.020713,0.118196,0.043912,0.141491,0.058019,0.123242,0.048780,0.152501
0.006137,0.030586,-0.025332,0.074270,0.028423,0.021833,0.011217,0.957439,-0.011998,0.022898,-0.047471,0.086309,0.019839,0.089509,0.088979,-0.018734,0.060771,0.109317,0.150834,0.096599
0.010810,0.031193,-0.016075,0.049994,0.010894,0.056165,0.008324,0.961740,-0.015560,0.004975,-0.066337,0.072854,0.015204,0.068215,0.047521,-0.018956,0.060363,0.169166,0.102132,0.087732
0.014241,-0.134968,0.045367,0.197823,-0.087819,0.043444,0.017583,-0.111035,-0.001953,-0.006358,0.144534,-0.917620,-0.031239,0.078278,0.014360,0.133734,0.130433,0.059202,0.072976,0.064450
0.045072,-0.109323,0.029319,0.149567,-0.048288,0.943120,0.009768,-0.090416,-0.022225,0.007971,0.094280,0.058780,-0.025276,0.056942,0.012261,0.079827,0.164826,0.073357,0.040757,0.072070
0.018649,-0.039971,0.013881,0.093670,-0.066810,0.029869,0.013363,-0.101129,-0.010934,0.028143,0.968637,0.039303,0.019714,0.019581,0.046800,0.129212,0.071105,0.052154,0.052608,0.049090
0.934241,-0.071928,0.049366,0.112161,-0.054363,0.059863,0.030038,-0.108306,0.002158,0.009506,0.158673,0.042090,-0.010415,0.051175,0.048400,0.166679,0.074331,0.073125,0.079783,0.103434
0.011711,-0.129830,0.031361,0.073407,-0.065689,0.091221,0.017814,-0.074615,-0.013262,0.002577,0.160136,0.062081,-0.037073,0.079733,0.017464,0.157233,0.941647,0.071889,0.029734,0.054076
0.025286,-0.115024,-0.010767,0.104955,-0.078488,0.083961,0.009054,-0.126894,-0.037290,-0.014534,0.175575,0.018642,-0.028986,0.077411,0.004575,0.184112,0.929140,0.084057,0.038469,0.015211
0.030453,-0.087591,-0.024202,0.097650,-0.054135,0.042678,0.019371,-0.128447,0.023921,0.010641,0.949985,0.029670,-0.015893,0.020990,0.041921,0.152150,0.128407,0.058775,0.044562,0.089926
0.094198,-0.067266,0.015879,0.123419,-0.064686,0.061992,0.012129,-0.113692,0.003533,-0.016306,0.172064,0.019608,0.024143,0.037263,0.017878,0.939291,0.135579,0.047570,0.046294,0.111366
