-0.034567,-0.038875,0.024746,0.036534,-0.099180,0.109900,0.020529,0.939910,-0.003127,0.032863,0.126858,0.070121,0.018622,0.113139,0.056749,0.158815,0.032187,0.034962,0.140127,-0.063222
-0.071792,-0.044328,0.002622,0.031989,-0.102273,0.082200,0.011566,0.013900,-0.005588,0.014819,0.170187,0.044250,0.020396,0.943377,0.052023,0.161614,0.042297,0.053982,0.114475,-0.078269
-0.103106,-0.031067,-0.062745,0.027062,-0.113192,0.089925,0.015649,0.937615,-0.000684,-0.003821,0.188015,0.016483,0.000417,0.103156,0.054864,0.102262,0.045729,0.068164,0.084333,-0.099368
-0.076027,-0.038946,-0.038809,0.044392,-0.105414,0.125389,0.032719,0.008463,0.040391,0.013818,0.142179,0.080746,0.031100,0.141459,0.933577,0.153417,0.067099,0.049566,0.085224,-0.048879
-0.070393,-0.038927,0.021758,0.031184,-0.092712,0.103471,0.015043,-0.049061,0.018941,0.011958,0.965413,0.024867,0.037866,0.077227,0.084342,0.073744,0.052993,0.032065,0.087016,-0.075151
-0.072119,-0.032846,0.048837,0.932546,-0.093197,0.083896,0.026295,-0.084280,0.027419,-0.008250,0.224985,0.023680,0.016573,0.095529,0.101081,0.126403,0.050029,0.018993,0.063742,-0.060441
-0.016856,0.031101,-0.028038,0.087485,0.945454,0.015140,0.091838,0.160462,0.000269,0.039124,-0.091325,0.120882,0.018069,0.093326,0.015840,-0.017014,0.090072,-0.027778,0.068470,0.119923
-0.014567,0.014513,-0.004613,0.056545,-0.073846,0.001692,0.075316,0.150895,0.000175,0.025302,-0.074390,0.114712,0.027899,0.101735,0.019519,-0.018913,0.086916,-0.024808,0.955214,0.103229
-0.081054,-0.055309,-0.043539,0.020967,-0.126166,0.092413,0.020424,-0.015746,0.026064,0.005558,0.079664,0.036953,0.021427,0.140371,0.054081,0.951713,0.054747,0.017430,0.124453,-0.082798
-0.049901,-0.066791,-0.011709,0.021006,-0.114407,0.121797,0.000955,0.045545,-0.001203,0.020808,0.943778,0.033922,0.028321,0.148102,0.054721,0.137020,0.093786,0.035720,0.098818,-0.076340
-0.025555,-0.004636,0.018184,0.034095,-0.090446,0.074998,-0.005550,-0.078618,0.010095,0.040293,0.963698,0.028589,0.046924,0.052700,0.080369,0.136185,0.081593,-0.004306,0.087130,-0.048035
-0.060741,-0.042470,0.000541,0.061280,-0.084182,0.070831,0.026877,-0.017059,0.022657,0.018149,0.964201,0.064666,0.041532,0.078501,0.098413,0.134230,0.026800,0.008967,0.068479,-0.042983
-0.053581,-0.038473,0.928769,0.000357,-0.093918,0.150829,0.064879,0.028583,0.025481,0.016043,0.162541,0.058735,0.016115,0.131777,0.047538,0.167863,0.083431,0.029494,0.082336,-0.054698
-0.071248,-0.021091,0.920965,0.023217,-0.102513,0.143444,0.034557,0.083937,0.011224,-0.000096,0.197172,0.054085,0.014704,0.107746,0.059165,0.172153,0.067995,0.066535,0.069368,-0.075406
-0.072882,-0.031595,-0.033470,0.065785,-0.094686,0.089766,0.034895,-0.034348,0.059195,0.017300,0.950333,0.046483,0.025995,0.101785,0.051634,0.191156,0.033961,0.023127,0.056130,-0.068146
-0.067776,-0.015931,0.046176,0.030244,-0.095514,0.075565,0.019931,0.004789,0.018768,0.013422,0.120880,0.034150,0.028299,0.084213,0.077462,0.963149,0.052343,0.049694,0.089941,-0.075466
