0.926853,-0.087932,0.067486,0.094919,-0.016967,0.100793,0.052394,-0.017904,0.109392,-0.020014,0.172156,-0.082807,0.034407,0.054312,0.006552,0.056200,0.058582,-0.007721,0.204951,-0.066647
0.923616,-0.027812,0.021285,0.125750,-0.005698,0.098504,0.056093,-0.058684,0.135769,-0.023171,0.202338,-0.085576,0.015719,0.046664,-0.002030,0.077391,0.038597,0.021349,0.168939,-0.086199
0.930444,-0.031947,0.017792,0.096437,-0.009169,0.083849,0.000228,-0.072095,0.152610,-0.047764,0.188206,-0.118072,0.012649,0.031743,0.043159,0.036882,-0.029592,0.037992,0.142362,-0.097024
0.907604,-0.093997,0.075231,0.105869,-0.037398,0.098533,0.048919,-0.058328,0.113530,-0.029067,0.225652,-0.106507,0.021981,0.058202,0.049113,0.110405,0.065283,0.011299,0.174654,-0.065471
-0.114904,-0.023180,0.064820,0.150471,0.008369,0.136825,0.019044,-0.066639,0.129106,-0.034407,0.928074,-0.104616,0.011128,0.046375,0.033971,0.052163,0.091707,0.045119,0.161425,-0.055237
0.150343,-0.006128,0.037333,0.124111,0.003486,0.104415,0.031968,-0.090684,0.931313,-0.019220,0.155060,-0.105724,-0.035781,0.035156,0.066455,0.038519,0.045524,0.051892,0.112805,-0.107522
-0.135233,-0.063716,-0.001499,-0.064597,0.021364,-0.016433,0.054487,0.117549,-0.048496,0.024387,0.081555,0.186272,-0.009942,-0.015142,0.047873,-0.026219,0.899540,-0.016988,-0.011024,0.314292
-0.153863,-0.059282,-0.010741,-0.069583,0.008349,-0.020187,0.039219,0.086775,-0.046149,0.034503,0.105557,0.201063,-0.004470,-0.006649,0.050577,-0.024620,0.387965,-0.020214,-0.009443,0.865550
0.921192,-0.061048,0.036062,0.103790,-0.002966,0.107880,0.044984,-0.069144,0.115867,-0.061344,0.225087,-0.106936,0.015251,0.049190,0.077183,0.074587,0.049143,0.011538,0.121059,-0.080561
0.937244,-0.075887,0.074188,0.103728,-0.022818,0.120981,0.060465,-0.022847,0.087681,-0.038986,0.172814,-0.050825,0.029358,0.047454,-0.004822,0.046970,0.040192,0.006417,0.162309,-0.072228
0.932718,0.026296,0.061059,0.159377,0.014339,0.123324,0.025132,-0.051569,0.055968,-0.016630,0.133127,-0.064061,0.010814,0.044647,0.028387,0.074329,0.129380,0.054900,0.160580,-0.047911
0.912358,-0.021470,0.067336,0.109084,0.009593,0.115790,0.016078,-0.075716,0.161557,-0.022437,0.223376,-0.095299,0.029327,0.058639,0.064027,0.082260,0.051156,0.021971,0.141685,-0.085413
0.917841,-0.083362,0.067460,0.083510,-0.067714,0.093496,0.071004,-0.038476,0.097739,-0.004513,0.268514,-0.072733,0.010367,0.028157,0.035719,0.092422,0.065561,0.006999,0.128541,-0.026364
0.930133,-0.056311,0.056213,0.117000,-0.023388,0.132740,0.025985,-0.054403,0.096351,-0.010848,0.171300,-0.089419,0.015190,0.025865,0.012345,0.052492,0.027882,0.030354,0.189056,-0.071007
0.921460,0.001408,0.044666,0.130870,0.019947,0.109629,0.033297,-0.109448,0.093632,-0.034077,0.187662,-0.097984,0.025772,0.041894,0.016043,0.140724,0.074721,0.032703,0.130199,-0.073838
-0.016264,-0.004613,0.023017,0.152140,0.005370,0.113903,0.004279,-0.062086,0.128321,-0.031429,0.928116,-0.074776,0.015072,0.065704,-0.004976,0.074304,0.045123,0.025016,0.230936,-0.092917
