-0.002779,-0.092342,0.037714,0.068571,-0.094583,0.086729,-0.006516,0.060764,-0.024486,0.019734,0.169372,0.034948,-0.005669,0.189593,0.065331,0.101845,0.153191,0.062561,0.130911,-0.916026
-0.047401,-0.076927,0.016253,0.056677,-0.096640,0.081686,0.004508,-0.096881,-0.025891,0.023276,0.181370,0.029824,0.003918,0.124984,0.062009,0.942125,0.071864,0.049346,0.107815,-0.040487
-0.082674,-0.077042,-0.023729,0.042104,-0.108576,0.045598,-0.009823,0.046685,-0.032777,-0.007514,0.200220,0.031781,-0.019659,0.260928,0.070231,0.911678,0.052091,0.077925,0.088453,-0.073156
-0.033996,-0.074070,0.011257,0.101875,-0.101646,0.106458,0.029251,0.007295,0.008833,0.027751,0.237576,0.091436,0.007145,-0.922325,0.078515,0.089270,0.112737,0.085241,0.098191,0.011894
-0.071045,-0.084351,0.037156,0.056733,-0.085020,0.076505,0.016126,-0.035033,-0.007657,0.013513,0.961925,0.021341,0.028933,0.138390,0.073215,0.034578,0.062338,0.044317,0.091057,-0.044567
-0.041090,-0.068219,0.061336,0.923010,-0.089686,0.061217,0.014492,-0.103731,-0.008816,0.006404,0.255141,0.013014,0.009526,0.074647,0.133600,0.113166,0.058372,0.070987,0.068342,-0.019140
-0.014881,0.072299,-0.018273,0.054666,-0.117819,0.012574,0.064678,0.159053,0.008818,0.036653,-0.067164,0.127452,0.030322,0.088586,0.042436,-0.016291,0.085957,-0.018760,0.947534,0.095595
0.000687,0.051027,-0.027444,0.085342,0.954328,0.004550,0.049926,0.143714,-0.008663,0.026256,-0.073743,0.105161,0.045145,0.124960,0.049634,-0.023649,0.078749,0.019961,0.028264,0.100569
-0.047278,-0.114744,-0.013582,0.065249,-0.122024,0.089883,0.006383,-0.055680,0.008344,0.007180,0.200529,0.034411,0.015538,0.129878,0.098411,0.927958,0.113446,0.048517,0.088588,-0.039460
-0.029416,-0.091252,0.025339,0.062287,-0.100143,0.134999,0.000557,-0.007492,-0.024065,0.015385,0.112617,0.026385,0.021567,0.132634,0.064095,0.949583,0.109821,0.034824,0.080811,-0.010227
-0.003213,-0.039804,0.036138,0.046833,-0.085682,0.054501,-0.004956,-0.093869,-0.009571,0.051902,0.968396,0.026113,0.049048,0.076943,0.092156,0.082008,0.060339,0.006739,0.080676,-0.027585
-0.038812,-0.077480,0.043115,0.088203,-0.081187,0.057121,0.030413,-0.036519,0.004409,0.023507,0.958994,0.091334,0.034490,0.099849,0.101501,0.112542,0.053028,0.017259,0.064456,-0.027633
-0.036165,-0.091246,0.044237,0.052764,-0.085473,0.126143,0.060304,-0.074774,0.003745,0.032707,0.204970,-0.912133,0.000152,0.158137,0.094757,0.138572,0.113003,0.067890,0.084172,-0.021089
-0.048240,-0.078823,0.024995,0.056022,-0.096700,0.116896,0.029612,0.898764,-0.033781,0.018222,0.224651,0.139586,0.003281,0.174471,0.078148,0.136376,0.105752,0.091186,0.096277,-0.026028
-0.037344,-0.059925,0.028722,0.099804,-0.093812,0.072986,0.039395,-0.087741,0.043391,0.034204,0.198416,0.053578,0.023859,0.107990,0.095861,0.167481,0.926654,0.026467,0.071248,-0.040300
-0.030481,-0.051200,0.021634,0.066216,-0.093137,0.068979,0.012599,-0.044321,0.001102,0.009784,0.152326,0.004823,0.021870,0.108847,0.084311,0.953345,0.117517,0.055525,0.079361,-0.034999
