-0.045922,-0.278807,0.177285,0.307854,0.330144,-0.230408,0.247448,0.304678,0.038590,0.169298,0.301051,0.336546,0.177718,0.123213,-0.078943,-0.163566,-0.130230,0.363070,0.017970,0.122118
0.392019,-0.004233,0.131571,0.282279,-0.054653,0.027702,0.180941,0.122154,-0.208037,0.230221,0.315612,0.222061,0.198197,0.373434,0.198615,0.199815,0.102495,-0.031844,-0.411981,0.115478
0.042403,0.205794,0.106672,0.290039,0.463764,-0.100678,0.174833,0.237879,0.384662,0.168436,0.415286,0.061960,0.079258,0.297377,0.028562,0.214224,0.056929,0.015658,-0.077475,0.210798
0.260201,0.128228,0.101950,0.166296,0.098506,-0.181930,0.106836,0.099042,-0.002527,0.084373,0.211439,-0.416964,0.140981,-0.357088,0.025231,0.171677,-0.022275,0.013723,0.074971,0.635835
0.041071,0.061082,0.086061,0.427021,0.032136,-0.441657,-0.239429,0.200587,0.446199,-0.096220,0.302706,0.144924,0.057790,0.067144,-0.166271,-0.063709,0.053836,-0.317091,-0.101847,-0.191879
-0.251527,0.315472,-0.285141,-0.303660,-0.137081,-0.324271,0.156220,0.154705,0.222364,0.261127,-0.314652,-0.220668,-0.087721,0.316545,-0.002000,-0.050123,0.234283,0.140249,-0.050797,-0.196295
0.159900,0.389173,-0.092471,0.039972,-0.164524,0.061812,0.181623,0.112680,0.121987,0.401470,0.185945,0.190242,0.117477,-0.115121,0.292572,-0.268450,-0.267672,0.143648,0.002873,-0.460891
0.280079,-0.019803,0.480942,0.523955,0.008463,0.017399,0.124480,0.186410,0.080179,0.202749,0.385858,0.189776,-0.021378,0.010223,0.101035,0.172423,0.151338,0.001410,-0.207961,-0.160066
-0.254493,0.070934,0.322766,0.104788,-0.216777,0.222290,0.231235,0.118825,0.019875,-0.336285,-0.109918,-0.335870,0.117177,0.086757,0.007601,0.443911,0.012647,-0.056376,0.420840,0.117724
0.259562,0.277059,-0.242078,-0.279693,0.082377,-0.227645,0.278443,-0.149381,0.080448,0.284190,-0.270580,0.097042,-0.258900,-0.280300,-0.157978,-0.150306,0.278988,-0.018142,-0.265975,-0.220601
-0.058403,0.286568,0.043700,-0.221838,-0.133446,0.298098,0.086736,0.123264,0.306542,-0.302186,-0.300929,-0.304259,0.264546,0.265685,0.226208,-0.145419,0.238713,0.006943,-0.168965,0.258980
0.303147,-0.108700,0.333829,0.099785,0.121076,0.403501,0.020204,0.066904,-0.085649,0.079453,0.397928,0.159394,-0.147407,0.251973,0.012733,0.045200,-0.262943,-0.395511,0.058698,0.280520
0.147244,-0.016396,0.131203,0.384677,0.018347,0.259258,0.195155,0.162467,-0.050678,-0.246388,-0.330350,-0.020877,-0.101400,-0.013446,0.317985,0.182722,0.043919,-0.461557,0.028721,0.383708
-0.347628,-0.015222,0.138076,0.143697,-0.219807,-0.009149,-0.096563,0.089028,0.059806,0.268387,0.317215,0.196071,0.046041,0.031674,0.084398,0.258461,-0.159191,0.595955,0.230335,0.219719
0.054952,0.216051,-0.297038,-0.219069,0.269481,-0.031555,-0.248978,-0.202539,-0.241876,0.223314,-0.156404,0.293772,0.278841,-0.129227,-0.141274,0.208231,0.210808,-0.261527,-0.264039,-0.279269
0.452218,0.131773,0.017961,0.195936,-0.103702,0.152185,0.339137,0.058803,-0.095296,0.274269,0.356041,0.156969,0.153383,0.406993,0.040168,-0.026332,-0.217113,-0.219605,0.247835,0.055341
