0.360500,-0.041370,-0.187770,0.405786,-0.138024,-0.296754,-0.249184,0.187295,0.022250,0.242479,0.327633,0.090697,0.159729,0.347018,-0.066214,0.099496,0.306515,-0.034289,0.169487,0.072052
0.334277,0.415257,-0.308161,0.062970,-0.058262,-0.064834,0.116981,0.276314,0.142131,0.031208,0.026390,-0.043542,0.202443,0.195801,-0.373570,0.423362,-0.282421,0.009628,-0.078477,0.106624
0.233715,0.385766,0.143089,0.212917,-0.297064,0.066837,-0.544251,0.093666,-0.019781,0.150166,0.130703,0.077285,0.248341,0.079431,0.083225,0.171095,0.325198,0.011590,0.120149,0.250106
-0.049805,0.243275,0.061634,-0.259792,-0.033203,0.016489,0.231704,0.134606,0.017558,0.680438,0.095815,0.012810,-0.337898,0.041172,0.010282,0.131786,-0.323838,0.036233,-0.282184,0.045421
0.119240,0.334057,0.088820,0.400955,0.271933,0.021316,-0.286343,0.379969,0.146454,-0.243523,0.124587,0.163448,-0.177779,-0.206941,0.066314,0.198050,0.091786,0.080545,-0.379912,0.066910
0.116981,0.047836,0.257191,-0.301240,0.268087,-0.254089,-0.188109,-0.227370,-0.009440,0.235502,0.124479,0.303988,-0.172472,-0.197682,0.299955,0.276431,0.193183,-0.271733,-0.142985,0.270835
0.012227,0.240642,0.133120,0.266722,-0.413694,0.264720,0.105613,0.184329,0.107010,-0.207245,0.192949,0.187796,0.432935,-0.002570,0.186273,0.225632,0.069243,-0.141743,0.245513,0.285696
0.163910,0.329654,0.016165,0.122181,-0.237087,0.083911,0.029316,0.105366,-0.038368,0.034036,0.129963,0.008456,0.263015,0.083397,-0.553142,0.564641,0.042252,0.075556,-0.117169,0.179800
-0.047176,0.369248,0.128489,-0.386336,0.205632,0.428216,-0.090125,-0.448101,-0.003339,0.133395,0.178835,-0.287805,0.162064,-0.038359,0.090817,-0.103949,-0.212218,-0.165463,0.053429,0.080114
0.305870,0.275529,0.191487,0.315893,-0.157742,-0.196457,0.297129,-0.239590,-0.234468,-0.225620,0.144399,-0.089038,-0.169065,0.131509,0.213992,-0.128529,0.285887,0.170141,0.173953,0.317990
-0.295625,-0.147460,0.047814,0.191175,-0.286347,0.235706,-0.256702,0.113268,0.198076,0.113183,-0.321002,-0.190534,-0.204272,0.015011,0.243061,0.285066,0.167155,0.290922,0.193204,0.334906
0.369945,0.130046,0.257515,-0.016278,0.235295,-0.011449,0.081510,0.130205,0.472028,0.057662,-0.056797,-0.349007,0.129297,0.336654,0.032701,0.158532,-0.392389,0.015921,-0.108249,0.164911
0.153556,0.296696,0.165308,0.288288,0.137411,-0.228960,0.201562,0.296808,-0.067442,0.196048,0.119190,-0.313706,0.396806,0.229139,-0.072750,0.244603,0.244180,-0.102799,-0.004545,0.277549
0.604645,-0.047202,0.338297,-0.331088,0.001986,0.013957,0.074038,-0.332198,-0.020809,0.068466,-0.028863,0.077468,0.202313,0.046894,0.026425,0.192473,0.022260,-0.413931,0.121921,0.112019
-0.174718,-0.080595,0.189773,-0.310323,-0.200159,0.332938,0.278074,0.148947,0.135083,0.289973,-0.307042,-0.321015,0.157707,0.271478,0.266079,-0.143744,0.213740,0.060938,-0.017657,0.202095
0.344648,0.206448,0.268503,0.353682,0.201438,0.076152,0.148145,0.002973,0.169564,-0.119920,0.140276,-0.142895,0.275176,0.199009,0.202318,0.330483,0.406599,0.037505,0.239873,-0.010208
