0.245290,0.052457,-0.181027,0.314710,-0.008453,0.183050,0.003289,-0.379499,0.017829,0.266640,-0.446552,0.130966,-0.002290,0.076849,0.013286,0.004096,-0.347426,-0.009966,-0.270004,-0.373995
0.238412,0.330480,-0.033348,0.297598,-0.096308,0.059552,0.212536,-0.243291,0.145454,0.424011,0.377577,0.011764,0.001570,0.034377,0.142765,0.158502,0.242674,0.177269,0.174633,0.340496
0.218869,-0.418728,0.162319,0.061597,0.262739,0.091694,-0.140036,0.536264,0.032105,-0.144650,-0.165226,0.506525,-0.032607,0.085849,-0.204525,-0.001254,-0.028572,-0.050574,-0.011099,-0.049083
0.305086,0.022551,0.044764,0.167401,-0.423365,0.144424,0.156820,-0.037827,0.466286,0.101493,0.208417,0.173331,-0.012219,0.015228,-0.399655,0.155263,0.074351,0.012985,0.064923,-0.393623
0.244459,0.090948,0.211376,-0.385308,0.050948,-0.363290,-0.371712,0.087994,0.030064,-0.272308,-0.169240,0.174206,0.008477,0.202137,-0.138524,-0.484255,0.086156,-0.000348,0.037870,-0.144266
-0.121511,-0.278469,0.285540,-0.290616,-0.186126,0.087294,0.175072,-0.286682,0.276448,0.105943,-0.321125,0.322184,-0.004051,-0.136937,-0.086177,0.290420,0.091329,-0.181308,0.230014,0.295585
0.411110,0.092360,-0.080233,0.165473,0.362295,0.153015,-0.011844,0.286252,-0.121345,0.097828,0.242334,0.131527,0.258717,-0.071768,0.254585,0.261681,-0.373852,-0.192201,-0.246835,0.092508
-0.058453,-0.164602,0.107054,0.109270,0.320107,0.581178,0.074910,0.100935,0.077937,0.047159,0.311353,0.169945,0.489819,-0.216064,0.092300,0.086874,0.038009,0.012299,0.084769,0.210902
-0.205155,0.020269,0.236565,0.078671,0.108515,0.093913,0.308370,0.242120,0.187232,0.166534,0.260739,-0.367790,0.018814,-0.022830,-0.004318,-0.246275,0.046586,-0.384678,0.352887,0.344634
0.282154,-0.169571,-0.131522,-0.075839,0.287359,-0.245683,-0.340933,0.238532,0.347491,0.314839,-0.194690,-0.328974,-0.221150,0.037738,0.087224,0.032595,-0.313932,-0.018257,0.022826,0.167648
0.026982,0.320070,0.013823,0.180139,-0.055560,0.160375,-0.185300,0.289431,-0.011416,-0.265409,-0.301664,-0.281342,0.132200,-0.280043,0.270110,-0.313313,0.295967,-0.193210,0.287341,-0.045043
0.268306,0.185560,0.340064,0.290871,0.390921,0.278012,0.155185,0.127151,-0.155701,-0.342831,0.169863,0.230548,0.196450,0.172364,0.028262,-0.014585,0.064477,0.285156,-0.198116,-0.071788
0.262179,0.189106,0.023059,0.393125,0.189102,-0.102316,-0.089879,0.294933,0.169545,-0.009068,0.269161,0.448389,0.425716,-0.020412,-0.090958,0.237193,-0.145631,0.010264,0.135064,0.105173
0.220282,0.049308,-0.010054,0.156103,0.095461,0.059485,0.087931,0.199544,-0.258491,0.142879,0.353843,-0.318386,0.373940,0.406312,0.423318,0.178372,0.047660,-0.085749,-0.001469,0.158130
0.330458,-0.149472,-0.311576,-0.003204,-0.277040,-0.114862,-0.054160,0.115069,-0.248652,-0.214935,0.091802,-0.212752,-0.340855,0.194360,0.345404,-0.234794,0.051919,-0.324439,0.069620,-0.249677
0.481799,-0.059924,0.272174,0.306510,-0.159815,-0.266284,0.120970,0.070784,-0.009269,0.089462,0.299028,0.246339,0.234383,-0.086526,-0.021350,-0.035545,0.245341,0.189132,0.226819,0.332292
