0.248623,0.210284,-0.047368,0.074029,-0.190077,0.086754,-0.404427,-0.187414,-0.344612,0.108169,0.115647,-0.316810,-0.064239,0.179976,0.008067,0.247544,-0.110703,-0.028518,-0.353660,0.404595
-0.014024,0.558069,0.221077,0.057857,0.007032,0.259990,0.183674,-0.046963,0.140598,0.204588,0.248724,-0.137137,-0.085272,-0.057169,-0.025886,0.297625,0.110028,-0.496493,0.153261,0.091486
0.196908,0.388030,0.212064,0.114718,0.055736,0.425938,0.134800,-0.081572,-0.397630,0.233683,0.017615,0.021518,-0.111728,0.019899,0.021793,0.327580,0.092732,0.048737,0.229043,-0.381556
0.130002,0.304597,-0.025478,-0.036186,0.015662,0.313268,0.047232,0.246311,-0.013717,0.170150,0.164487,0.238972,0.122388,-0.009586,-0.501257,0.193421,-0.177317,0.487738,0.185988,0.078197
0.187259,0.245932,0.141887,0.108992,0.023932,0.126512,0.583043,0.195312,0.556334,-0.183489,-0.203585,0.272894,0.060204,0.027657,0.015852,-0.056395,0.061144,-0.014303,0.054874,0.062510
0.251359,0.173593,-0.305339,0.138480,-0.276508,-0.179494,-0.194957,0.155650,0.214338,0.033451,0.320241,-0.258685,0.338250,-0.304674,-0.153010,-0.288878,-0.181753,0.146828,0.172609,0.091350
-0.347260,-0.067237,0.361694,0.267323,0.208644,0.019876,0.012141,0.209523,0.164655,0.104915,0.499935,0.143056,0.284926,-0.047815,-0.144067,0.203771,0.206355,-0.053396,0.215199,-0.196521
0.660928,0.383355,0.375769,0.150414,-0.041728,-0.009758,0.008638,0.115668,-0.022842,0.026062,0.121834,0.170768,0.234890,-0.011454,-0.006320,0.173627,-0.006453,-0.154811,0.123029,0.259338
0.196721,0.327122,0.152465,0.434883,0.032649,-0.212057,-0.023821,0.239671,0.186214,-0.214998,0.003121,0.124311,0.050739,0.174618,0.011527,0.238944,-0.187620,0.002567,0.419264,0.374478
0.235405,0.270050,0.203652,-0.214299,0.192197,0.247257,0.108623,-0.294139,-0.243887,0.152635,0.227765,-0.173942,-0.213679,-0.253519,-0.280475,0.257650,0.060885,-0.195430,-0.291419,-0.202859
0.195329,0.229814,0.233986,-0.175650,0.239779,-0.333841,0.049833,-0.233385,0.211912,-0.256698,-0.273749,0.011584,0.218002,-0.305038,0.002479,0.238907,0.004433,0.223839,-0.258917,-0.311197
-0.355737,-0.150207,0.155076,0.004135,0.096512,0.068719,-0.231543,0.167977,-0.183231,0.137218,0.065274,0.316362,0.057174,0.324979,0.394880,0.224589,0.198283,0.306399,-0.257292,0.244058
0.344575,0.450700,0.263960,0.032219,-0.211540,0.000078,0.093092,0.271404,0.024577,0.028656,0.097971,0.124178,0.295887,0.166067,-0.231168,0.405517,-0.009310,0.128759,0.109649,-0.303654
0.258332,0.287397,0.117228,0.355880,0.023236,0.173404,0.019309,0.162923,0.195795,0.171373,0.523587,-0.000226,0.051687,-0.140038,0.461155,0.217248,0.079757,0.054085,0.104443,0.092540
0.324246,-0.012291,0.116935,-0.319443,-0.097102,0.188994,0.212783,0.183677,-0.293042,-0.303569,-0.283398,-0.245423,0.165472,-0.111812,-0.147026,-0.170726,-0.254580,-0.172888,-0.174892,0.346879
-0.028312,0.662606,0.332561,0.019751,0.077804,-0.014361,0.074345,-0.060955,0.297663,0.002505,0.108308,0.205862,0.137573,0.148052,-0.154677,0.340604,0.032957,0.242294,-0.143460,0.172593
