0.080077,0.372370,0.134984,0.114176,-0.017433,-0.356962,-0.029286,0.249799,-0.224835,-0.323455,0.240693,0.052137,-0.300517,0.096790,0.197401,0.190136,0.368755,-0.053967,0.167617,-0.274003
0.406539,0.035957,0.306639,0.109024,0.138866,-0.024137,0.138007,0.234864,0.397601,-0.404114,0.140578,0.134818,0.124507,0.198487,0.096787,0.127632,0.149402,0.108676,0.320952,0.237520
0.263605,0.067589,0.226614,0.125397,0.318108,0.150833,0.226833,0.196655,-0.321761,0.307480,0.383194,-0.040852,0.178596,0.189464,0.057499,0.285891,0.091199,-0.001436,0.168693,-0.329555
0.056757,0.007585,0.157218,0.064600,-0.048422,0.063504,0.228379,0.380015,0.285793,0.098371,-0.213272,-0.139239,0.000682,0.067766,0.062956,0.494273,-0.300197,0.000810,0.493797,0.147791
0.422154,-0.185880,0.112092,0.088461,0.050581,0.089094,-0.049740,0.159823,0.031616,-0.219203,0.186179,-0.327001,-0.468843,0.022765,-0.439775,0.123683,0.189668,-0.023275,0.215358,0.160508
-0.219773,-0.337526,0.275217,0.074608,0.241593,-0.257419,0.071149,0.293612,0.165088,-0.117818,0.214164,-0.302372,0.255349,0.076626,0.336509,-0.224171,-0.135274,-0.185874,-0.011926,-0.273087
-0.011886,0.338753,0.012790,-0.186296,0.296288,0.263553,0.024017,0.446814,-0.090568,0.032143,0.255034,0.103260,-0.011059,0.287935,-0.117742,0.094549,0.116446,-0.026418,0.534550,0.044677
-0.080595,0.040372,0.067213,-0.368117,-0.076641,-0.340775,0.086377,0.484870,0.102521,0.316863,-0.256591,-0.044140,0.029777,0.058598,-0.022083,-0.435632,0.079714,0.061244,0.289793,0.141129
0.326893,-0.013053,0.193460,0.123655,0.274480,-0.087719,0.073779,0.251948,0.074152,0.000560,0.196757,0.062888,0.169180,0.141534,0.208104,-0.147980,0.137235,-0.405124,0.299510,-0.503594
0.281912,0.128652,0.261547,-0.176030,0.292009,0.263694,-0.298370,0.301866,0.204196,0.215067,-0.260758,0.021274,0.121827,-0.180449,-0.250523,0.109059,-0.071120,0.295423,-0.103140,-0.296989
-0.081684,0.001138,-0.346991,-0.247832,-0.312903,-0.097824,0.155605,-0.081086,0.344145,-0.203205,-0.235795,-0.262635,0.054989,-0.031514,-0.348149,-0.201433,-0.311160,-0.119797,0.177707,-0.283515
0.091194,-0.247100,0.131439,0.429368,0.112981,0.105387,0.262286,0.489192,-0.346220,0.105716,0.153081,-0.250662,-0.010478,0.112986,0.035090,-0.173376,0.281590,0.091346,-0.147170,-0.162008
0.011022,0.167416,0.108923,0.073548,0.161513,-0.023440,0.160821,0.219213,0.170877,0.208680,-0.098573,0.150711,0.025416,0.022764,-0.287303,-0.376479,-0.048946,-0.495760,0.497721,0.165840
0.066674,0.000517,0.111783,0.100661,0.069860,0.227483,0.026748,0.393964,0.521922,0.395075,0.231102,0.097523,0.416844,0.080954,0.016613,-0.114420,0.144907,0.067799,0.165928,0.148870
-0.217638,0.194286,-0.198737,0.195748,-0.185566,0.282531,-0.238825,-0.089069,0.019602,0.186737,0.309653,-0.163617,-0.045244,0.280013,0.297601,-0.229597,-0.289821,0.298813,0.285908,-0.152215
0.008091,-0.229131,0.324013,0.363971,-0.010952,0.090295,0.053332,0.249480,-0.099680,0.379525,0.150479,0.093876,0.235825,0.298970,-0.126471,0.154088,0.006296,0.132535,0.496814,0.044944
