0.116139,-0.083993,-0.018303,-0.182354,0.437241,-0.210664,-0.005135,0.325450,0.160798,-0.400483,0.419223,-0.101460,0.005315,0.086169,0.172271,0.317557,-0.055237,-0.265972,0.008226,0.142292
0.336661,0.156386,-0.032438,0.083045,0.033950,0.068194,0.008847,0.060061,0.087400,0.005082,0.837981,0.036732,0.005517,0.026005,0.274296,0.216455,0.076595,0.026501,0.050578,-0.040182
0.425427,0.055647,-0.052168,-0.026503,-0.158641,0.610927,0.044226,-0.208815,-0.034870,0.211680,-0.131148,-0.062475,-0.092994,-0.174776,0.038033,0.370082,0.009143,0.231174,0.201123,0.172708
0.243810,-0.018229,0.017670,0.292793,-0.211814,0.787550,-0.021712,0.171114,0.152368,0.093788,0.199284,0.008781,0.034467,0.012851,0.045415,0.147589,0.184803,-0.047088,-0.135738,-0.086819
-0.322580,0.344008,0.014104,0.005518,-0.259511,-0.442528,0.344886,0.020117,0.137878,-0.446712,-0.242188,-0.223255,0.027191,0.181499,0.011142,-0.154530,0.050164,-0.012020,0.074866,0.042834
-0.203954,0.301198,-0.124171,0.005561,-0.292030,0.238948,-0.207314,-0.289155,0.004043,-0.312772,0.252995,-0.161860,0.175350,-0.281284,-0.319776,-0.184563,0.162859,-0.271333,-0.117222,0.187467
0.073193,0.094273,-0.011579,0.079489,0.066902,0.143980,0.127503,-0.059792,-0.114358,-0.015730,0.207670,0.142381,0.121852,-0.006237,0.879898,0.229876,0.025729,0.061364,0.044201,0.095960
0.210381,-0.008893,0.003613,0.057563,0.005513,-0.005725,0.015790,0.049640,0.004649,0.095098,0.182013,0.075692,-0.008035,0.011864,0.935017,0.144327,0.074775,0.022259,-0.002115,-0.015841
0.383863,-0.054974,0.012956,0.110484,-0.140251,0.264793,-0.042052,0.200331,-0.396565,0.081517,0.221237,0.363303,-0.149359,-0.021642,0.032072,-0.009435,-0.421470,-0.276989,0.042955,0.283942
-0.198096,0.281784,0.315375,0.190444,-0.162231,0.291797,0.030957,-0.293918,-0.244205,0.171489,-0.144628,-0.215017,0.040573,-0.275492,-0.092306,-0.174701,0.358068,0.267076,-0.237442,-0.134597
-0.260560,0.202840,0.278718,-0.268508,-0.150359,0.027789,-0.300168,-0.163658,-0.097894,-0.227335,-0.306111,-0.234466,0.211489,0.271214,-0.071006,0.173400,-0.223172,0.247638,-0.265613,0.236436
0.178295,0.004428,0.239687,0.073428,0.107322,-0.062102,-0.126432,0.431849,0.112561,-0.501563,0.067784,0.207112,-0.000204,-0.007924,-0.288197,0.187086,-0.117039,-0.332762,-0.358655,0.067727
-0.064168,-0.115972,0.441127,-0.136044,0.153658,0.258596,0.246228,-0.088056,0.216280,0.024370,0.413102,0.294367,0.086304,0.110027,-0.320109,-0.331329,0.059947,0.147017,-0.192332,0.108574
-0.161437,0.307747,0.434659,-0.016969,0.012837,0.262672,-0.255475,-0.006353,0.095816,0.035294,0.132539,-0.320657,0.003678,-0.032930,0.410404,0.266457,-0.122132,0.032604,0.409921,-0.013721
0.238657,0.176162,-0.142533,0.203654,-0.288396,-0.205474,-0.095805,0.307710,-0.235098,-0.300969,-0.072126,0.222765,0.227306,-0.121081,-0.135695,0.149745,0.192153,-0.274615,-0.326175,-0.307233
0.191707,0.057093,-0.202056,0.109752,-0.098653,-0.333762,-0.048620,0.144486,0.224980,-0.047882,0.249444,-0.297236,-0.138275,-0.264150,0.594050,0.141104,0.143630,0.234842,-0.085127,0.120577
