0.237632,-0.326486,0.181630,-0.172737,0.013324,0.339226,-0.295114,-0.101985,-0.257356,0.222087,0.301237,-0.195616,0.193976,0.180433,-0.317243,0.267669,0.077778,0.010548,0.239867,0.103111
0.347114,-0.536619,0.137769,0.202382,-0.068199,0.018156,-0.038484,0.148299,-0.004323,0.266014,0.059431,-0.431670,0.125296,0.164176,-0.030319,0.261869,0.257910,0.086650,0.154623,0.180064
-0.329057,0.487399,0.257336,0.077524,0.175723,0.169526,0.165454,0.430363,0.124854,0.196784,0.244478,0.041493,0.193821,0.068104,0.003011,0.220084,-0.165972,-0.123960,-0.065091,0.236902
-0.319605,0.364498,0.407425,0.123152,0.487916,0.121669,0.020054,0.127414,-0.120157,0.111683,0.073034,0.427803,0.066185,0.016332,-0.011231,0.282652,0.081770,-0.005486,0.074569,0.046121
0.188712,0.225085,-0.054875,-0.288666,0.021356,0.080035,0.079849,0.150428,0.054859,0.114497,0.137590,-0.467687,0.096180,0.201417,0.029600,0.325298,-0.205670,-0.281924,0.123708,-0.494103
-0.246096,-0.138742,-0.190609,0.161020,0.305893,0.229619,-0.223902,0.219681,0.269548,-0.014147,-0.334507,0.135861,0.311884,-0.084891,0.166816,-0.300214,0.189800,-0.241141,-0.300881,0.053799
0.196052,0.357565,0.002243,0.294039,-0.301276,-0.011556,0.095641,0.023327,-0.105495,0.258067,-0.097359,0.060579,0.351937,-0.068729,-0.265824,0.528116,-0.073032,0.145120,-0.217004,0.064351
0.642872,0.410457,-0.215758,0.461818,-0.053052,0.042821,0.043190,0.099030,-0.021284,0.145002,0.066041,-0.276674,0.072604,0.002582,0.017817,-0.068489,0.032775,0.011919,0.152205,0.070962
0.212896,0.194883,0.000428,-0.088296,-0.425146,0.056426,0.026030,0.279096,0.022388,-0.351386,0.034568,-0.153269,-0.647745,-0.040287,-0.004700,0.027180,0.001832,0.013971,0.232720,0.146356
0.282911,0.319422,0.269873,0.263830,-0.035720,0.165305,-0.191047,0.266540,-0.155800,0.200997,0.034071,0.337421,0.286228,-0.173072,0.049470,-0.240519,0.207341,-0.331066,-0.152580,-0.107749
0.231969,-0.264309,-0.125537,-0.076587,0.165646,-0.319784,-0.299169,-0.363423,0.308730,-0.223474,-0.164438,0.278383,0.276243,0.029312,-0.001402,-0.196925,0.018892,0.357938,-0.089688,-0.034135
0.088012,0.276911,-0.363720,0.145364,-0.299852,-0.021863,0.097367,-0.413427,0.005444,-0.320025,0.296027,-0.383657,0.058455,0.230070,0.024201,0.164103,0.027845,0.238264,0.081655,0.077538
0.370428,0.364292,-0.132606,0.221538,0.368842,-0.004743,0.236946,0.268094,0.029894,0.167723,0.045247,0.291090,-0.015143,0.026943,-0.084136,0.401733,-0.059137,0.126210,0.156945,0.264649
0.648647,-0.032462,0.187385,0.141895,-0.037312,0.157742,0.026771,0.268045,-0.209474,0.111243,0.278134,0.074627,0.143143,0.009384,0.414642,-0.245417,0.013350,0.034837,0.149387,0.092144
-0.050171,0.287397,0.085328,-0.232473,-0.211328,-0.317263,0.131288,0.269033,-0.115837,-0.295836,0.273636,0.229729,-0.280846,0.246989,-0.221119,-0.230934,-0.287281,0.072427,0.151701,-0.192744
-0.341718,0.322935,0.198230,0.094052,-0.193083,-0.015818,0.056754,0.149942,0.024507,0.316332,0.102113,0.323174,0.071582,-0.136990,0.027188,0.335461,0.076152,-0.214428,0.276250,0.432175
