0.020697,0.154848,0.068601,0.405963,-0.383733,0.084795,-0.186484,-0.306873,0.293707,0.026023,-0.134339,0.069822,0.058252,-0.376856,-0.136748,-0.077841,0.019550,-0.237150,-0.399555,0.162449
0.178500,0.248364,0.173599,0.067578,-0.061242,0.001876,0.116572,0.278119,-0.012595,-0.279910,0.247190,0.129695,0.345015,0.229765,0.134921,0.300512,-0.322882,0.121700,0.194315,0.428327
0.245720,0.283198,-0.197729,0.209726,0.099629,0.104485,-0.022204,-0.016774,0.036888,0.275888,0.273270,-0.062968,0.438535,0.514931,0.171167,0.141483,-0.025904,-0.147609,0.210681,0.158041
0.506682,0.097053,0.070689,-0.084666,-0.025046,-0.159057,0.104985,0.097861,-0.248315,0.073517,0.079518,0.066784,-0.252174,0.585077,0.142705,0.106492,0.022631,-0.009238,0.083467,0.390050
-0.357678,0.181287,-0.128208,0.211973,0.485270,0.055343,0.127774,0.324871,-0.424885,0.047452,0.193038,0.034514,0.181409,0.287742,0.066371,0.152577,0.081540,0.128022,0.118544,0.125299
-0.253955,0.222268,-0.016342,0.231451,-0.013146,0.297896,0.299731,0.100550,-0.312414,-0.042148,0.311785,0.046076,0.297582,0.264296,0.068257,-0.121785,-0.278558,0.090327,0.300540,0.301190
0.014845,-0.025973,0.016017,0.189964,0.387831,0.017891,-0.066772,0.030370,0.405780,-0.036252,0.427355,0.201291,0.395908,-0.000820,0.215398,0.189558,0.002487,-0.051707,0.241202,0.342922
0.419965,0.103869,0.006790,0.190182,0.002567,0.540403,0.033020,0.041763,0.011024,-0.511014,0.168779,0.015741,0.252654,0.090467,0.069402,-0.227282,0.115897,0.021484,0.139832,-0.172683
-0.117928,0.125170,0.002643,0.310654,0.028660,-0.344482,0.034072,-0.071204,0.318429,0.110586,0.316979,0.149060,-0.388677,0.124398,0.398226,0.055710,-0.013061,-0.023958,-0.025407,-0.426907
0.269586,-0.226619,0.100880,-0.118447,-0.331499,0.046441,-0.061108,-0.294178,-0.220524,-0.306918,-0.166570,-0.096158,-0.315531,-0.328101,0.325109,-0.022423,-0.189295,0.093583,0.108019,0.316145
0.131868,-0.254825,0.368287,-0.134730,-0.096662,-0.324521,0.239630,-0.214422,0.100582,-0.056732,0.186485,0.085478,0.279172,-0.215696,0.197782,-0.033799,-0.285509,-0.229018,-0.316563,-0.302513
0.210929,0.153284,0.385495,0.311374,-0.362396,0.292986,0.124526,-0.025754,0.244757,0.086556,0.046706,0.361695,0.153500,0.123843,0.310463,-0.133403,0.044365,0.041671,0.251319,0.180994
0.009465,0.359559,-0.138915,0.084997,-0.109597,0.161160,0.227073,0.082697,0.427852,0.275420,0.362684,-0.034174,-0.117224,0.423337,0.163805,0.134368,0.153094,0.014276,0.063917,0.300883
-0.305272,0.157996,0.028038,0.160809,-0.361991,0.075397,0.475319,0.183277,0.061513,-0.026812,0.372326,0.125798,0.413524,0.088731,-0.275605,0.090708,0.054899,0.071364,0.141738,0.093531
-0.292119,-0.031490,-0.145489,-0.181652,0.288802,0.260099,0.304686,0.207344,0.244565,0.314250,-0.129429,-0.170748,-0.334156,0.282669,-0.152490,0.025012,0.074216,0.107361,0.302186,0.210628
0.181280,0.216592,-0.014760,0.318122,0.097480,0.210920,0.117866,0.205948,-0.173477,0.249048,0.356662,-0.107110,0.346966,0.260526,0.139354,0.350022,-0.075287,0.177783,-0.161833,0.289915
