0.030332,-0.084710,-0.045924,-0.155109,-0.206546,-0.154214,0.372279,-0.077372,-0.290796,0.285869,0.236655,0.262298,-0.383377,-0.347409,-0.212724,-0.124617,0.120792,0.067116,0.167064,-0.296931
0.141701,-0.089177,0.111475,0.278535,0.028818,0.259045,0.048700,-0.092603,0.175152,0.308450,0.532988,-0.328912,-0.404280,0.112068,-0.053334,0.142210,-0.125198,-0.037965,-0.040449,0.259187
0.139384,-0.296189,0.182098,0.211004,0.207915,0.039347,-0.012181,0.229479,-0.000945,0.244444,0.507549,0.516806,0.235906,0.026012,0.135936,0.168933,0.047551,0.096302,0.089724,0.100976
-0.380189,-0.034289,0.129116,0.373764,0.470052,0.097069,0.071369,0.213431,0.000034,0.067277,-0.217053,0.077901,0.163675,0.009167,0.055884,0.313477,-0.448832,0.083920,0.062921,0.135899
-0.094345,0.259001,0.089144,0.063741,0.041343,0.120777,-0.303302,-0.309523,-0.270430,0.158416,0.347963,0.318898,-0.285630,-0.003455,0.063811,0.382551,0.200984,-0.288690,-0.078001,0.158364
-0.258867,0.113145,0.324586,0.067384,-0.005961,0.324574,0.045957,0.351266,-0.291704,-0.271977,0.091017,0.122615,-0.322976,-0.077220,0.309748,-0.170393,0.251793,0.033461,-0.292684,0.107644
-0.030132,0.366183,0.013677,0.312679,0.034304,-0.400159,0.199097,0.188397,0.064093,-0.122033,0.511745,0.000734,0.173927,0.078997,0.340954,0.080874,0.084201,0.252146,0.137752,0.028323
0.432543,-0.051706,0.369765,0.111382,-0.032127,0.188293,0.059014,0.082226,-0.046288,0.310200,0.610442,0.069031,-0.062449,0.109583,0.129341,0.282498,0.071215,0.020283,0.137562,-0.041837
-0.151141,-0.217631,-0.402282,0.003875,0.036811,-0.172330,-0.154423,0.560695,0.101754,0.193496,0.330145,0.303655,0.048146,-0.291867,-0.124686,-0.071760,0.123606,-0.080737,-0.099009,0.099362
0.130552,0.125752,-0.291301,-0.252993,-0.092147,-0.151395,0.155019,0.278617,0.115281,0.111510,0.182851,-0.342814,0.160812,0.045979,-0.262141,0.331074,-0.282792,0.339637,-0.130881,-0.299622
0.290256,0.016576,-0.218269,-0.182531,-0.045363,0.119244,-0.262869,-0.246049,-0.250845,0.244345,0.277525,-0.268975,-0.060815,0.168601,-0.294449,0.299706,0.306959,0.108343,-0.119932,-0.295992
0.052271,0.053841,0.039293,0.114423,0.186618,-0.329153,0.038765,-0.010126,-0.224696,0.292266,0.190787,0.406510,-0.038187,0.004419,0.353179,0.273854,-0.308515,-0.249149,0.359077,0.099994
0.397238,0.182396,0.166923,0.224465,-0.014034,-0.134753,-0.156020,0.296981,-0.016965,-0.156606,0.617051,0.332182,-0.073478,0.027526,-0.214826,0.080982,0.122155,-0.071060,-0.002923,0.070961
0.424138,-0.003269,-0.273986,0.107127,-0.226881,0.106386,0.207623,0.005765,0.047502,0.545908,0.456269,0.084591,-0.043086,0.054401,0.099669,0.191833,0.142211,-0.082501,0.075007,0.166743
0.081553,0.332402,0.363440,-0.319146,-0.138403,0.150083,0.061678,-0.202069,-0.019823,0.024062,0.278289,0.134166,-0.363962,-0.141145,-0.198710,-0.251552,-0.159819,0.211764,-0.320221,-0.195192
-0.031051,0.040782,0.108647,0.327573,-0.223667,0.197077,0.046886,0.014987,0.209877,-0.125194,0.482258,0.059046,-0.031198,0.188905,0.087038,0.396940,0.245418,0.295999,0.147256,0.346220
