-0.071191,0.112014,0.281468,0.340822,-0.235961,0.075799,0.151839,-0.059828,0.235813,0.089691,0.301985,-0.330004,0.262704,-0.239681,0.068334,-0.297654,0.311284,0.000851,0.156904,-0.306508
0.321831,0.483447,-0.025574,0.175999,0.134974,0.242109,0.009820,0.084784,0.121978,0.230281,0.283777,0.224467,0.214572,-0.119458,0.141688,0.257228,0.117276,0.112005,-0.415215,0.053630
0.240029,0.113670,-0.043791,0.094923,0.060040,-0.013425,0.172086,-0.107198,0.026369,0.357360,0.104398,-0.689567,0.199386,0.294256,0.058326,-0.329817,0.129370,-0.038680,0.041799,-0.018492
0.486654,0.015715,-0.180605,0.006068,-0.029934,0.341193,0.071605,0.570507,0.001428,-0.355672,0.188560,0.254511,-0.007959,0.066295,0.132577,0.121915,-0.035818,-0.005777,0.127513,0.032303
0.273629,0.352387,0.002416,0.102836,0.382284,-0.343717,0.074641,0.205760,0.007614,-0.084415,0.501236,0.254537,0.060109,0.060762,-0.325974,0.171873,0.005381,-0.005089,-0.108673,-0.000033
0.204584,0.097422,-0.236868,-0.324445,-0.362419,0.061368,0.226091,-0.138970,-0.035710,0.290694,0.136516,-0.032079,0.138911,0.318152,-0.141156,0.278061,0.167302,-0.288203,0.318177,0.215054
0.439880,0.005235,0.069717,-0.038975,0.206685,0.158812,0.137664,0.221309,0.135085,0.098041,0.107293,0.201184,0.143941,0.366798,0.463543,0.376198,0.002088,0.196255,-0.008201,0.184768
0.751369,0.047007,0.036261,0.083964,-0.368394,-0.181554,0.084113,0.034855,-0.161901,0.198376,0.204618,-0.180622,-0.215026,0.031567,0.114585,0.098959,-0.079451,0.073412,0.159749,0.021677
-0.452115,-0.013701,0.151709,-0.325945,-0.378716,0.097648,0.011225,-0.064071,-0.041906,-0.078606,0.399381,-0.403654,-0.031091,0.033288,-0.096015,0.324562,0.145245,0.062864,0.090252,-0.169566
-0.196383,-0.129419,-0.285183,-0.182616,-0.253043,-0.285836,0.258153,0.320050,0.245793,0.074297,0.177947,0.309051,-0.166549,-0.259609,0.273536,0.309353,-0.039235,0.021989,-0.038418,0.230068
-0.146614,-0.070331,0.191019,-0.216868,-0.243367,-0.209172,0.243084,-0.238969,0.261651,-0.293836,-0.198078,-0.173332,-0.240879,-0.240350,-0.180923,-0.248960,0.314685,-0.201427,-0.224606,-0.215009
0.270036,-0.196381,-0.005702,0.159796,0.065076,0.383657,-0.047602,0.085560,-0.343556,0.139015,0.322828,0.228051,0.027788,0.333150,-0.408821,0.161119,0.112734,0.015820,0.297782,-0.043177
0.277429,0.301040,-0.030148,0.343859,0.181887,0.284649,0.193414,-0.005300,0.108789,0.178941,0.185574,0.276072,-0.061429,-0.002942,0.134140,0.105918,-0.011932,-0.083862,-0.441862,-0.414483
0.410808,0.066674,0.050511,0.099244,0.072088,0.114104,0.056650,0.119696,-0.026732,-0.255291,-0.695767,0.407262,0.002749,0.104081,0.141421,0.160176,0.053208,-0.016445,-0.025635,0.050399
0.238708,0.166482,0.271639,0.009216,-0.296073,0.054562,-0.120014,0.109065,0.293340,-0.243985,-0.232148,-0.298824,-0.296934,-0.285436,-0.271487,-0.108967,-0.117735,-0.289332,-0.059251,-0.281816
0.435827,0.241224,-0.112793,0.139043,0.205107,0.079179,0.332433,-0.113770,0.120278,0.310997,0.331843,0.339490,0.106860,-0.005210,-0.041704,0.345288,-0.051229,-0.131459,0.163773,0.179781
