0.047891,-0.339854,0.337777,0.030338,-0.226979,0.214007,0.107550,0.047029,0.059694,-0.004231,0.139503,0.320900,0.022693,-0.096356,0.458646,0.111865,0.310443,0.004840,0.402705,0.197069
0.232099,0.268692,0.118825,0.108770,-0.078059,0.114988,-0.294429,-0.098159,0.118937,0.370663,0.379139,-0.248934,0.004796,0.287900,-0.321613,-0.213580,-0.057639,0.135262,0.325684,0.124282
-0.250823,0.146047,0.302153,0.349715,-0.012459,0.107448,-0.003466,-0.210686,0.072385,0.244668,0.291002,-0.253321,0.111955,0.325529,0.331729,-0.084019,0.352452,-0.163067,-0.187765,0.102124
-0.374929,0.209413,0.120901,0.050157,-0.000169,0.126041,-0.189667,-0.113620,-0.049017,-0.377741,0.154833,0.561134,0.010890,0.091349,0.118980,0.252660,0.083650,-0.116818,0.164810,-0.339815
0.548912,0.113399,0.387176,0.193175,0.032270,0.082682,0.129740,-0.031283,0.022923,-0.299411,0.287688,-0.282333,0.022530,-0.398294,0.108052,0.104520,-0.057681,0.054661,0.142334,0.109349
-0.135962,-0.103324,0.070042,-0.203641,-0.206135,-0.031877,-0.080804,0.300611,0.217834,-0.264660,0.312793,-0.247210,-0.156488,0.300034,0.295733,0.300401,0.169806,-0.296560,-0.254871,-0.183472
-0.273490,0.086864,-0.002243,0.060310,0.209781,0.025043,0.258700,0.326499,-0.149440,0.322730,0.100360,0.156357,-0.266745,0.273239,0.143353,-0.059503,0.326313,-0.124204,0.406707,0.278614
0.226233,0.103412,0.220940,0.075714,0.219845,0.104566,0.475618,0.059835,0.266032,0.144818,0.287019,-0.157207,0.018551,0.223064,-0.207173,0.348635,0.138955,-0.310810,0.220360,0.129002
0.112801,-0.314132,-0.231745,0.179363,0.154086,-0.085914,0.396232,0.057698,0.037947,0.360397,0.196855,-0.328156,0.130534,0.123738,0.152627,0.328167,0.082860,-0.273806,0.059495,-0.291188
-0.075769,0.265652,0.303190,-0.279585,-0.215397,-0.315265,0.256856,-0.247846,-0.280349,-0.291740,-0.124220,0.141756,0.071089,-0.222677,-0.235140,0.074230,-0.124153,-0.264461,-0.283200,0.013322
0.111895,0.058003,-0.320862,-0.210352,-0.157261,-0.351829,0.263713,-0.205033,-0.348395,0.257339,-0.194556,0.209818,0.189276,-0.038556,-0.246802,-0.014193,-0.017926,-0.294049,-0.286995,-0.199404
-0.046434,0.085767,0.127755,-0.363614,-0.189820,0.387146,-0.218219,-0.303867,-0.326464,-0.341127,0.116054,0.112577,-0.028080,0.382983,0.145857,0.193170,0.178838,0.020105,0.163369,0.043176
-0.382136,-0.011740,-0.361460,0.360519,-0.147043,0.050716,0.139693,0.225196,-0.069355,0.411598,-0.161087,0.042213,-0.094885,0.326809,0.042690,0.300427,0.143097,0.226281,0.122388,0.047828
0.403097,0.094601,-0.089980,0.078071,-0.265451,-0.279614,0.033608,0.098925,0.053759,0.163549,0.058584,0.029184,0.583100,-0.227365,0.102694,0.179304,0.363970,0.068738,0.161863,0.151957
-0.193320,0.279765,0.056507,0.286622,-0.039519,0.308524,-0.099458,0.087650,0.191668,-0.316665,-0.237431,-0.042400,-0.185318,-0.294265,-0.016533,-0.270149,-0.299886,0.280111,-0.271397,0.230797
0.082591,-0.036541,0.237396,-0.197570,0.135416,-0.025092,0.202233,-0.070149,-0.260967,0.405828,0.170006,0.342451,0.211731,0.307077,0.005237,0.338135,0.302101,0.262369,-0.146036,0.133319
