-0.189870,-0.103941,0.028976,-0.293023,0.076262,-0.012392,-0.351540,-0.277186,0.065694,0.094955,0.429087,0.058168,-0.482834,-0.420103,-0.040186,0.001827,0.083769,-0.022282,0.178833,-0.092207
0.190096,-0.054207,-0.150547,0.415385,-0.181067,-0.377524,0.023019,0.039072,0.022745,0.233930,0.164977,0.048861,0.140113,0.100080,0.309125,0.238933,0.413649,-0.088425,0.032866,0.375772
0.114842,0.132595,0.162278,0.327494,-0.046905,0.004455,0.091735,0.435544,0.073189,0.251045,-0.555029,0.294274,0.167985,0.153347,0.068043,0.113520,0.213214,0.040534,0.125125,0.200660
0.158350,0.232874,0.151768,0.020548,0.025088,0.611783,0.033703,0.137540,0.069537,0.103650,0.323152,0.081987,-0.380850,-0.168008,0.118950,0.113869,0.138320,0.081038,0.347851,0.168703
0.169219,0.150292,0.155635,0.057331,-0.015951,0.112443,-0.295854,-0.222987,0.049181,-0.415736,0.510650,0.332581,-0.037536,0.269080,0.003426,0.129308,-0.358917,0.003698,0.065772,0.027973
-0.310744,-0.018101,-0.023975,-0.266980,0.331963,-0.084025,-0.195097,0.326483,0.146636,-0.195964,-0.338770,-0.185091,-0.130312,-0.166410,0.255479,0.103288,0.117898,0.313408,0.097425,0.343785
0.046439,-0.218211,-0.015231,0.150143,-0.074305,0.314052,0.309277,0.377147,-0.248956,0.195988,-0.190371,0.150747,0.179280,0.005654,0.405924,0.135553,0.402836,0.154262,0.144143,-0.062304
0.214970,0.192413,-0.302408,0.631918,0.072377,0.516212,-0.085735,0.164394,-0.015915,0.066634,0.086341,0.111011,0.130327,0.016588,0.101410,0.155415,-0.132582,-0.013072,0.109148,0.118631
0.327357,-0.213916,0.383363,0.112549,0.000133,0.204135,0.335300,0.191199,0.040710,0.088315,0.186768,0.091352,0.249046,0.370995,0.192544,0.305197,-0.032354,0.167012,-0.275857,0.095850
0.217975,0.279011,-0.263088,-0.272758,0.266276,-0.234788,0.274527,-0.181697,-0.155420,-0.275462,0.252401,-0.251122,0.184493,-0.251372,0.242715,-0.065288,-0.002410,0.122595,0.141529,0.272676
0.020571,0.286713,0.207178,0.198643,0.193599,0.032387,0.270375,-0.084335,0.275385,0.083970,0.266381,0.172046,-0.073801,0.100277,-0.262110,-0.286479,-0.284837,0.307190,-0.289188,-0.327718
0.103793,0.226886,0.345961,-0.167642,0.317113,0.176415,0.219175,0.125027,0.333263,0.092736,-0.271579,0.125481,0.015516,-0.326140,0.071660,0.083811,-0.226597,-0.353173,0.266395,0.140100
0.373700,0.264627,-0.210714,-0.312903,-0.138371,0.305420,0.149834,0.216340,0.035219,0.301841,0.145656,0.162053,0.268994,0.186555,0.116794,0.050974,0.297886,-0.115178,0.158988,0.275367
0.196222,0.106443,0.125304,0.460411,0.176484,0.090174,0.039096,0.145254,0.005275,0.098607,0.445042,0.386893,0.025278,0.015195,0.088271,-0.443012,0.153291,-0.030414,0.229416,0.145280
-0.239512,0.319427,0.003165,0.204434,0.033060,-0.347509,0.190089,0.247131,-0.289585,-0.274833,0.181198,-0.275867,-0.201063,-0.235844,-0.233334,-0.285293,0.009845,-0.219115,0.025652,0.175369
0.143137,0.463330,-0.059428,0.059751,0.214703,-0.000821,0.244398,0.131434,-0.263171,0.404521,0.030179,0.159537,0.025214,0.404214,0.212732,0.315238,0.201011,0.057912,-0.151084,-0.011480
