0.013566,0.077584,0.285635,0.314065,0.049220,0.096116,0.124342,-0.041293,-0.067403,-0.390216,-0.373037,-0.129302,0.018972,0.035335,0.086941,0.197357,0.097120,-0.433339,0.384025,-0.281515
0.250811,0.166892,-0.496265,-0.299416,0.103498,-0.325699,0.093427,0.098353,-0.061214,0.190737,0.229474,0.456612,0.135192,0.205317,0.229130,0.136150,0.042300,-0.044950,0.036448,-0.015193
0.039867,0.100865,-0.048570,0.181468,0.032736,0.177983,0.247804,0.143657,0.093919,0.383202,0.222584,0.323362,0.320232,0.185832,0.087331,0.299044,-0.436681,0.233249,0.221408,-0.011395
0.209106,-0.262315,-0.261763,0.089466,-0.011524,0.410609,0.135466,0.119335,-0.062345,0.026968,0.233835,0.447647,0.225673,-0.025880,0.199542,-0.300101,-0.060840,0.347839,-0.140765,0.154763
-0.499258,0.325255,-0.008306,0.114446,0.329496,0.010349,0.075959,0.145703,-0.088188,0.131766,0.100057,0.070949,0.288719,0.274805,0.139409,-0.392667,0.079648,0.040535,-0.335934,0.050864
0.140886,0.021657,0.076875,-0.008536,-0.196741,0.232113,0.266663,0.130462,-0.283776,-0.266351,0.333273,-0.253344,-0.326500,0.297045,-0.015065,-0.188923,0.300827,-0.283895,0.253512,-0.011968
0.290634,-0.037020,0.173206,-0.091423,-0.200439,0.087671,0.364991,-0.080416,0.209957,-0.250873,-0.297714,-0.413372,-0.191842,0.134070,-0.022108,0.180929,-0.225106,-0.411101,0.108442,-0.047827
0.580097,0.251374,0.466291,0.008653,-0.023975,-0.104193,0.077098,-0.074064,0.071396,-0.167578,0.229927,0.364108,0.089480,0.123898,-0.204698,0.246502,-0.028136,-0.019038,0.117246,-0.019814
-0.051685,-0.108424,-0.329930,0.146472,0.069793,0.018646,0.306394,0.231923,0.222785,-0.382057,0.422007,0.165303,-0.358824,0.042655,-0.122092,0.283131,0.167044,0.187585,0.106376,0.036240
0.209557,0.159475,0.347537,0.052683,0.284032,0.293362,0.223951,0.098402,0.221489,-0.290563,0.325064,-0.190310,0.213902,0.018923,-0.310363,-0.129746,-0.150268,0.150398,-0.317281,-0.004017
0.160552,-0.221577,-0.089084,-0.364813,0.125291,-0.051030,0.019428,-0.330790,0.259178,-0.040546,0.112086,-0.254113,-0.237019,-0.296244,-0.263240,-0.103425,-0.258743,0.311629,0.210005,0.279202
0.123341,-0.011224,-0.319902,-0.157833,-0.104116,0.092547,-0.328274,0.291846,0.020187,0.107061,0.360372,0.331852,-0.157909,0.228121,0.153177,0.159145,-0.306012,0.249579,-0.326887,0.068216
0.421499,0.076878,0.100737,0.063502,-0.075655,-0.215054,-0.266058,0.097355,-0.137570,0.466974,-0.287985,0.333685,0.020708,0.226198,0.175513,-0.167944,0.144136,0.232750,-0.227550,-0.037536
0.078035,0.296087,0.010256,0.023981,-0.049680,0.340364,-0.242655,0.066561,0.039450,0.249648,0.210468,0.308601,0.007016,0.061634,0.275573,0.094519,-0.029024,-0.157549,0.637287,-0.001882
0.273817,0.308963,0.345015,0.226995,0.244354,-0.158556,-0.212238,-0.027768,0.059426,0.134119,-0.254969,-0.191899,-0.268587,-0.198210,-0.320557,-0.082996,0.291542,0.164146,0.250518,0.095985
0.481234,0.200245,-0.177091,-0.138239,0.174787,-0.131838,0.007014,0.175460,-0.283681,0.307264,0.351871,0.210107,0.045511,0.301466,0.034670,0.051400,0.247685,0.133595,0.222446,0.175382
