0.043244,-0.295877,-0.180316,-0.119402,-0.017366,0.093282,0.166604,-0.106195,0.049124,-0.284727,0.326871,0.426472,0.404234,0.126981,0.012693,0.149147,0.129934,-0.341776,0.121968,-0.305070
0.367468,0.165999,-0.022117,0.414221,0.102005,0.110510,0.187163,-0.042158,-0.002430,0.231137,-0.198517,0.168919,-0.031627,0.368076,0.045214,0.424962,-0.256523,0.092698,-0.196780,0.228714
0.197319,0.139107,0.105501,0.173606,0.031652,-0.298038,0.317051,0.394834,0.063667,-0.232204,0.281730,0.267272,0.127579,0.179107,0.003918,0.276121,0.054674,0.023289,-0.421890,0.198211
0.134368,0.578902,0.271046,0.155101,-0.010932,0.055968,0.014015,0.280639,0.013174,0.087491,0.096288,0.063300,0.280980,0.016205,0.031175,0.174467,-0.569793,-0.017674,0.073672,0.070399
0.083745,0.266524,0.143358,0.072488,0.016395,0.101427,0.068216,0.145030,0.153090,0.312971,-0.391336,-0.176987,0.002076,-0.273385,0.369832,0.147882,-0.251134,0.315053,0.104880,-0.383838
0.317781,0.247283,-0.270754,0.147649,0.200146,0.113796,0.318081,0.189891,-0.268792,-0.308778,0.244911,-0.015924,0.276818,-0.246992,0.215462,-0.175098,0.112390,0.079407,-0.262056,0.149539
0.096318,0.221306,0.079846,0.411256,0.179889,-0.196308,0.190795,-0.211301,-0.130208,0.279256,0.351383,0.318455,0.021790,0.060556,0.231825,0.138119,-0.240452,-0.079305,0.391089,-0.021236
-0.252791,0.017800,-0.229418,0.211674,0.042543,0.046966,0.106187,0.304911,0.016846,0.098365,0.124439,0.110507,0.008714,0.485980,-0.003229,-0.657788,-0.037069,-0.052906,0.038420,0.133514
0.038068,0.112289,0.416070,-0.186400,-0.026985,-0.438909,0.165017,0.159321,0.066917,0.061783,0.197123,0.462534,-0.178394,-0.202811,0.344714,0.208120,0.006768,-0.009705,-0.154669,0.108850
0.279529,0.315381,0.162028,0.288096,-0.028137,-0.071207,0.265141,-0.282465,-0.122657,-0.324873,-0.240237,-0.211370,-0.221351,0.094257,-0.085219,0.171239,-0.113497,0.344813,-0.089139,0.316274
-0.215795,-0.289388,-0.192598,0.242037,-0.287405,-0.108999,-0.250555,-0.114973,-0.302123,-0.104365,0.209786,0.331138,0.026173,0.284775,-0.243014,0.045862,-0.305664,0.292928,0.142390,-0.072437
-0.329837,-0.312326,-0.235796,-0.113370,-0.194759,0.160465,0.451022,-0.266019,0.291047,0.097077,-0.020033,0.049114,0.021012,-0.169316,0.060852,0.054773,0.493194,0.085009,-0.038193,0.051542
0.263979,0.199593,0.132636,0.326457,0.119557,-0.417925,0.152244,0.439296,-0.055382,0.202401,0.185831,-0.216733,-0.408182,0.130089,0.109816,0.083749,0.078602,0.131125,0.068729,0.070372
-0.131208,0.000198,0.174889,-0.372980,-0.011839,0.051359,0.120842,0.225717,0.003741,0.087554,0.270451,-0.164486,0.031968,-0.307131,0.087035,0.150734,0.127358,-0.027999,0.312999,-0.629488
0.280995,0.243964,0.034007,-0.180414,0.271303,0.308659,0.075451,0.234806,-0.240339,-0.146917,0.222091,-0.245028,0.318906,0.151272,-0.324567,0.009215,0.212397,-0.228405,-0.199675,-0.205525
0.460044,0.032032,0.309049,0.418136,0.095495,0.197284,-0.050621,0.155947,0.088691,0.071721,0.363653,-0.003885,-0.149038,0.363804,-0.103221,0.205745,-0.019580,-0.210695,-0.069419,-0.199118
