-0.417338,0.299110,0.418446,0.141595,-0.009135,0.030146,-0.203517,-0.083881,0.066951,-0.319963,-0.309314,0.014153,-0.228838,-0.151209,0.072896,-0.133251,0.403690,-0.055050,-0.150304,0.046334
0.061128,0.201933,0.173532,-0.003444,-0.006009,0.178118,0.062237,0.356335,0.400098,0.288182,0.068354,0.417011,-0.035579,0.246374,-0.020434,-0.248620,0.096031,-0.074732,0.344140,0.289169
-0.011817,0.026304,0.075358,0.504957,-0.000193,0.362304,0.108784,0.243453,0.302229,-0.322567,0.358473,0.025264,-0.005415,0.115531,0.042134,0.231161,0.053350,0.217803,0.284519,0.108560
0.083246,-0.292273,0.132917,-0.502301,0.035146,0.209424,0.085913,0.393144,0.036020,0.080575,0.380228,0.042698,0.122070,-0.067444,0.046963,-0.426213,0.117851,-0.028908,-0.143051,-0.194805
-0.462581,0.119771,0.108454,0.461717,0.278703,0.048242,0.026287,-0.008110,-0.312742,0.126616,-0.068854,-0.286666,-0.160820,0.178114,0.094173,0.165557,0.136736,-0.107036,-0.018226,-0.375314
0.127804,-0.291760,-0.277681,-0.225979,-0.244018,0.286997,-0.138796,-0.112497,0.290241,0.302719,0.232530,0.146764,0.003382,-0.230510,-0.273211,0.297158,-0.130060,-0.119066,-0.095658,0.297847
-0.251990,0.170503,0.020808,0.393518,-0.076580,0.253774,-0.098838,0.236357,0.050288,0.071349,0.024260,-0.033823,0.006277,0.382336,0.208040,0.100048,0.344865,0.017688,0.509991,0.167464
-0.117436,0.004931,0.081735,0.152174,0.053979,0.120528,0.418355,-0.166717,0.082128,0.346670,0.029942,0.019338,0.026577,-0.104370,0.115555,0.129824,0.522148,0.500124,0.077139,0.193327
-0.232020,0.016604,0.453773,-0.185566,0.023660,0.066530,0.352079,0.192876,0.046449,0.074162,-0.340444,-0.207003,-0.008160,0.008950,0.084795,0.048832,-0.242307,0.204821,0.371806,-0.352652
0.333550,0.189756,-0.294580,0.133468,0.166194,0.085301,-0.193625,-0.290133,-0.313183,-0.167373,0.277654,0.085019,-0.313872,0.109966,-0.202683,0.001499,0.018944,-0.348549,0.210987,0.251222
-0.200475,0.326617,0.251060,0.156781,0.237942,-0.113535,0.090167,-0.044207,-0.204472,-0.252192,-0.218268,0.162805,0.033170,-0.119504,0.184986,-0.232339,0.317662,0.301688,0.336956,-0.311971
-0.363575,0.031555,-0.324654,-0.394197,0.011993,-0.520652,0.069662,0.212075,-0.058283,0.068823,-0.064600,-0.123976,-0.005370,0.137863,-0.245146,0.037951,-0.111924,0.002229,0.192463,0.356585
0.117468,0.114273,0.075753,0.176408,-0.133414,0.117304,0.260295,-0.152342,0.171167,0.226846,0.347064,0.185139,0.070728,0.128403,-0.345323,0.386813,0.062790,0.392878,0.347692,-0.093428
-0.240434,-0.302932,0.431580,0.208685,0.050135,-0.184313,-0.060493,0.591414,0.040194,0.099421,0.049562,0.308196,0.047328,-0.001544,-0.057238,0.200320,0.080178,-0.006463,0.193854,0.179055
-0.274934,-0.245970,-0.121414,-0.209005,0.327224,0.310806,-0.266671,-0.146777,-0.186580,0.210597,0.202438,0.278924,0.334880,0.248651,-0.227803,-0.090863,-0.017452,0.165385,-0.204793,-0.086554
0.239073,-0.158811,0.288143,0.128848,-0.183824,-0.151362,0.090283,0.234878,0.060116,0.217158,0.470920,-0.147189,-0.015856,0.001511,-0.320901,0.401400,0.012627,-0.020026,-0.091948,-0.361115
