-0.199985,0.366613,-0.339388,0.020497,-0.169096,-0.221641,-0.139198,0.113498,0.016468,0.170926,0.249704,-0.060112,-0.232575,0.022569,0.425625,0.078325,-0.350489,0.316322,0.086699,0.179605
0.230715,-0.033934,0.301405,0.049315,-0.098197,0.316141,0.206467,0.253876,-0.040552,0.096079,0.493166,0.457404,-0.126680,-0.009722,0.032771,0.197824,0.131634,-0.222633,0.156548,0.156888
0.323959,-0.026584,0.144082,0.211207,0.050921,0.240150,0.135401,-0.315081,0.069985,0.329635,-0.164846,-0.255836,0.428105,0.078323,-0.263850,0.113558,0.206346,0.033749,0.012087,0.359351
0.018741,-0.028131,-0.379441,-0.281338,-0.019071,0.115150,0.054416,0.205672,-0.016100,-0.532627,0.385604,-0.000071,-0.021103,0.008643,0.496185,0.174049,0.032410,-0.008260,0.063237,-0.045548
0.104868,-0.078812,0.091701,0.002520,0.016222,0.115006,0.061817,0.230666,-0.392523,0.302792,-0.367046,0.010620,0.196487,-0.037007,-0.431655,0.360935,0.163879,-0.316408,0.127469,0.153196
0.239227,-0.285382,-0.173047,-0.000865,0.306521,-0.152552,-0.321215,0.357868,0.115922,-0.120771,-0.104844,-0.061645,0.349423,0.086254,-0.137615,0.305337,-0.089674,-0.317836,-0.143598,0.262114
0.222936,0.016647,0.265174,0.425862,0.337378,0.006624,-0.064617,0.175947,-0.288794,0.074926,0.242703,0.191672,-0.058464,-0.224703,0.194824,-0.023754,0.048859,0.274187,0.045412,0.438896
0.287291,-0.170435,-0.082034,0.059780,-0.015944,0.078009,0.114433,0.185993,0.357481,0.144979,0.601165,-0.007257,0.324978,0.084414,0.129515,0.167841,-0.299047,0.200869,0.087146,0.136997
-0.062352,0.209517,-0.235000,0.346063,-0.196269,-0.356206,0.125165,0.344090,0.367906,-0.170053,0.074276,0.236612,-0.158213,-0.333069,0.206901,0.073837,0.141199,0.035596,-0.215664,0.006788
0.171655,-0.212731,0.180575,0.257409,-0.330210,-0.328166,-0.319917,-0.235589,-0.186126,-0.017595,-0.240973,-0.071526,-0.218490,-0.211375,-0.088604,0.239102,-0.126447,0.201384,0.309489,-0.209596
-0.272004,0.294449,-0.302232,0.142529,-0.000908,0.175065,0.206672,-0.273686,0.040241,-0.266140,0.306752,0.249144,-0.303930,-0.298060,0.239410,-0.161902,0.251366,0.057287,0.138345,0.020511
-0.455955,-0.032413,0.042380,0.111301,0.014275,0.444487,0.185084,0.219301,0.009703,-0.195208,0.243112,-0.329036,0.155273,-0.225930,0.132111,0.281340,0.092865,-0.121757,0.079505,0.299420
0.010721,0.139774,0.260027,0.205530,0.202635,0.239155,-0.043088,0.447202,0.099732,0.331520,0.444614,0.195514,-0.055468,-0.057529,-0.030879,0.121292,0.342165,-0.023279,0.227251,0.152699
0.169931,-0.463508,0.053039,0.044596,-0.335967,0.051262,-0.152925,-0.077757,-0.003558,0.050562,0.558739,0.226832,0.153919,0.064086,0.284720,0.168085,0.140514,-0.226088,0.141759,0.110748
-0.271971,0.298224,-0.182393,0.147693,-0.169447,-0.165546,-0.214552,-0.110331,-0.253926,0.189203,0.179281,0.349432,-0.139778,-0.090598,0.049634,0.131077,0.357788,-0.001581,-0.343191,-0.346387
0.079619,0.062213,0.193413,0.124297,-0.356303,0.362109,0.145426,0.081870,0.101719,0.136580,-0.094945,-0.028107,0.225894,-0.036368,0.236383,0.163535,0.465861,0.180773,-0.002845,0.476985
