-0.290549,0.303797,-0.137219,0.172777,-0.004806,0.414079,0.122863,-0.223346,0.077906,-0.110006,0.256614,-0.028189,-0.311899,0.021858,-0.199934,0.383513,0.073413,-0.032281,-0.153806,-0.372056
0.295709,0.090155,0.358160,0.306062,-0.100218,-0.071653,0.257966,-0.078418,0.153935,0.192161,0.595674,-0.168953,0.049913,-0.002950,-0.113103,-0.001340,0.072851,0.355969,-0.055743,-0.013627
0.284013,-0.072892,0.405897,0.022873,-0.082528,0.022256,-0.280555,-0.007978,-0.113347,0.073146,0.566505,0.383235,0.273893,0.128465,0.039425,0.203327,0.037137,-0.049945,0.014818,0.195350
0.263524,0.007189,0.340518,0.126130,-0.008117,0.543676,0.404924,0.032065,-0.082565,-0.203927,0.280045,-0.243956,-0.274598,0.037500,0.006339,-0.028722,0.151129,-0.017331,0.210263,0.081437
-0.087982,0.126282,0.613381,0.153432,-0.022492,0.102516,0.216885,0.036174,0.069572,-0.288915,0.441800,0.234499,-0.095815,0.034361,-0.263872,0.011037,0.035207,0.043068,-0.307611,-0.029186
-0.123149,-0.159334,0.260820,-0.298904,0.099803,0.197859,0.189402,-0.345147,-0.277643,0.179021,-0.118313,-0.182169,-0.337687,-0.328710,-0.040436,-0.024051,0.339641,-0.252913,-0.000278,0.195021
0.162752,0.058755,-0.397902,0.365401,-0.000853,-0.144958,0.453348,-0.091031,-0.045356,-0.263582,0.165003,0.298816,0.058112,0.202656,0.057512,0.315511,0.279028,-0.166215,-0.050514,-0.002319
0.481301,0.006799,-0.270875,0.175678,0.044107,0.026002,0.345128,-0.029099,0.002678,0.078058,0.542103,0.202088,0.407706,-0.045363,0.042641,0.046932,0.022661,0.002646,-0.024391,0.165083
-0.100880,0.015104,-0.300623,-0.394411,-0.238661,0.408752,-0.192818,-0.309817,-0.014020,0.012734,0.191808,0.387346,0.141916,0.010164,0.025944,0.119688,0.043969,-0.291761,0.137421,-0.241017
0.247371,0.284022,-0.188210,-0.261463,-0.201866,0.332156,0.139621,-0.201509,0.084446,-0.225422,0.251455,0.114549,0.221574,-0.163189,0.236957,0.246972,0.269859,0.240105,-0.176967,0.232847
-0.290482,0.052789,-0.336069,0.189076,0.285310,0.249906,-0.262841,0.039098,0.100908,-0.108017,-0.211145,-0.319849,-0.161923,0.208690,0.215963,-0.256731,-0.252596,-0.257872,-0.162543,-0.204678
0.082338,0.314451,-0.290960,-0.122572,-0.028292,0.299548,-0.250540,0.301746,0.222785,-0.199527,0.485716,0.330175,0.054200,0.069539,0.010758,0.178620,0.200163,-0.124717,-0.131876,-0.055902
0.260390,-0.125829,0.239371,0.175030,-0.137898,-0.219696,0.400980,-0.039088,-0.132266,-0.015801,0.616614,0.183356,0.070047,-0.163732,-0.128785,0.319372,-0.036276,-0.032339,0.114655,-0.038103
0.127005,-0.029922,0.021181,0.497081,0.030719,0.117936,0.266255,0.287282,0.162294,0.148874,0.507092,0.103737,-0.141642,0.002074,-0.133490,0.062080,-0.168914,-0.393867,0.125601,0.097852
-0.303381,-0.003043,-0.201658,0.278330,-0.031685,-0.278214,-0.275477,-0.082918,-0.250465,-0.190626,-0.296182,-0.180061,0.316099,-0.300941,-0.279772,-0.063446,0.171831,0.245761,-0.130294,-0.172478
0.238703,-0.034808,0.006472,0.139490,0.115234,-0.205801,-0.252716,-0.255147,-0.189039,0.239728,-0.337778,0.382242,0.273300,0.369754,-0.223643,-0.026500,-0.081160,-0.040888,0.147626,-0.303514
