0.039486,0.164376,0.351069,0.243844,0.194906,-0.257597,-0.394163,-0.008850,0.017083,-0.249808,0.312223,0.101802,-0.154547,0.238171,0.345991,0.260301,-0.062227,-0.004889,-0.257800,0.141237
0.120366,0.087263,0.497097,0.391665,-0.103119,-0.005896,0.145853,0.046772,-0.035179,0.315666,0.398731,0.193651,-0.041897,0.171944,0.002932,0.147537,0.268192,-0.247896,-0.041068,-0.240270
0.136143,0.102523,0.291132,-0.062477,0.226100,-0.267866,0.112531,0.087464,0.010263,0.140430,0.370471,0.284707,0.129391,0.383238,0.045617,-0.537012,-0.043231,0.026831,0.182168,-0.105471
0.210492,0.056636,0.031962,-0.423504,-0.128618,0.032257,-0.425209,0.052748,0.036901,0.226444,0.406331,0.221304,0.075641,0.088589,0.010835,-0.411277,0.111637,0.290298,0.114562,0.107352
0.079349,0.046200,0.196533,0.139890,-0.034977,0.128774,0.114183,0.191345,0.249421,0.157210,0.327081,0.385279,0.142887,0.341003,-0.222859,-0.222343,0.329977,0.393288,0.115626,0.104106
0.338561,0.069614,-0.164516,-0.172709,0.301779,0.133535,-0.333455,-0.322861,-0.126451,0.139045,0.118617,0.142113,-0.256020,-0.231301,0.269020,0.274444,0.236167,-0.310866,-0.010997,-0.102192
0.417250,-0.116252,0.065103,0.431894,-0.167615,-0.172267,0.259699,-0.148908,0.191510,0.221388,0.384388,0.251178,0.081595,0.094927,-0.042235,0.272159,-0.027959,0.005362,0.291111,0.024829
0.251157,-0.012242,0.236559,0.165692,-0.020645,-0.312486,-0.124200,0.017549,0.061403,0.262544,0.389989,0.548218,0.358227,0.150613,-0.001965,0.155891,-0.178219,0.006882,0.084161,0.002636
-0.230097,0.179844,0.501899,0.084347,0.259706,0.226903,-0.209994,0.155698,-0.000485,0.247040,0.280483,0.353201,0.200040,0.022067,0.035327,0.381509,-0.015558,-0.078183,0.070158,-0.073453
0.262666,-0.090911,0.242448,-0.270432,0.262915,-0.146970,-0.310446,-0.172020,0.336977,0.004865,0.155951,-0.275992,-0.160577,-0.161762,0.308522,-0.338345,0.084674,0.081492,-0.262614,0.125198
-0.265729,-0.283160,-0.203017,0.236176,-0.191876,-0.280427,-0.130137,-0.245216,0.283561,0.239496,0.055046,-0.234631,-0.228022,0.300022,0.008714,-0.322693,0.331388,-0.040408,-0.039174,-0.068150
0.244178,-0.374899,0.164057,-0.272461,-0.195794,0.338585,0.106339,-0.008863,0.003378,0.123393,0.249663,0.264258,0.192085,0.068475,-0.061917,-0.256865,0.044687,0.374064,-0.118419,-0.345793
0.362219,-0.115723,0.269704,0.151319,0.148984,0.048738,0.223634,-0.076939,0.147407,0.347232,-0.135972,0.387391,0.154498,0.019953,0.161819,0.107415,0.392765,-0.171748,0.272323,-0.220209
0.014855,0.014775,-0.523339,0.041798,0.504001,0.025556,-0.064813,-0.002388,-0.027845,0.142893,0.332046,0.044751,0.182736,-0.461017,-0.033423,0.133073,0.098163,-0.184461,0.063576,0.138362
-0.194545,0.277353,-0.180207,0.003478,0.297975,-0.145405,0.119935,0.281023,0.005167,-0.261237,0.291668,0.246046,0.291988,-0.145720,-0.266702,0.192194,0.233860,0.299863,-0.179422,0.210262
-0.009716,-0.269952,-0.345457,0.083974,0.045614,0.184520,0.212483,-0.049184,-0.227419,0.037444,0.324402,0.690197,0.122730,-0.169725,0.001656,0.141613,-0.033722,-0.092575,-0.001881,0.092604
