-0.114415,0.269567,-0.078342,0.349283,-0.297962,0.185169,-0.057827,-0.246799,0.003700,0.283917,-0.024744,0.340560,0.001283,-0.019812,0.109993,0.373325,0.335916,0.158963,-0.328600,0.060140
0.361905,-0.057039,0.003217,-0.035512,-0.209637,-0.057632,0.236429,-0.049266,-0.105447,0.165155,0.276718,0.310200,-0.021149,-0.128822,0.107111,0.516990,0.479121,0.026547,-0.142943,0.034980
0.114566,-0.143721,-0.326010,0.226514,0.092405,0.088857,0.159598,-0.130728,0.018991,0.274528,0.393979,0.094100,0.017696,-0.221059,-0.342707,0.446261,0.274093,-0.019536,-0.017253,-0.261243
0.096402,-0.004818,0.189166,0.337869,-0.024182,-0.415313,-0.065644,-0.033482,-0.202074,0.219916,0.314387,0.436087,0.036772,0.109975,0.023910,0.439641,0.187292,0.121602,0.017715,-0.162954
0.097202,-0.075952,0.321941,0.464684,-0.240904,-0.097454,0.124046,0.092676,-0.363538,0.162385,0.265829,0.068760,0.348316,0.037575,-0.019107,0.211458,0.230519,0.014243,-0.011030,-0.344232
0.353667,0.017577,-0.013706,0.317823,0.251179,0.009282,0.277548,-0.159296,0.034392,-0.189242,0.311471,0.102080,0.173251,0.314542,-0.185385,0.031844,-0.323047,0.010582,-0.313847,0.309988
0.209457,0.163309,0.218557,0.150328,0.194024,-0.060592,0.157439,-0.224296,-0.179649,0.320961,0.211573,0.201378,0.324684,-0.166579,0.185397,0.138714,0.447027,0.267906,-0.252145,0.010398
-0.298891,0.092954,0.286736,-0.454263,-0.051059,0.063843,0.304641,-0.096789,0.001897,0.185563,0.268530,0.026874,0.069172,-0.029296,-0.012399,0.311553,0.317069,-0.436572,0.036591,0.044706
-0.334446,-0.292204,-0.184560,-0.182387,0.006564,-0.023065,-0.215718,0.378593,0.303401,-0.165489,-0.162761,-0.253462,0.030291,-0.098141,0.039180,-0.276484,-0.301894,0.209192,0.021121,-0.333083
-0.193134,-0.216280,0.351457,0.081125,-0.278165,-0.236026,0.097905,-0.195624,0.227730,0.251370,-0.268963,-0.302893,-0.164964,-0.013436,-0.044251,-0.220042,0.287871,-0.269743,-0.246439,-0.177803
0.291886,-0.065993,-0.139893,0.178291,-0.046356,-0.302336,0.250630,0.255719,-0.074173,-0.043472,-0.341968,-0.121113,-0.209270,-0.148612,-0.278359,-0.259563,-0.044826,0.204650,0.306675,0.386845
-0.497338,-0.211247,0.060313,0.417764,-0.096565,-0.085785,0.437368,-0.249085,0.000553,0.147322,0.182279,0.066771,0.195344,0.048264,0.252395,0.165140,0.091253,-0.166990,0.013787,0.180534
0.201932,-0.036181,0.113649,0.178978,-0.260082,0.165732,0.311417,0.027702,0.127513,0.162491,0.175066,0.616891,0.132919,-0.105283,-0.131018,0.019978,0.353856,-0.096378,-0.125966,0.263735
0.180043,0.047072,-0.512690,0.248323,-0.007034,0.059368,0.280386,-0.078032,0.199923,0.004056,-0.278728,0.024313,-0.063127,-0.028081,-0.046540,0.314469,0.324507,0.463418,-0.017951,0.089967
0.284653,0.316615,-0.240215,-0.211352,-0.252466,0.166999,0.150071,-0.199417,-0.126403,0.324509,0.213433,-0.024624,0.242402,-0.354255,0.020464,-0.270524,-0.168253,-0.104139,0.178651,0.257035
0.190751,0.052923,-0.242859,0.305856,-0.075554,-0.155604,0.412622,0.124961,0.044792,0.052396,0.363041,-0.065837,-0.022077,-0.167139,0.126732,0.522078,-0.115752,-0.190384,0.201053,0.210930
