0.111326,-0.170035,0.124899,0.123215,0.370153,-0.172924,-0.322703,0.429087,0.136000,0.143140,0.126143,-0.038108,0.207377,-0.368850,0.212516,0.183101,0.260571,-0.155704,-0.232046,0.112534
-0.176527,0.384440,0.210767,0.040596,0.053890,-0.101562,0.191494,0.087691,0.009378,0.378158,0.256637,0.143692,0.108007,0.160255,0.206902,0.357121,0.289910,0.081305,0.267852,-0.343074
0.249806,-0.097420,0.274917,-0.009606,0.096523,0.021822,0.139159,0.317569,0.163761,0.234112,0.037314,0.342357,0.387374,0.191538,0.176609,0.132132,0.240908,0.296434,-0.266174,-0.264663
-0.003021,-0.266227,0.156606,0.030846,0.038326,-0.231135,0.349292,0.073288,-0.018984,0.145237,-0.315925,0.057452,-0.480103,0.103052,-0.144843,-0.119472,0.169029,-0.018773,0.508041,0.182771
0.145055,-0.394288,0.156686,0.077132,0.151052,0.272805,0.010237,0.107782,0.046106,0.468204,0.157808,-0.051152,0.076181,-0.195263,-0.077473,0.142538,0.292717,0.284224,0.290991,0.337318
0.271955,-0.020729,0.318055,0.298171,0.076258,-0.236720,0.315703,-0.314326,-0.196164,0.049339,0.142697,-0.295380,-0.238665,0.082416,-0.114031,-0.271764,0.220835,0.273742,-0.039029,0.225522
0.353601,0.197613,-0.016397,0.232971,-0.026160,-0.057060,0.173636,0.011179,-0.105782,0.352902,0.136907,0.188343,0.394238,0.005816,0.046820,0.312784,0.079402,0.072899,-0.327113,0.427908
0.549872,0.096519,0.214683,0.061920,0.096714,0.423641,-0.018982,0.057383,0.259363,-0.109554,0.374148,0.144768,-0.005111,0.140771,0.149059,-0.308838,0.125577,0.035744,0.208667,0.087623
0.360618,0.185671,0.140416,-0.395539,-0.020893,-0.317922,0.073921,0.005249,0.074416,0.218495,-0.363894,-0.057917,0.011100,0.211185,0.206760,0.112263,-0.222218,0.084293,-0.259243,0.373487
-0.245178,0.190314,0.243945,-0.093451,-0.240221,0.281021,-0.290170,-0.268220,-0.235404,-0.239433,-0.260784,-0.192202,0.252969,-0.307860,-0.036358,0.073244,0.246137,0.228285,-0.108834,0.186853
-0.096904,0.062517,0.312743,-0.301400,-0.243258,-0.288467,-0.177132,-0.179749,-0.114819,-0.225790,-0.247708,0.215088,0.190190,0.321435,0.164363,-0.171392,0.209265,-0.252274,-0.329709,-0.090362
-0.246928,0.317221,0.086296,0.078161,-0.002727,0.043068,-0.071059,0.342130,0.382109,0.201673,-0.076877,0.172076,0.022611,0.314396,-0.225368,0.383486,0.130402,0.269903,-0.182771,0.241271
0.314553,0.196187,0.126802,0.015672,0.006759,0.247227,-0.035262,0.015684,-0.003509,0.275057,0.279511,-0.622019,-0.040151,0.186787,0.316748,0.253054,0.039524,-0.048427,-0.188330,0.051392
0.308197,0.094810,0.164558,0.140117,0.045542,0.075137,0.411725,0.392828,0.044657,0.420019,0.397097,0.038905,-0.121596,0.025883,0.154700,0.173452,0.163233,0.220320,0.156879,0.104321
-0.337072,0.156462,0.249488,-0.266412,-0.318694,0.280865,-0.259125,-0.087397,-0.020266,0.075483,-0.231641,0.252949,0.069651,-0.246047,-0.288511,0.306508,0.208222,0.100954,-0.176400,0.149859
0.003512,0.360488,0.213609,0.295087,0.201945,0.167086,-0.369451,-0.068842,-0.164914,0.042930,0.054910,0.161227,-0.135306,0.355930,0.049199,0.310629,-0.123987,0.109041,0.217253,0.388565
