0.199029,-0.003157,0.044444,0.132664,0.013394,-0.265609,-0.107317,0.372731,0.361595,-0.036143,0.053033,-0.119520,-0.067557,0.418750,-0.391187,0.159492,-0.406031,-0.144589,0.049465,0.154534
0.187439,-0.031186,0.187026,0.209314,0.076067,0.231656,0.018073,0.290148,0.134506,0.156571,0.504913,0.484046,0.134686,-0.215402,0.054094,0.188886,0.063673,0.131740,0.173582,0.233695
-0.265885,0.046623,0.228383,0.127694,0.066586,0.299069,0.134083,0.364180,-0.176352,0.119367,0.453464,-0.272331,0.137772,0.030072,0.106984,0.285525,0.215172,0.241401,-0.033602,-0.265489
0.201261,0.004527,0.149353,0.119006,0.045634,0.084603,-0.259406,0.214952,0.080156,0.158702,0.541001,-0.037154,0.277767,0.054909,0.383644,-0.095637,0.024792,-0.345617,-0.063839,0.337574
0.095301,0.248223,0.123633,0.054196,0.024048,0.118793,0.067530,0.366390,0.167634,0.129954,0.388840,0.046836,0.049099,0.406132,-0.010434,0.221017,-0.152061,-0.412352,0.365205,0.127936
0.203420,0.297749,0.072693,-0.190923,-0.281546,0.328156,0.148544,-0.259969,0.215818,-0.061177,-0.183631,-0.318047,-0.147938,-0.320779,0.102364,-0.064686,-0.262506,0.094513,0.258056,-0.287315
-0.028479,-0.113689,-0.052464,0.304734,-0.117999,0.307186,-0.214334,0.069487,0.136866,0.074503,0.516095,0.018026,0.222583,-0.120989,0.075713,0.358446,0.315980,0.302463,0.225624,0.001302
-0.236215,-0.023938,0.139909,0.129744,-0.430437,0.201298,0.030523,0.115622,-0.056568,0.074861,0.571564,-0.012795,-0.103887,0.045258,0.180688,-0.350627,0.107440,-0.136379,0.042415,0.362079
-0.144888,-0.213317,0.138733,0.113991,-0.117160,0.120741,-0.069032,0.168905,-0.017263,0.053231,-0.529388,0.513578,-0.351208,0.307782,0.069795,0.078524,-0.170601,-0.073694,0.084005,0.147687
-0.275114,-0.279431,-0.131881,0.167690,-0.227528,-0.343118,0.078627,-0.260774,0.108563,-0.276994,0.162039,-0.338329,0.181954,-0.209963,-0.266755,-0.177359,-0.133049,0.316265,0.015160,-0.173313
-0.278029,0.085795,-0.201596,0.287623,-0.313317,-0.174729,0.317819,-0.239390,0.014866,0.150893,-0.111009,0.192942,0.212686,-0.308882,0.265553,0.307971,0.193473,-0.003173,0.292663,-0.057596
-0.320495,-0.003722,-0.345631,0.111535,-0.187296,0.039899,0.141349,0.352026,0.022573,0.297267,-0.363985,0.095735,0.033706,0.017033,-0.213384,-0.355184,0.021999,-0.003370,0.048048,0.422313
0.065520,0.396210,0.013570,0.125103,-0.058903,0.098026,0.148089,0.218727,0.176853,0.188913,-0.127852,0.340008,0.290767,-0.142234,-0.109814,0.508760,0.298458,-0.118237,0.035801,0.247209
0.142212,0.345305,0.167350,0.119359,0.019074,0.123339,0.406214,0.176176,0.027804,0.107048,0.431582,0.023109,0.094044,-0.026308,0.039661,0.148658,0.060219,0.005682,0.488000,-0.364173
-0.290666,0.296885,0.311223,0.193886,0.016911,-0.192128,0.054151,-0.062064,-0.246880,0.084880,-0.113248,0.049778,0.255395,-0.299772,-0.318781,0.214996,0.269184,-0.225925,-0.177930,-0.327695
-0.239951,0.157814,0.238162,0.007829,-0.133354,-0.051470,-0.077517,0.055902,-0.097035,0.140063,0.700015,0.296851,-0.059332,0.076913,0.038481,0.417690,-0.153478,0.026027,0.098862,0.067859
