0.095864,-0.343139,-0.343464,-0.344134,0.369142,0.278289,0.157639,0.049653,0.317201,0.024202,0.289039,0.146103,-0.102963,0.029292,0.019430,-0.326999,0.110255,-0.012668,0.125402,0.206749
0.151966,0.113220,0.169268,0.261842,0.108412,0.200987,0.081311,-0.342729,-0.376486,0.204268,0.410839,-0.416290,-0.032948,0.046723,-0.003750,0.137890,0.072511,-0.207399,0.255147,0.171552
0.287947,0.155002,0.126494,0.316464,0.179875,0.066399,-0.528091,0.164992,0.078518,0.207542,0.343295,0.010424,0.093856,0.274428,0.128547,0.183092,0.021150,0.214282,-0.281878,0.082825
-0.274807,0.009224,0.227870,0.104233,-0.226651,0.086338,0.113244,0.190012,0.002680,0.101371,0.171419,0.056166,0.156204,0.084686,-0.520332,0.498015,-0.356961,0.081015,0.081945,0.141406
0.409641,0.116379,-0.038528,0.146510,-0.334819,0.099256,0.162961,0.100745,0.003652,-0.293285,0.427079,0.079199,0.003471,-0.312537,0.238035,0.296603,-0.226010,-0.200515,-0.161714,-0.050762
0.339934,0.055539,0.160086,0.253896,-0.221776,0.325592,0.207066,0.394579,0.035772,0.134667,0.020681,0.001901,-0.414195,-0.306457,-0.069922,-0.266422,-0.118911,0.173243,-0.019421,-0.178290
0.109681,-0.084364,-0.055851,0.463814,0.064162,-0.021102,-0.026288,0.333441,0.198371,0.144106,0.041455,0.053506,0.159051,-0.086195,0.221595,-0.576491,0.276426,0.169060,0.109517,-0.224312
0.187352,0.530565,-0.376500,0.143196,-0.016224,-0.318208,0.149027,0.263177,0.003144,0.470196,0.149075,0.163180,-0.061511,0.144135,0.088288,0.120757,0.070729,-0.001455,0.004368,0.079040
0.100995,0.314636,0.198012,0.373793,0.018846,0.041009,-0.064014,0.182846,-0.136202,-0.355504,-0.176279,0.095435,-0.389932,-0.359355,-0.229119,-0.154450,-0.111986,0.069655,-0.292419,0.163574
-0.343249,0.310675,0.125395,0.108967,-0.173571,-0.214508,-0.026100,0.296974,-0.292630,-0.238963,0.178414,-0.289257,-0.310043,-0.174057,-0.220591,0.331730,-0.023989,0.014585,0.112220,-0.190531
0.282184,0.104698,-0.101091,0.340416,0.247442,-0.267554,-0.315313,0.050812,0.092650,-0.012596,0.250782,0.175151,0.165558,-0.321253,0.097422,-0.177822,-0.017886,0.311099,-0.288398,-0.306885
0.245562,0.242842,-0.355236,-0.131227,0.058358,-0.064417,-0.147105,0.189107,0.175727,0.121822,0.188709,-0.156066,0.020656,0.444566,-0.133767,0.246030,-0.059184,0.006359,0.426010,-0.324271
0.380382,0.235571,0.050757,0.100832,-0.140028,-0.082880,0.222321,0.269793,-0.392462,0.252048,0.128335,0.174079,0.163171,0.430911,-0.072645,0.252849,0.228708,0.028918,-0.111611,0.164115
-0.400629,0.012715,0.148853,0.116688,-0.041972,0.440033,-0.101189,0.215511,-0.010662,0.121545,0.197889,-0.333495,-0.015484,0.154016,-0.518745,0.179829,0.044280,-0.000241,0.138631,0.199113
-0.327793,-0.274604,0.041070,0.317944,-0.032134,-0.247469,-0.206701,-0.168758,0.068085,-0.116816,-0.272846,-0.149398,0.334977,-0.262914,-0.179973,0.214796,-0.294236,-0.131774,0.252281,-0.195955
-0.212402,0.099797,0.036587,0.408038,-0.040974,0.140890,-0.067513,0.532998,0.183457,-0.162215,0.106415,-0.186915,0.297446,0.305548,-0.138256,-0.010424,0.125978,-0.200832,0.319164,0.039507
