-0.253144,-0.215051,-0.035841,0.234634,-0.008324,-0.063300,0.271702,0.477814,0.323518,-0.332288,0.100591,0.057341,0.395382,-0.164933,-0.202889,0.133872,-0.017235,0.080975,0.006376,-0.221660
0.194657,0.353041,-0.042084,0.111581,0.329697,-0.374742,0.031852,0.239335,-0.010970,0.036422,0.293507,0.312832,0.090476,-0.427731,0.203983,0.145523,0.006049,-0.154130,0.135904,0.184871
0.363374,0.253025,0.214651,0.068152,0.241753,0.110597,0.134265,0.265162,-0.096694,0.069506,0.304755,0.436449,0.008409,-0.259861,-0.197380,0.177535,0.254798,0.241143,0.082718,0.169320
0.284660,0.043895,-0.492416,0.133384,-0.208499,0.453797,0.066729,-0.301631,0.070634,0.191998,0.389216,0.152725,0.012160,0.239894,-0.074505,0.086423,0.066195,0.006607,0.068662,0.124161
0.322848,-0.123612,-0.374252,0.073111,0.005930,0.023225,0.102769,0.247068,-0.244781,0.182024,-0.007507,-0.243652,0.055909,0.474731,0.091051,-0.105301,0.456120,0.204374,-0.089118,-0.069263
-0.155711,-0.262020,-0.230175,0.190683,0.256375,-0.298312,0.335069,0.100776,0.186880,-0.082715,-0.127306,0.271580,-0.180262,0.102368,0.237004,-0.314510,0.102991,-0.276529,-0.325197,-0.134150
0.158449,0.225915,0.098284,0.366340,-0.214459,0.232478,-0.017384,0.333646,-0.136249,0.113387,0.500568,0.132891,-0.233133,0.324422,-0.071347,-0.047693,0.134688,0.094185,-0.164102,0.218576
0.238778,0.446596,0.079433,0.050463,-0.040236,-0.441494,0.078464,-0.156521,0.015378,0.169089,0.211631,0.519629,0.021251,-0.358283,0.080972,0.083845,0.103713,0.024719,-0.066684,0.075108
0.122881,-0.263726,0.218393,0.144045,0.249404,-0.035067,-0.189620,-0.284237,-0.074066,-0.391854,0.244558,0.003632,-0.271835,0.069866,0.406132,0.169202,-0.282394,-0.271389,0.031306,0.145407
-0.212786,0.316160,0.240727,0.118367,0.200546,0.225696,-0.246630,0.283796,-0.300916,-0.294548,-0.300136,0.261305,0.122479,0.036677,0.057411,-0.141709,-0.206496,0.136447,-0.158759,-0.297361
-0.078464,0.269954,0.052568,0.327918,0.091052,-0.277500,0.301210,0.000310,0.031946,0.326421,-0.148735,-0.255655,0.037145,0.119140,-0.300597,-0.348419,0.141403,0.274243,-0.335387,-0.067678
0.156752,-0.326622,0.104686,-0.245057,-0.208191,-0.023246,0.313535,0.130124,0.213851,-0.308434,0.211887,0.163858,-0.189497,0.045871,0.373511,0.167420,-0.392444,0.256871,-0.003089,0.021174
0.212424,-0.061643,0.248238,0.235174,-0.121922,0.136598,0.268891,0.238850,0.028618,0.438638,0.200339,0.269199,0.100028,0.106176,0.237250,-0.175940,0.428630,-0.124972,0.235845,-0.044253
0.385049,0.095043,0.344588,0.110540,0.009718,0.087278,0.083119,0.099321,0.124336,0.192529,-0.262858,0.037706,-0.465467,0.011407,0.046350,0.283313,0.089996,0.020280,0.067352,0.501960
0.237400,-0.231706,-0.215942,0.235814,0.210919,-0.304634,-0.146704,-0.258383,-0.232326,-0.161874,0.001998,0.184016,0.272858,0.083214,-0.302742,0.242669,0.262852,0.223137,-0.201767,-0.237884
0.123538,-0.058449,0.153039,0.532097,0.272338,-0.235291,-0.298288,-0.129697,0.321524,0.129251,0.357537,0.239377,-0.088461,0.070506,0.194667,0.140160,-0.198721,0.059750,0.140743,0.032000
