0.212602,-0.391258,-0.322124,0.324046,-0.155267,0.020970,0.107517,0.394610,0.039180,0.153277,-0.045285,-0.026653,0.277479,0.047017,0.020390,-0.262126,-0.312959,-0.000673,-0.261900,0.241800
0.202626,0.424469,0.228595,0.072769,-0.441549,0.128293,-0.076038,0.200619,0.101365,0.163137,0.181745,0.111996,0.380033,0.008794,-0.072671,0.140260,-0.072321,-0.448353,0.073601,-0.013298
-0.429815,-0.259379,-0.018050,0.141074,-0.156537,-0.109669,0.182630,0.221472,-0.009785,0.178433,0.324365,0.109672,0.319893,0.150951,0.124430,0.135226,-0.175490,0.000543,-0.452049,0.256149
0.213026,0.097273,-0.445858,0.176840,0.055758,-0.091768,0.083894,0.123010,0.364620,0.053219,0.130279,0.023334,-0.000034,-0.350434,0.229419,0.140413,0.130603,0.461514,0.130569,0.292994
0.128241,0.368366,0.037643,0.151141,-0.125485,-0.000921,-0.392079,0.456290,0.008441,0.072450,-0.190671,0.049412,0.180206,0.066355,0.058177,-0.036563,0.093170,-0.092908,0.397177,0.430288
0.257125,-0.184159,-0.302596,0.241455,-0.311245,-0.037231,0.275073,0.246612,0.010837,-0.011071,-0.301673,-0.014556,0.105870,0.245242,-0.266029,-0.254180,-0.155142,-0.298570,0.015215,-0.322072
0.407506,0.579062,0.307396,0.009207,0.290896,0.218579,0.027169,0.233921,0.139481,0.255468,0.129562,-0.025978,0.075337,-0.031443,-0.100551,0.112813,-0.022638,-0.169336,-0.075753,-0.222683
0.072369,0.162062,0.157054,0.199365,0.365326,0.015339,0.029370,0.137249,-0.000332,0.116562,0.188761,0.006257,0.141805,0.046112,0.468258,0.226558,0.411249,0.471758,0.095085,0.088770
0.220542,0.220013,-0.020825,0.225047,0.162664,0.050726,0.060193,0.403461,0.187970,0.048009,0.201711,0.391682,0.100835,0.314960,0.278759,0.134317,-0.406008,0.203728,0.105962,0.044819
-0.182123,-0.220930,-0.124723,-0.301477,-0.035976,0.189260,-0.240058,-0.315900,-0.339316,0.259545,0.124466,-0.252866,-0.104008,-0.284876,-0.243840,-0.232473,-0.098678,0.222000,-0.271706,-0.129582
-0.332194,-0.299371,-0.134628,0.100185,0.342875,0.151558,-0.294369,-0.278183,0.339326,-0.159936,-0.051040,-0.140096,-0.305665,-0.069656,0.019655,-0.050071,-0.301673,-0.292448,-0.116259,-0.114505
0.132220,0.169793,0.373642,-0.331122,0.008935,-0.420635,-0.214384,0.268404,0.063216,0.245134,-0.392246,0.000990,0.146392,0.138913,-0.105471,-0.013739,0.324334,0.156335,0.062745,0.076613
0.105032,0.587853,-0.029885,0.039721,0.380933,0.044678,0.186216,-0.047736,-0.071716,0.282448,-0.192014,0.240463,0.293653,0.000283,-0.072232,0.348885,0.081564,0.197961,0.135061,-0.000959
-0.007070,0.352184,0.244329,0.127149,-0.431532,0.097200,0.396487,0.092698,-0.461221,0.033555,0.194144,0.034922,0.234673,0.057325,-0.253056,0.182181,0.084350,0.042590,0.091096,0.114087
-0.257506,-0.277168,-0.268302,0.144401,-0.307405,-0.176293,-0.210161,-0.147647,-0.264023,-0.292856,0.119642,0.129521,-0.313347,0.265571,-0.008982,0.282437,-0.122909,0.293450,-0.154967,0.110112
0.204940,0.372672,0.347326,-0.210462,-0.227078,0.307095,-0.010208,0.273112,-0.095698,-0.043018,0.007323,-0.381577,0.149925,0.043120,0.342204,0.212175,-0.208240,-0.188401,-0.098360,0.044306
