0.341016,0.341792,-0.120943,0.402747,-0.000152,-0.213334,0.161094,-0.259766,0.367268,-0.170241,0.216274,0.095217,0.026641,0.316569,-0.048495,-0.054809,-0.323136,0.046786,-0.086697,0.104884
0.080132,0.224447,0.136904,0.066308,0.336227,0.019109,0.131707,0.069924,0.094217,0.363451,0.161716,0.262134,-0.113100,0.235508,0.208731,0.033117,0.273319,-0.387224,0.193391,-0.416662
0.269981,0.105644,0.344786,0.382446,0.003162,0.136666,0.074240,0.221215,0.163072,0.311631,0.353545,0.051538,0.067857,-0.151964,0.261090,0.129025,0.044466,0.219114,0.398388,0.071421
0.668285,0.170927,-0.123123,0.066806,0.394063,0.051338,0.116053,0.032365,0.066591,0.154534,0.025893,-0.017906,0.062795,0.081206,0.120353,-0.044742,-0.465170,0.026282,0.198070,0.139584
0.126137,0.056888,-0.358137,0.092333,-0.006168,0.063210,0.253553,0.080792,0.217542,-0.387675,0.192501,0.037619,-0.025815,-0.429860,0.413936,0.052471,-0.310475,-0.209365,0.133672,0.124451
-0.027568,-0.289251,-0.302433,0.132656,0.050165,0.180811,0.256258,0.270148,0.078633,0.201111,0.178983,0.124109,-0.271214,0.302947,0.181199,0.305001,0.096131,-0.210544,-0.282310,0.337824
0.113838,-0.202279,0.265535,0.152532,-0.195547,0.282955,0.349137,-0.030141,0.000740,0.233518,-0.242667,0.321326,0.000430,0.188675,0.149722,0.308134,0.441799,-0.053034,0.050155,0.202723
0.103617,0.105935,0.198333,0.061513,0.029120,0.047882,0.191634,0.145775,0.053916,-0.728710,-0.405246,0.067946,0.029551,0.013768,0.072056,0.289673,0.185638,0.063348,0.096648,0.181826
0.042136,0.067250,0.196598,0.152196,-0.039776,0.392876,-0.352051,0.046841,0.078165,0.165420,-0.132634,0.060322,-0.400266,-0.271127,-0.305614,0.174605,0.335495,-0.012013,-0.330824,0.123932
-0.000273,-0.314419,-0.323665,-0.257965,-0.248095,0.294468,-0.120580,-0.234408,-0.269208,-0.275801,-0.242682,-0.035261,0.102118,0.141323,-0.281220,-0.242042,0.130078,0.247983,-0.205274,0.121605
0.138799,0.237625,-0.009461,0.279054,0.059838,0.073382,0.312878,-0.142788,-0.299829,0.291681,0.111724,0.311358,0.308604,0.227281,-0.151907,-0.080271,-0.283811,0.235187,0.262234,0.231561
-0.289492,0.062094,-0.435762,-0.020451,0.014362,-0.032650,0.181953,0.055334,0.017403,0.028102,-0.258615,0.104042,-0.009291,0.311361,-0.068979,-0.248043,-0.472851,0.047726,-0.053626,-0.462314
0.376343,0.242144,0.382364,0.288408,0.182140,0.154080,-0.163197,0.028940,0.057118,0.432719,0.165838,0.262884,-0.053924,0.259129,-0.211263,0.063668,-0.171644,0.196490,0.047197,-0.099033
0.145993,0.036055,0.452549,0.098605,-0.416282,0.013352,0.097066,0.072205,0.020610,0.148678,0.321318,0.088399,0.008745,0.003199,0.054636,0.041646,0.131953,0.068661,0.189224,0.615168
0.152956,-0.320180,-0.256326,0.213552,-0.041876,-0.290973,0.177694,-0.041241,-0.168316,0.316689,-0.250619,0.117028,-0.323965,0.241641,-0.100100,0.192925,-0.248943,0.003867,-0.319148,0.252057
0.257865,0.023946,0.350949,0.258657,0.210936,0.060420,0.213508,-0.028991,0.404249,-0.164837,0.074682,-0.020468,-0.037497,0.000365,0.088886,0.143807,0.379046,0.105527,0.427413,0.290219
