-0.204511,-0.321364,0.093725,0.120959,0.348457,-0.398965,0.255687,-0.193034,-0.006305,0.209197,0.175387,-0.337767,-0.246554,0.073465,0.153825,-0.073340,0.027413,-0.007072,-0.398469,-0.069259
0.193997,-0.049514,0.546400,0.376908,-0.052810,-0.015957,0.080216,0.001836,0.090157,0.263396,0.182288,0.189138,0.330971,0.020853,-0.221281,0.378085,0.137409,-0.023283,-0.187369,0.083017
-0.373354,0.031557,0.394089,0.147475,0.369167,0.081460,0.046439,-0.116151,-0.286217,0.174066,0.182697,0.290890,0.310186,-0.125222,0.058706,0.281813,0.033702,0.253205,0.168906,-0.072357
0.144982,0.019138,0.061063,0.405532,-0.386867,-0.329056,0.105009,0.011746,0.087530,0.177543,0.281695,0.275792,0.319965,0.154304,0.033335,0.253717,0.097534,-0.337756,0.133503,0.116781
0.149531,-0.334306,-0.254000,0.237213,-0.017233,0.275814,0.202332,0.066824,0.002845,-0.254661,0.207250,-0.210860,0.141604,0.255222,-0.503853,0.182625,0.107967,-0.030233,-0.110043,0.271948
0.333545,0.304305,0.061708,0.224436,-0.204806,0.337991,0.139907,0.200301,0.296699,-0.016201,0.208937,-0.064634,0.089245,0.252917,-0.288426,0.039781,-0.228458,0.297528,0.278200,0.123085
0.049144,-0.087409,-0.247476,0.249840,-0.168271,0.143666,0.195014,0.033289,0.074201,-0.064959,0.550847,0.426104,0.400902,0.092914,-0.205024,0.171748,0.009815,0.155346,0.135361,-0.004952
0.577668,0.047149,0.228072,-0.156044,0.002973,0.115227,0.186265,0.178315,-0.019980,0.237242,0.088786,0.185209,0.108147,-0.002449,0.045234,0.162009,0.124598,-0.214976,0.128812,0.539201
0.137469,-0.116650,0.461663,0.041850,-0.337937,0.247134,-0.040138,-0.019443,-0.129717,0.331711,0.012786,0.154527,0.139084,0.352792,0.089905,0.291374,-0.175088,-0.125914,-0.364064,-0.092753
0.183615,0.049198,-0.329024,0.027515,0.190814,0.372286,-0.229379,-0.287562,-0.290339,-0.059177,-0.013373,0.299768,-0.238364,-0.171705,-0.195140,0.052180,-0.329233,-0.302391,0.134147,-0.147536
0.275832,0.319160,0.074597,-0.160512,0.087293,-0.160381,0.281862,0.248142,0.193043,-0.361686,-0.099813,0.191691,-0.207885,0.337906,0.265718,0.103027,-0.110246,0.190610,0.270573,0.203121
0.054901,-0.336939,0.234961,0.189377,-0.472872,-0.008764,0.107500,0.001994,-0.189291,0.174803,0.281129,0.205975,0.432268,0.241772,0.164885,0.163323,0.185292,0.070151,0.144566,-0.099855
0.029595,0.003463,0.224136,0.245121,-0.153460,0.147535,0.255489,-0.173224,0.143445,0.103718,0.326547,0.253597,0.212607,0.247080,-0.091729,0.324519,-0.230893,0.105438,0.366566,0.356566
-0.534562,-0.335868,-0.201172,0.377727,0.033232,0.100511,0.019211,-0.246461,-0.001892,0.198365,0.247261,0.142329,0.061156,0.059464,0.054767,0.230522,0.305515,0.048108,0.240418,0.091384
0.265138,-0.189199,0.102241,0.238313,-0.177348,0.118624,-0.091298,-0.233041,-0.222652,-0.266981,0.305964,0.226675,0.106970,-0.228401,0.229812,-0.242735,0.295630,-0.379490,0.185316,0.107465
-0.126105,0.174127,0.141551,0.412744,0.090225,0.017511,-0.057988,0.147516,0.255161,-0.238398,0.479314,0.197174,0.365126,-0.025495,-0.197174,0.089352,-0.098695,0.178887,0.340861,-0.022274
