0.220457,0.025851,0.103372,-0.255585,0.003629,0.382218,0.072958,-0.328106,0.146656,0.369421,0.373243,0.181908,0.081938,0.094307,-0.058876,0.067940,0.278108,0.021599,0.372437,-0.212250
-0.021989,0.096534,0.095849,0.017599,-0.282408,-0.059847,0.186669,-0.358708,0.144999,0.265601,0.312304,0.136070,-0.124238,0.249846,0.242664,0.294014,0.169833,0.237498,-0.365532,0.290139
-0.052404,0.286712,0.168453,0.344288,-0.006826,0.189304,0.171932,0.061076,-0.150172,0.204756,0.224167,-0.439937,0.178930,0.388084,0.089864,0.199020,-0.367553,-0.010269,0.155717,0.030581
0.133123,-0.000032,0.390468,0.123242,-0.289646,0.062312,0.416206,0.064563,0.060523,0.128691,0.281531,0.119348,0.033218,0.064017,0.085259,0.076836,-0.152492,0.085798,0.621465,0.022701
-0.012490,0.050925,-0.126345,0.150902,-0.302284,0.096594,0.227627,-0.197057,-0.035694,0.178262,-0.036512,0.260137,0.114875,0.119881,0.401992,0.097855,0.100304,0.051107,-0.426447,0.521381
0.260650,-0.106632,0.149215,-0.307312,-0.072439,0.304199,0.285802,0.033517,0.232406,-0.111009,0.216769,-0.340285,0.175882,-0.335937,-0.226075,-0.154313,-0.319532,-0.073399,0.050340,0.256017
0.252790,0.185731,0.294662,0.136869,-0.086968,0.076748,0.223251,-0.053124,0.195773,0.349562,0.436044,0.026171,0.332404,0.270637,-0.277143,0.325622,-0.105494,-0.009329,0.025851,-0.011268
0.164565,-0.000135,0.149543,-0.454312,0.026989,0.102115,0.049584,0.020712,-0.238736,0.187204,0.341494,-0.037647,0.373083,0.160478,0.076653,-0.281333,-0.348060,0.016199,-0.074159,-0.378366
0.331778,0.051926,0.081316,0.158578,0.339365,0.135464,0.074867,-0.218361,0.010624,0.291818,0.297037,-0.312759,-0.107351,0.000125,-0.333868,0.042903,-0.246856,0.302292,0.289242,-0.191130
-0.218863,-0.240281,0.031447,0.081203,-0.306290,-0.189014,-0.079761,-0.277896,-0.249804,0.223216,0.344034,-0.318661,-0.272581,-0.107483,0.225823,-0.146456,0.181131,-0.301846,-0.238642,0.048514
-0.183112,-0.216502,-0.027006,-0.236957,0.102905,0.192789,-0.007085,0.220274,0.374616,-0.354178,-0.185049,-0.196372,-0.282783,0.266402,0.161994,-0.022356,-0.249420,0.121531,0.293005,0.295459
-0.122701,0.413062,0.390585,0.092070,0.146972,0.104596,0.112155,-0.041068,0.098339,0.434697,0.307009,0.130393,0.237705,0.148314,0.109071,0.080685,-0.061405,-0.236194,0.000807,-0.374339
-0.352526,0.045365,0.242856,0.063621,0.184234,0.088105,0.274494,0.191491,0.238845,0.231781,0.296869,0.155605,0.192674,0.007695,0.210364,0.230904,0.293849,0.074101,0.376437,0.255954
0.173366,0.021201,0.427967,-0.083717,-0.082633,0.459800,0.053531,0.035110,-0.027540,0.053427,-0.302169,0.077649,0.079048,0.070274,0.512223,0.092176,0.109497,0.036636,0.392011,0.083539
-0.104432,-0.003157,-0.139369,-0.071957,-0.128859,-0.328152,0.235949,-0.170590,0.296236,0.118250,0.165242,0.368224,-0.283364,-0.087029,-0.332605,0.336739,-0.114632,0.213687,0.328478,-0.110448
0.202776,-0.086183,0.059590,0.308900,-0.106995,0.150799,0.367275,0.119203,0.315440,0.417249,0.216019,0.061232,-0.234070,0.270369,0.154211,-0.157769,0.315868,0.251566,-0.070279,-0.025012
