0.056598,0.005371,-0.078716,-0.197363,0.436707,0.095017,0.385482,0.382782,-0.148549,0.160866,0.034115,0.045844,0.230913,0.184749,-0.155595,-0.124047,-0.254747,-0.347604,0.246968,-0.178276
0.154334,0.072723,0.299756,0.214387,-0.189696,-0.032054,-0.198521,0.453522,0.098638,0.273803,0.409491,-0.161907,0.201948,0.034513,0.033282,0.340800,0.079483,-0.196150,0.234971,0.123073
0.069245,-0.046013,0.209609,0.256695,-0.027443,0.223406,0.069156,0.450028,0.280137,0.257847,0.397404,0.059567,0.070370,0.038834,0.099993,0.257023,0.057787,0.136953,0.356702,0.294954
0.364485,0.023929,0.057491,0.113968,-0.069668,0.046909,0.055925,0.386901,0.043599,-0.367725,0.303301,0.032688,0.053237,-0.379107,-0.073839,0.167893,0.189373,-0.000461,0.121725,0.478906
0.123343,0.308691,0.078981,0.068905,0.323527,0.110525,-0.288254,0.089967,0.054553,0.116428,0.375689,-0.095675,0.090157,0.204627,-0.340652,-0.064583,0.350109,-0.318616,0.293254,0.152667
0.022457,0.269884,-0.310945,-0.192563,-0.307581,0.229384,0.099319,-0.129793,0.180700,0.201022,-0.291430,-0.268136,0.214653,0.272077,-0.215051,-0.181945,-0.215667,0.237111,0.155881,-0.250163
0.073232,0.187736,0.501917,0.372324,-0.157095,0.255555,0.148566,0.192192,0.069152,0.347251,0.222963,-0.070973,-0.055526,-0.020931,-0.136141,0.305931,0.153879,0.111156,0.216123,0.203329
0.127512,0.385274,0.068260,0.045684,0.048652,0.090765,0.022805,0.016271,0.164352,-0.175522,0.413845,-0.249283,-0.656596,0.150346,0.023202,0.138145,0.159017,-0.005797,-0.117623,0.115927
-0.009922,-0.373150,0.092687,-0.134224,0.400626,-0.164093,0.058117,0.039050,0.193133,0.364476,0.249044,-0.299681,-0.067218,0.338786,0.235437,0.016655,0.125941,-0.074588,-0.271118,0.223199
-0.288314,-0.290614,-0.308204,0.081738,0.239547,0.232684,0.055871,-0.046009,0.019048,0.242831,-0.238752,-0.253688,0.266052,-0.137233,0.188577,0.269651,-0.288125,0.227702,0.159513,0.274039
-0.231288,0.224416,-0.128160,-0.189757,0.306138,-0.284956,0.029272,0.331675,0.012919,-0.249104,-0.340820,-0.100087,0.192076,0.358398,0.053330,-0.278461,-0.194455,-0.118011,0.239468,0.121324
-0.048645,0.078188,-0.182996,0.109143,0.337832,0.045008,-0.252663,0.110674,0.267558,0.393460,0.095799,0.244405,0.228624,0.317873,-0.337323,0.107868,-0.178518,0.125184,-0.312305,0.186440
0.231604,-0.101903,0.166488,0.305610,0.043276,0.058432,-0.095200,0.399266,-0.060826,-0.324532,0.310011,0.192166,0.166469,-0.353018,0.037404,0.371439,-0.176255,0.149602,0.182044,0.144063
0.486035,0.060614,0.097165,0.052526,-0.040902,0.059334,0.080610,0.262334,0.031500,0.170429,0.251029,0.026225,0.048894,0.118033,0.022692,0.635442,0.241033,0.207238,0.130691,0.186804
-0.065996,-0.211128,0.277741,-0.141488,-0.041151,0.073403,-0.124878,-0.266265,-0.276928,0.039695,-0.235770,-0.325149,-0.041241,0.340429,0.354819,-0.101764,0.187204,-0.349931,0.314296,-0.103146
0.090381,-0.203904,0.421828,-0.188541,0.002724,0.324812,0.023531,0.395968,0.068933,0.289071,0.195924,-0.083393,-0.223920,-0.118250,-0.260680,0.050026,0.312776,0.106002,-0.275321,0.144268
