0.037850,0.225275,-0.056148,0.254058,0.376082,0.067352,0.204750,0.223847,0.356236,0.091453,-0.159469,-0.005242,-0.228294,0.003168,0.387879,0.379622,0.258489,-0.008951,0.088596,0.244853
0.357211,0.051787,0.091540,0.230537,-0.095586,-0.293153,-0.006184,0.281106,0.061802,0.336953,0.457112,0.024298,0.130828,-0.076223,0.191993,0.302274,0.094697,0.115426,0.228082,0.285815
-0.203067,-0.262550,-0.113018,0.248393,-0.122392,0.042829,0.436350,0.344330,-0.034616,0.008011,0.447326,0.023847,0.145724,0.102151,0.169651,-0.271768,0.248246,0.043777,0.178082,0.241006
0.081376,-0.061334,-0.102656,0.221395,0.140963,0.322905,-0.002065,0.426271,-0.222997,-0.017861,0.534262,0.024784,-0.268217,0.132866,0.063101,0.157547,0.060059,0.382809,0.034470,0.135581
-0.228741,0.008731,0.210714,0.134994,0.022249,0.139262,0.281375,0.157323,-0.478334,-0.326084,0.212988,-0.058365,-0.106501,0.012882,0.036157,0.368661,0.119643,-0.005181,0.183026,-0.425082
0.119410,-0.252236,0.178884,-0.303936,-0.273506,-0.256840,-0.066930,0.304556,0.175801,-0.277225,-0.144646,0.265726,0.093214,-0.105727,-0.175197,-0.296240,0.118037,0.276284,0.300197,0.204304
0.022901,0.152984,0.417499,0.021425,0.116573,0.324090,0.010667,0.203914,0.245161,0.099132,0.496588,0.036706,-0.068694,0.266338,-0.032156,0.304602,0.376632,0.087773,-0.040629,0.049323
0.178242,0.279781,0.097440,0.115551,-0.462047,0.095591,0.079283,0.152263,0.287562,-0.302421,0.634394,-0.001610,-0.000429,0.023516,0.019732,0.093236,0.068348,-0.095850,0.061175,0.105669
0.136255,-0.002950,0.197663,0.274485,0.012306,0.393571,-0.267349,0.218420,0.206408,0.206970,-0.301000,0.096082,0.055735,-0.278943,0.120688,-0.347730,-0.201936,0.318854,0.069110,-0.209493
0.252082,0.308225,0.158852,-0.273136,-0.319195,0.104217,-0.117375,-0.195916,0.232404,-0.131550,-0.288015,0.059885,0.210101,-0.203305,-0.248507,0.186777,-0.164263,0.264273,0.208685,-0.310427
0.173428,0.321568,0.259837,-0.302356,-0.030198,-0.355025,0.022637,-0.214619,-0.327833,-0.119220,-0.050614,-0.161632,0.119438,0.163403,0.367930,0.066902,-0.174734,-0.249515,0.104164,-0.315000
-0.081028,-0.013120,0.074992,0.106547,0.011269,0.130852,-0.054375,0.242447,0.121761,0.118685,0.243727,0.087152,-0.288302,0.133918,0.040271,-0.481629,-0.505171,0.321722,0.077897,-0.319342
0.013524,0.118673,0.063282,0.274700,-0.108252,-0.385610,-0.196012,0.343239,-0.106987,0.276508,-0.365575,0.100370,-0.055671,0.374947,0.116730,0.145228,0.244104,0.159526,0.197810,0.235443
0.095111,-0.010986,0.080352,0.125573,0.028230,0.163075,0.055580,-0.198658,-0.001068,0.063877,0.030804,0.564521,0.270759,-0.009926,-0.073442,0.189472,-0.444014,0.489255,0.066014,-0.139180
-0.294240,0.275764,0.177387,0.247319,0.017276,-0.320823,-0.235153,0.294593,0.161305,-0.298599,-0.020968,0.267254,0.072812,0.209895,0.189692,-0.298204,0.063431,-0.221200,0.080729,-0.280455
0.276906,0.029067,0.183674,0.125869,0.120108,0.265354,0.162334,0.346458,-0.151034,0.074746,0.497698,0.240473,0.263619,-0.155844,0.042467,0.343439,0.034117,-0.059172,0.294549,0.052774
