-0.000285,0.421486,0.168598,-0.008074,-0.019536,-0.243579,0.442547,0.026483,-0.322495,-0.259791,0.377083,0.201475,0.229144,0.076546,0.001830,0.223922,0.112309,-0.061503,0.126601,-0.205876
0.495721,-0.060237,0.092387,0.152459,0.067383,0.132540,0.299291,0.095475,0.335595,0.196739,0.301806,0.090513,-0.135325,0.112882,0.053357,0.446842,0.089741,-0.006822,0.090015,-0.312526
0.057372,0.014008,0.227730,0.135992,0.218976,0.109729,0.212963,0.080875,0.153752,0.004162,0.407076,0.112090,-0.168481,0.442855,0.534252,0.087496,0.267537,-0.043650,0.085125,0.118428
0.456482,0.048576,-0.088119,-0.320966,-0.006575,0.184754,0.179071,0.102799,0.456720,0.087502,0.297618,0.271450,0.044498,0.017986,0.178930,0.114580,-0.026661,0.094167,0.085897,0.398439
0.084543,0.058628,0.095745,0.064413,0.071878,-0.232748,-0.092589,0.097216,-0.217715,0.365291,0.061463,0.522401,0.014082,0.487359,0.028633,-0.076727,0.246322,0.223819,-0.279153,0.089996
0.124821,-0.191099,-0.278191,-0.105866,-0.183812,0.316814,0.240126,0.313468,-0.177668,-0.243356,0.312645,-0.045638,0.244335,0.334721,-0.329468,-0.132444,-0.117395,-0.008878,-0.256876,-0.030506
0.313366,0.159593,0.090271,0.311222,-0.002501,0.188678,0.366593,0.224191,0.515807,0.014872,0.284830,-0.095836,0.104858,0.264208,0.119291,-0.244838,0.130954,0.025992,0.030467,-0.144030
0.077831,0.072732,0.135300,-0.011189,-0.008100,0.101969,-0.356975,-0.096263,0.141786,-0.103005,0.291164,0.129400,0.487202,0.302542,-0.026660,0.248019,0.280644,0.040353,0.086635,0.460227
-0.258986,0.045281,0.191990,0.094085,0.277761,0.284767,0.005081,0.080184,0.310880,-0.037197,0.418023,0.320451,0.256746,0.052660,0.141313,0.271675,0.189752,0.347501,0.159528,0.017969
0.172647,-0.231426,-0.089182,0.318010,0.221284,-0.214287,-0.314978,0.266162,0.143890,0.023204,-0.123723,-0.066455,0.205526,-0.274587,-0.227470,0.359469,0.274365,-0.238182,-0.022037,-0.265621
-0.223230,-0.321429,-0.141137,0.214101,0.030899,0.159947,-0.282961,-0.177904,0.302232,0.212804,-0.318571,0.107173,-0.040580,-0.096342,0.286955,-0.159092,-0.317387,0.245042,0.335837,-0.032952
0.157180,0.022469,0.128615,-0.289148,-0.117241,0.191096,0.099942,0.400796,0.089426,0.113163,0.251132,0.415832,0.003765,0.032556,-0.181433,-0.077642,0.151505,0.323675,-0.287752,-0.382654
-0.021733,0.196376,0.350099,0.500965,0.364317,-0.004506,0.076464,0.292627,0.237411,0.077625,0.026405,0.164423,-0.215163,0.037414,-0.037421,0.339136,0.265352,0.053741,0.172321,0.077329
0.137220,-0.018500,0.176369,0.070477,-0.044502,0.147875,0.148474,0.405175,0.554577,0.123825,-0.120376,-0.135363,0.093955,0.073855,0.038005,0.544038,-0.230418,0.067715,0.055247,0.081002
0.125820,0.304787,-0.313256,0.017952,0.109593,0.197195,-0.232937,0.216361,-0.203705,-0.306604,-0.259827,0.196151,-0.071765,-0.257921,-0.274028,-0.311730,-0.285625,-0.162544,-0.199514,-0.087281
0.077460,-0.088561,0.225865,0.351998,-0.217426,0.266365,0.186568,0.199611,-0.078018,-0.027711,0.066318,0.412558,0.228775,0.269829,0.224603,0.389761,0.156932,0.199464,-0.011077,-0.211810
