0.282521,0.069483,0.020660,0.373052,0.000388,-0.246648,-0.157778,0.254258,0.134324,0.302113,0.155674,0.270838,0.134343,0.093644,0.058832,0.430513,0.060720,-0.003309,0.128846,0.427271
0.161617,0.364477,0.098062,0.253751,0.159235,0.222566,-0.044913,-0.332444,-0.074415,-0.200062,0.324440,0.136055,0.159757,0.161814,0.046275,0.574843,-0.005530,-0.067559,0.085264,0.118799
0.093580,0.219729,0.251233,0.032783,-0.231036,0.242229,0.113728,0.095862,0.326656,0.041459,0.224610,0.361493,0.082383,0.144563,0.164902,0.156795,0.231572,0.160705,-0.452425,0.302390
0.261137,0.445064,0.147512,0.085417,-0.083215,0.010275,0.094825,-0.342730,-0.114735,0.187369,-0.229942,0.425759,0.003270,0.021050,-0.434327,-0.001945,0.186284,0.002409,-0.226561,0.116766
0.203109,0.156322,0.151825,0.458040,-0.171418,-0.168156,0.222836,0.128826,-0.166792,0.125081,-0.113590,0.503044,0.056276,0.109126,0.144976,-0.173849,-0.234846,0.051393,0.072738,0.372456
0.211585,-0.282794,0.214225,-0.211313,0.285120,0.117682,-0.246398,-0.236027,-0.326472,-0.327247,-0.255659,0.001648,-0.139743,0.027708,-0.299097,0.092316,-0.218816,0.126181,-0.258526,0.212593
-0.099143,0.369659,0.164243,-0.019305,-0.124800,-0.253039,0.158805,-0.054404,0.287904,0.302170,-0.078938,0.383767,0.266702,0.283174,0.127596,-0.129460,0.030067,-0.203543,0.326032,-0.240205
0.165498,0.072187,0.064847,-0.310465,0.010465,-0.038461,-0.003226,0.090628,0.029744,-0.105682,0.069801,0.427675,0.006899,0.035723,-0.339522,-0.529229,-0.364436,0.029897,0.107930,0.339298
-0.441703,0.054358,0.027495,0.119907,0.013320,-0.383212,0.106238,0.208833,0.378358,-0.208802,-0.060603,0.045052,0.050561,0.092252,-0.383014,0.098089,0.405844,0.148408,0.127817,0.148222
-0.142928,-0.207315,-0.248186,0.029759,-0.037388,0.252829,-0.333334,-0.219398,0.302815,-0.325749,0.273019,0.216287,0.028206,-0.201996,0.102277,-0.287015,-0.274870,-0.234768,0.078048,0.243343
0.184850,-0.130016,0.180161,-0.196511,-0.235935,0.273731,-0.192483,-0.234525,0.015616,-0.238096,-0.263909,0.307063,0.242615,0.283582,0.220326,-0.280077,-0.165286,-0.289437,0.196392,-0.135674
0.346005,-0.324592,-0.076481,-0.277394,0.001515,0.054904,0.056833,0.346181,0.285890,0.126154,0.060780,-0.355696,-0.199826,0.097748,-0.362689,0.171538,-0.149402,-0.095953,-0.304686,-0.057959
0.159097,0.169843,0.162119,0.443266,-0.109734,0.073398,-0.092494,0.222979,-0.443491,-0.449825,-0.165726,0.002958,-0.246382,0.005205,0.107739,0.316996,0.026254,-0.142313,-0.054191,0.155453
-0.275875,0.462207,0.149317,0.145617,0.014930,-0.327105,0.068787,0.114704,0.006106,-0.379819,0.278208,0.062283,0.017386,-0.069051,0.031755,0.155054,0.145925,-0.438399,-0.260044,0.069565
-0.329823,-0.243764,-0.005658,0.235205,-0.204850,-0.234095,-0.233402,-0.072214,0.301856,0.330332,-0.069832,0.078988,-0.235317,-0.162741,0.085143,0.048090,-0.270297,0.282566,0.256851,0.313589
0.044876,0.050198,0.387226,0.259960,-0.286659,0.447583,0.231759,-0.011268,0.173640,0.028993,0.192054,0.065440,0.107641,0.265126,0.137845,0.064795,0.078140,-0.206059,-0.125802,-0.447181
