-0.159835,0.285222,0.150493,-0.320189,0.002475,-0.395357,-0.150042,-0.265344,0.284993,0.060065,0.070025,0.172800,0.082657,-0.225254,0.178469,0.160144,-0.326298,0.371262,-0.186483,-0.070395
0.281766,-0.375768,-0.093235,0.207025,0.134122,0.086983,-0.370875,0.208090,-0.022182,0.157938,0.367802,0.325072,0.134165,0.150688,0.071522,0.257902,0.109501,-0.128969,0.324746,0.092974
0.555038,0.115423,-0.263350,0.119363,-0.105056,0.267018,0.125212,0.112498,0.107054,0.268002,0.134174,0.172757,0.079255,0.187289,0.365581,0.205784,-0.058692,0.107180,-0.256264,0.235049
0.159081,0.084485,0.154554,-0.078417,-0.010832,0.118525,-0.158240,0.119100,-0.470597,0.155316,-0.451775,0.271325,-0.461829,0.055975,0.248084,0.158868,0.045130,-0.002809,0.183807,0.147622
0.228498,-0.269841,0.262879,-0.169035,-0.008797,0.123285,-0.095904,0.072001,0.405630,0.109423,0.157638,0.046298,0.266648,0.465873,0.114746,0.120958,0.422534,-0.054467,0.190306,-0.102375
0.145085,0.284995,0.178911,0.005254,-0.243807,0.226810,0.035800,0.148500,-0.192134,-0.279312,-0.276244,-0.185681,-0.256831,-0.280648,0.305971,0.210421,-0.100260,-0.279441,-0.242345,-0.276157
0.315472,-0.124054,0.212511,0.210764,0.230529,-0.057688,-0.015983,0.140542,0.362730,0.196089,0.317790,0.237641,0.121304,0.168304,0.341121,0.287440,0.284509,0.114389,0.115976,0.205017
0.452838,0.084868,-0.174115,0.155976,-0.277972,0.051727,0.011509,0.328969,0.106492,0.487190,0.186709,0.128193,0.019202,0.346266,0.088426,0.245269,0.192178,0.007579,0.121748,0.068911
0.073311,0.072432,0.275176,0.065874,0.344321,0.341943,0.147461,0.020572,0.281936,0.274881,-0.300281,-0.179961,0.309785,0.023696,-0.341875,-0.130105,0.158446,-0.057268,-0.001224,-0.339625
-0.160505,-0.264916,0.209692,0.270618,0.222359,0.200633,-0.248812,0.135472,0.288448,-0.272967,-0.249932,0.103626,0.173692,-0.221622,0.292536,0.293819,-0.238227,-0.034216,-0.230278,0.154385
0.303886,-0.229213,-0.262214,0.198880,0.272651,-0.315605,-0.275506,-0.190193,-0.263072,-0.042314,-0.280898,0.226851,-0.047515,0.153516,-0.132915,-0.031289,0.214020,-0.090260,-0.287862,0.279527
0.040694,0.092935,0.052839,-0.311246,0.011171,0.055894,-0.388514,-0.142307,-0.102804,0.145208,-0.228899,0.188334,0.022110,-0.147485,-0.360509,-0.411890,-0.291128,0.009390,0.173199,-0.399222
0.021114,0.023299,0.443553,0.169426,0.056086,-0.360020,0.124314,-0.497345,-0.001332,0.070713,0.324639,0.152619,-0.062479,-0.129196,-0.033333,0.201523,0.086966,0.087662,0.122875,0.389425
0.452636,0.337288,0.547990,0.092409,0.030724,-0.305796,0.031230,0.071384,0.067134,0.072811,-0.367924,0.000717,0.029409,0.044935,0.254721,0.161678,0.112588,-0.003191,0.072033,0.122641
-0.191622,0.274407,0.132175,0.254350,-0.038174,0.144524,0.223508,0.081519,0.234001,0.309579,-0.311898,-0.032096,-0.062103,0.291878,-0.196427,-0.298222,-0.224545,0.270307,-0.182370,0.323501
0.036021,-0.054708,0.295382,0.007373,-0.185469,0.332443,0.350728,0.299443,-0.242591,0.408166,0.042711,0.134440,0.276402,0.024348,0.017218,0.249040,0.014367,-0.009339,-0.336544,0.229347
