0.086724,0.060632,-0.407507,0.321861,-0.014025,-0.411937,0.157876,0.240773,0.069996,0.353587,0.206037,-0.348664,-0.002033,0.294110,-0.132636,0.207078,0.090718,0.005688,0.047124,0.122305
0.409292,-0.077312,-0.348393,0.325111,-0.219504,0.038108,-0.244168,0.478751,-0.054600,0.028294,-0.061482,0.187306,0.186988,-0.022511,0.120899,0.174259,0.179925,-0.158143,0.032684,0.281822
0.355020,0.113862,0.176855,0.239397,0.039603,-0.648000,0.221600,0.204714,0.039383,-0.256008,0.253404,0.121381,0.080293,0.234520,-0.068076,-0.094363,0.134397,0.045594,-0.111989,0.078838
0.342433,0.007809,0.143739,0.166725,0.000464,-0.126005,0.468914,0.337687,-0.003052,-0.390167,-0.096141,0.026985,0.177769,-0.085047,0.060416,0.180028,-0.367422,-0.041735,0.024346,-0.331650
0.182346,-0.293361,0.393321,-0.388727,-0.190272,0.054328,0.359049,0.204719,0.040900,0.099908,0.334746,0.129378,0.184091,0.126607,-0.191006,0.364695,0.037988,-0.035188,0.024329,-0.042110
0.089392,0.075346,-0.106779,0.148617,-0.300083,-0.108938,-0.121918,0.145171,0.051679,-0.409701,0.283744,-0.259432,0.236384,-0.029030,0.043045,0.361407,0.095462,0.328082,-0.074424,0.430312
0.124115,0.170530,0.374811,-0.365073,-0.055046,0.424320,0.123960,0.118693,-0.310609,0.280654,0.150167,0.280220,-0.046083,0.181329,0.006105,-0.008342,-0.046082,-0.014469,0.371401,0.132368
0.156941,0.061676,-0.005130,-0.137610,0.111310,0.038307,-0.315110,0.491179,0.198696,0.377016,0.335578,0.192750,0.154272,-0.225989,0.004706,-0.218352,0.120134,-0.067962,0.348735,0.059750
0.076061,0.063069,0.161567,0.290727,0.252533,-0.386008,-0.268818,0.250982,0.032716,0.334071,0.294578,0.096182,-0.238899,0.052304,0.155125,0.246198,0.120592,-0.002947,0.031629,0.403538
0.249645,0.036129,-0.279879,0.315493,0.285975,-0.232116,-0.134672,-0.129459,0.130184,0.316281,-0.291494,-0.121551,-0.058322,0.054640,-0.241699,0.334138,0.211180,0.275173,0.254416,-0.098619
-0.265949,0.256490,-0.165785,0.301411,-0.024319,-0.093388,-0.123259,0.169343,-0.190980,-0.295318,-0.254296,-0.164912,0.325421,0.254608,-0.275801,-0.153230,0.154127,-0.232289,-0.274118,0.230859
0.013563,0.357539,-0.170800,-0.284564,0.001772,-0.342978,-0.182321,0.266619,0.044249,0.094400,0.215795,-0.130837,-0.346924,0.095634,0.367543,-0.134549,0.080084,-0.095272,0.162244,0.375243
0.004159,0.460171,0.020754,0.384034,-0.189887,0.338634,0.053185,0.032817,0.161568,0.143056,0.204012,0.373696,-0.050118,0.106671,-0.065849,0.241680,0.219936,0.191370,-0.009974,0.310015
0.183965,0.026744,0.236101,0.099176,-0.040445,0.352009,-0.101008,0.316336,0.016168,0.142552,0.213423,0.131949,0.063137,0.592567,-0.078521,0.118449,0.104071,-0.045829,-0.142885,-0.414533
-0.339463,0.220320,0.112652,-0.134334,-0.207306,-0.302140,-0.266721,0.114274,0.193616,0.288741,0.115728,-0.277607,-0.036267,-0.294367,-0.221125,0.297481,-0.288245,-0.104550,0.236984,0.013092
0.172998,-0.078087,0.151406,0.095237,0.514255,0.261928,-0.068903,0.087940,0.318540,0.082297,0.078225,0.234358,-0.049220,0.154322,0.280372,0.019542,0.162244,0.393457,0.312105,0.182708
