-0.129903,0.097417,0.107971,0.144349,-0.304500,-0.213602,-0.346888,-0.256278,0.339580,0.137820,-0.380622,0.077556,0.029779,0.172455,0.402897,0.161464,0.262411,-0.063813,0.011676,-0.198736
0.241569,0.224833,-0.037645,0.339135,-0.172916,0.196591,0.056627,0.296570,0.300690,0.265364,-0.233689,0.413965,0.176216,0.166214,-0.131818,0.053003,-0.026717,0.368445,0.107068,-0.036774
0.281467,-0.108723,0.192123,0.137694,0.048971,-0.101507,0.239339,-0.087854,-0.022506,0.285050,0.278546,0.121388,0.324005,-0.388832,0.100344,0.130071,0.108036,-0.054591,0.056559,0.547988
0.376490,0.027022,0.128051,0.503992,-0.022531,0.022095,0.139314,0.080211,0.202760,0.188472,-0.438089,0.102445,0.015936,0.245482,-0.107427,-0.414588,0.052473,0.032003,0.011715,0.182698
0.270173,-0.399105,0.096648,0.255826,-0.030972,0.028681,-0.421986,0.264393,0.094286,-0.201946,0.288698,0.199806,-0.264287,0.035793,0.035924,0.181025,0.389860,0.020689,0.007573,0.112116
-0.269529,-0.221712,0.106700,-0.231265,-0.119491,-0.198185,-0.257844,0.293271,-0.295697,0.151704,-0.270574,-0.269718,-0.028343,0.276667,-0.176279,-0.045744,0.177840,0.300214,0.229774,-0.256527
0.160718,-0.000848,-0.004540,0.563762,0.019834,-0.089089,0.342749,0.265549,-0.000301,0.142235,-0.188332,0.161638,0.352355,0.090618,-0.201571,0.262014,-0.017248,0.315121,0.171474,0.086725
0.246089,0.145831,0.104394,0.177329,0.307457,0.317263,0.052698,0.099050,0.036586,0.125802,0.441012,0.153086,0.003724,0.013520,0.032379,0.011353,0.037366,0.033010,0.613544,0.229496
0.077767,0.224119,0.178929,0.071956,0.013166,0.380112,0.177165,0.164064,0.171821,0.353414,-0.171470,0.377019,0.009385,-0.189246,-0.285070,0.216675,-0.056683,0.281966,0.292080,0.213200
0.293691,0.107300,0.243479,0.309063,-0.292068,0.108927,0.251879,0.310392,-0.321880,-0.110032,-0.092522,0.062402,-0.020138,0.138680,-0.329311,0.269345,-0.019907,0.257691,0.150016,0.269020
0.238649,-0.275280,-0.044364,-0.285312,0.274390,0.250361,0.076033,0.246658,0.227757,0.315204,0.131410,0.199488,-0.034289,-0.302671,-0.282251,-0.073163,0.157315,-0.297244,-0.229010,-0.166319
-0.168822,-0.442290,-0.304025,0.320081,-0.274811,-0.331363,0.096234,0.130036,0.019178,0.124449,-0.356531,0.045196,0.025282,-0.346453,0.007062,-0.063620,0.301349,0.007295,-0.017628,0.092457
0.206785,0.307026,-0.046333,0.400638,-0.298658,0.181386,0.017189,-0.123895,0.198359,0.053078,0.267824,0.356720,0.297072,0.182720,0.115987,-0.270299,0.027891,0.280341,0.137536,0.122450
0.374919,0.199943,0.129761,0.084392,0.006170,-0.349167,0.085137,-0.261911,-0.021402,0.086741,0.332008,0.251561,0.391203,-0.174283,-0.118396,0.204991,0.094436,-0.336081,0.060361,0.226358
-0.197242,0.249869,-0.278717,-0.272694,-0.290908,0.075760,-0.282627,0.150223,-0.278157,0.276302,-0.245486,-0.229073,0.223513,0.217893,0.023525,-0.110249,0.168246,-0.125973,0.255046,0.260738
0.325057,0.242411,-0.448742,0.042792,0.255894,0.209585,0.163007,0.151203,0.073088,-0.340834,0.400102,0.120231,-0.168203,-0.142931,-0.042315,0.214529,0.197580,0.169157,0.039535,0.108336
