0.108086,-0.005266,0.295491,0.309118,0.190489,0.090288,-0.270242,0.399839,-0.326390,-0.014148,-0.206059,0.144767,-0.307749,-0.101614,-0.184613,-0.161581,-0.124846,0.388416,0.079174,0.141370
0.336042,0.118369,0.124803,0.375477,0.066578,-0.139023,0.124013,0.241142,-0.307568,0.337160,0.134878,0.110538,0.138842,0.136924,0.305926,0.078911,-0.141696,0.108248,0.056661,0.455722
0.369244,0.200041,0.260065,0.272917,0.245580,0.075307,0.094836,0.422729,-0.077359,0.095641,0.154535,0.063875,0.008576,0.007152,0.130319,-0.578772,0.078511,0.034237,0.077781,0.138875
0.247966,0.076044,0.081033,0.076370,-0.000866,-0.260883,0.092762,0.097860,-0.425386,0.142499,0.156465,0.383419,0.502252,0.378658,0.067511,-0.184212,-0.098384,-0.020309,0.058500,0.117018
0.229396,-0.290979,0.350719,0.060248,0.228433,0.038924,0.028272,-0.405418,0.050388,-0.022217,0.139920,0.143338,-0.349317,0.465055,-0.148094,0.113207,-0.098535,0.015533,-0.001856,-0.301761
-0.294478,-0.294418,0.179573,-0.086148,-0.084458,-0.107702,0.071410,-0.253404,-0.139597,0.308025,-0.254500,-0.150724,-0.310453,-0.210457,0.160812,0.254412,-0.316707,0.305372,0.131015,0.234633
0.437308,0.453098,0.181868,-0.198848,-0.108056,0.064375,-0.253520,0.411974,0.087398,0.112560,0.193707,0.039222,-0.122325,0.317995,-0.040012,-0.054121,0.007343,0.249355,-0.016545,-0.196326
0.315445,0.076713,0.199470,0.113416,0.143963,-0.308595,-0.352676,0.087241,0.307128,0.146932,0.458441,0.215352,0.012440,-0.262480,0.056978,0.129794,0.307605,0.063620,0.079653,0.165504
0.159789,-0.093467,0.126421,0.417107,-0.024675,-0.006098,-0.217191,-0.427895,-0.028953,-0.324347,0.091152,0.070316,0.020919,-0.410035,0.110951,-0.074217,0.028385,-0.128764,-0.437193,0.175095
-0.111411,-0.035366,0.068965,-0.281385,0.295620,-0.147919,0.244199,0.196603,-0.021051,-0.329744,0.212652,-0.091749,-0.317401,-0.118726,-0.303434,-0.212958,-0.282512,0.263812,0.312936,0.180090
0.270790,0.242124,-0.303785,0.133294,0.174921,0.223238,-0.263483,-0.173994,0.185845,0.260103,-0.222533,0.273568,-0.261760,-0.293763,0.066611,-0.279910,-0.242711,-0.024219,0.163432,-0.165856
-0.021897,0.234331,0.106558,0.108344,0.220488,0.213614,-0.253961,-0.161611,-0.013723,0.135199,-0.441233,0.167052,-0.207531,-0.158036,0.375247,-0.308869,0.047073,0.408409,-0.013182,0.148844
0.209331,0.270738,0.002854,0.135820,-0.065563,-0.069202,-0.457087,0.099258,0.056849,0.044498,0.361294,0.370508,0.212484,0.076965,0.281920,0.088480,0.337417,0.034988,0.170423,0.284672
0.067688,0.101316,0.275427,-0.117527,0.001742,-0.143609,0.085172,0.259740,0.030482,0.189563,0.265604,0.481404,0.006910,0.045497,0.354860,0.125404,0.478414,-0.028250,0.275682,-0.107373
0.232971,0.227628,0.107229,0.285557,-0.237012,0.261056,-0.216526,-0.238088,-0.137977,0.096049,0.124001,-0.151955,0.245578,0.286359,-0.282648,-0.239954,0.297589,0.229258,-0.292144,0.000477
0.076563,0.102536,-0.100842,0.317388,0.166636,-0.080251,0.353618,0.400117,0.295899,0.087028,0.357796,-0.136176,-0.268656,0.244598,0.161906,0.078850,0.017876,0.324108,-0.189148,-0.078123
