0.042960,0.000375,0.111310,0.121588,0.179164,0.092049,0.319924,0.248699,0.022246,0.148243,0.292946,0.032712,0.292289,0.038589,0.071611,0.395735,-0.444242,-0.002653,0.437071,-0.140722
0.032197,0.065778,0.153263,-0.288099,0.091704,-0.035680,0.110278,0.372873,-0.027850,0.159509,0.589994,-0.139388,0.045633,-0.247121,-0.161926,0.206572,-0.301955,-0.106251,-0.023982,0.313755
0.369083,-0.031934,-0.369219,0.157572,0.105028,0.201505,0.028554,0.271173,0.051380,0.145254,0.330644,0.054483,0.169429,0.117183,-0.088201,0.334785,-0.251095,-0.046786,0.136217,0.439884
-0.325115,-0.027141,0.422887,0.354644,0.016758,0.061778,-0.196449,0.321468,0.009748,0.069916,0.281016,-0.406455,0.067000,-0.158632,0.037247,-0.133355,0.116846,-0.325817,0.084403,0.134205
-0.370639,0.444457,0.135035,0.069385,0.343384,0.060203,0.008446,0.195102,-0.406101,0.161261,0.264738,0.053127,0.205503,0.055015,0.262059,0.195203,-0.100515,0.017991,0.234797,-0.030621
0.240755,-0.294043,-0.195808,-0.088109,0.010431,0.252169,0.222619,-0.253124,0.088879,-0.322080,-0.172302,0.200401,0.345822,0.298642,-0.021361,0.143916,0.238442,-0.307387,0.218293,0.147369
0.034301,-0.038456,0.393302,0.210543,0.093979,0.226147,0.074750,0.205941,-0.048884,0.214156,0.247448,0.208527,-0.195666,-0.109190,0.076628,0.385245,0.232301,0.219448,0.424524,0.224841
0.129271,-0.062249,0.086159,0.056043,0.048395,-0.319199,-0.005158,0.364934,0.029019,-0.345690,0.553100,-0.217168,0.129120,0.057571,0.196419,-0.403778,0.122154,-0.020176,-0.052419,-0.135319
0.277492,-0.061592,-0.178880,-0.084580,0.009978,0.283631,-0.276944,-0.359552,-0.321555,0.212639,0.205284,0.030568,-0.022098,0.055925,-0.378827,0.301873,-0.272609,-0.228880,0.192059,-0.000673
-0.237642,-0.321846,0.217447,0.193116,-0.207135,-0.190172,-0.243314,0.331764,-0.098611,0.076408,0.203888,0.278866,0.321390,0.198203,-0.251795,-0.312065,-0.107730,0.070128,-0.202428,-0.106136
0.245360,0.177798,0.022758,-0.240660,-0.231745,-0.193571,-0.306119,-0.277971,0.264854,0.172183,-0.221858,-0.070140,0.167628,0.110363,-0.206237,-0.291384,0.323787,-0.275247,-0.088572,0.278393
0.174882,0.191999,0.138609,0.115908,-0.062502,0.333792,0.028889,0.275930,0.034151,0.138885,-0.039072,0.214986,0.136959,-0.001985,0.343874,-0.382801,-0.377761,-0.349252,-0.079443,0.291324
0.340903,0.165060,0.100713,0.086816,0.040531,-0.225195,0.222949,0.251731,0.082903,0.404291,-0.217438,-0.079957,-0.110847,0.296225,0.142322,0.312130,0.357174,0.057058,0.297899,0.110194
0.566284,-0.027929,-0.102304,0.068193,0.024282,-0.419548,0.027773,0.311989,-0.055610,0.052843,0.413528,-0.097233,0.124797,0.030792,0.137115,0.239146,0.012857,0.279960,0.176926,-0.001930
0.282123,-0.279305,-0.319002,-0.073358,0.088022,-0.258922,-0.134373,0.231429,0.264468,0.092796,0.243462,-0.207556,-0.212125,-0.168766,-0.319551,0.290522,-0.067519,-0.226929,-0.151873,0.262343
0.003863,0.202178,-0.259315,0.018770,-0.197978,0.014605,-0.259120,0.584774,0.185141,-0.046120,0.273538,0.260629,0.229654,0.242024,0.196378,0.156551,-0.000015,-0.070541,0.014961,0.290270
