0.410289,-0.076390,0.345920,0.108197,-0.142691,0.140612,-0.143017,0.110179,0.006839,0.144678,-0.389371,-0.112519,0.157003,0.032906,0.428677,0.331625,0.115166,-0.221141,0.213706,0.095801
0.248434,0.137521,0.204087,0.259822,-0.070379,0.100768,0.272555,0.155874,0.166998,-0.366284,0.286824,0.456178,0.170354,0.007385,-0.076925,0.219920,0.148030,0.208553,0.308481,0.013227
0.192272,0.093062,0.270017,0.235644,0.050104,0.114758,0.117035,0.220404,0.028820,-0.076921,0.349817,0.197241,0.109965,-0.047723,0.257350,0.273238,-0.190341,0.378095,-0.481027,0.118850
0.306200,0.036985,0.000980,0.182926,0.013241,0.334623,-0.188999,0.166344,0.257964,-0.157687,0.208479,0.053922,0.029579,-0.451904,0.034293,0.110853,0.270645,0.503471,0.112815,0.008657
0.007439,-0.156886,0.211841,0.138105,0.084172,-0.522708,0.095606,0.110229,0.018382,0.033463,-0.431428,-0.521747,0.046833,-0.094994,-0.264811,-0.146513,0.155550,0.084373,0.119615,-0.039313
0.208703,0.003544,-0.156320,-0.232820,-0.313096,0.184970,0.296964,-0.104091,-0.228351,-0.267539,0.272317,-0.110863,0.298782,0.299664,-0.250362,0.094190,0.148601,0.260428,0.190864,0.243720
0.379130,0.164534,-0.044088,0.070569,0.080287,-0.032804,0.307240,0.207102,-0.159083,0.429410,0.030702,0.313679,-0.039358,-0.263010,0.068419,0.200800,0.315579,0.368393,0.018764,0.130528
0.242458,0.082834,0.175638,-0.286197,0.065440,0.027139,0.077125,0.226152,-0.461984,0.215460,0.192327,0.041245,-0.009181,0.030206,0.435936,0.441472,0.147069,-0.110282,0.178370,0.096948
0.051844,0.022046,0.254150,0.348350,-0.332515,0.050312,-0.375360,0.094922,0.091075,-0.181385,-0.442215,0.042001,-0.281673,0.039200,0.190603,0.051852,0.129279,0.071385,0.005612,0.409433
0.293608,-0.257528,0.317427,-0.069949,-0.041857,-0.198577,0.277376,-0.119484,-0.172191,0.202247,-0.298713,-0.306953,-0.191087,0.226695,-0.327604,0.218654,-0.149233,0.250255,0.165471,-0.010045
0.062304,0.309689,-0.023770,0.116669,-0.121421,-0.245183,0.347131,0.210063,0.331639,-0.257876,-0.254402,-0.152775,0.306774,0.045463,-0.329535,-0.200365,-0.154409,0.133830,-0.068345,0.301108
0.070711,0.054027,0.196848,0.049140,0.369655,0.315874,-0.376362,0.152257,0.031744,0.220320,0.316710,-0.080079,0.034881,-0.334659,0.024629,0.186983,0.274216,-0.254496,-0.271387,0.176075
0.289956,0.094463,0.042777,0.077524,-0.090467,-0.029693,0.056843,0.074200,0.110993,0.466624,-0.028675,0.572391,-0.260159,-0.228989,0.217451,0.051100,0.171491,0.254701,0.131911,0.202859
0.113811,0.003468,-0.392763,0.386618,0.054254,0.017903,-0.067539,0.105381,0.028820,0.218116,0.154986,0.157578,0.017729,0.040225,0.406337,-0.249524,-0.365981,-0.196326,0.194003,-0.357328
-0.233983,0.203396,0.198024,0.266586,0.157147,-0.005018,-0.171671,0.312185,0.241735,0.051476,-0.302282,0.202147,0.022559,-0.236417,-0.305914,-0.313818,0.220454,-0.289789,-0.258245,0.029846
0.276505,0.104064,0.377133,0.103147,-0.075998,0.100274,0.044435,-0.218439,0.014544,-0.234570,0.306087,0.338622,0.198665,-0.148487,0.045572,0.190360,0.257288,0.284572,0.415365,0.105842
