-0.384118,0.081494,0.021354,-0.198161,0.290205,-0.302056,0.111819,0.125265,-0.364881,0.212624,0.040642,0.139636,0.167367,0.353079,0.016148,0.321628,0.379667,-0.009512,0.045383,0.016176
0.446142,0.045302,0.128219,0.170764,-0.030813,0.184153,-0.277195,-0.140793,0.124998,0.313653,0.328593,0.302030,-0.049288,0.236510,-0.367076,0.122294,0.142762,-0.046920,0.016299,0.278695
0.316792,0.175130,0.087707,0.197608,0.057347,0.248092,0.190444,0.141709,0.093819,-0.032242,0.226804,-0.030182,-0.182779,0.075070,-0.427344,0.281443,0.009852,-0.029654,0.418893,-0.401902
0.408511,0.027485,0.131551,0.285704,-0.250779,0.363696,0.100365,0.224119,0.318427,0.101814,0.218975,0.069554,-0.043528,0.433783,0.029984,0.143106,-0.090222,0.294557,0.045297,-0.070834
0.427136,-0.219925,0.353103,0.379335,-0.334262,-0.123682,0.091152,0.154848,0.368864,-0.270952,-0.126072,0.167795,-0.049387,0.068973,-0.041786,0.207323,0.045065,0.106088,-0.145633,-0.036757
0.246296,-0.190702,-0.106579,0.127884,-0.307429,0.390310,-0.377535,-0.199721,-0.406688,-0.054072,0.008537,0.119167,-0.111268,0.081400,-0.004712,0.271202,0.330094,-0.191551,-0.107740,0.116395
0.409853,-0.098122,0.028322,0.165139,-0.150877,0.048920,0.240202,0.323525,-0.238802,0.063131,0.437067,0.044712,-0.317847,0.290460,0.016557,0.353471,0.160042,-0.042302,0.121329,0.004955
0.388052,0.146162,0.350469,0.117935,-0.023220,0.102000,-0.278768,-0.222475,-0.320213,0.139808,0.298204,0.169942,0.307010,-0.119172,-0.198381,-0.362809,0.087049,0.007388,0.005054,0.161792
0.106475,0.446434,-0.109481,0.400301,0.273435,0.134583,-0.252358,0.142834,0.040488,-0.279024,0.295533,0.234904,-0.019839,0.054083,0.015615,-0.408887,0.150047,0.071656,-0.051702,0.130696
0.270822,0.102612,0.171450,0.290919,0.246215,0.146047,0.098014,0.143518,-0.278113,-0.302764,0.275741,0.209928,0.296982,0.077545,-0.171629,0.051890,0.303022,0.286415,0.241219,-0.205969
0.254210,0.290866,-0.354788,0.352831,0.020043,0.010837,0.320093,0.068669,-0.066965,-0.251096,0.266518,0.176027,-0.132500,0.247867,-0.050183,0.130373,0.103415,-0.149860,0.344132,-0.270326
0.342784,-0.251647,0.290677,0.225010,-0.273935,0.063756,0.235290,0.216783,-0.320277,0.129109,0.240701,-0.225894,0.041118,0.331760,0.110845,-0.024650,-0.228977,0.284931,-0.003218,0.126890
0.224751,0.000479,0.068377,-0.420637,0.044872,0.109731,0.288214,0.362436,-0.046224,0.112374,0.206905,0.475695,0.160838,0.105623,0.150887,0.304731,-0.007212,-0.044177,0.112473,0.297032
0.173893,-0.401464,-0.467052,-0.633334,-0.023313,0.054783,-0.079054,0.166489,0.063516,0.115372,0.284553,0.039691,0.020654,0.043956,0.037939,0.103679,0.033996,0.028786,0.091610,-0.164349
-0.290659,-0.054977,-0.080405,-0.182501,-0.275208,-0.076019,0.234509,-0.331582,-0.294666,0.324340,-0.241530,-0.289424,-0.196678,0.253510,-0.198040,0.190703,0.140604,0.178950,-0.248383,0.010618
0.512694,0.005004,0.067335,0.354475,0.042143,0.058558,-0.061635,0.147499,0.041881,0.072556,0.198438,0.072901,-0.014615,0.047713,-0.151145,0.036550,-0.396465,0.199756,-0.548294,0.008894
