0.109749,0.022713,-0.277502,-0.178456,-0.270789,0.250442,-0.351955,-0.275557,0.230639,0.266249,-0.380787,0.262937,0.033491,0.076788,-0.201670,0.049297,0.028042,0.280732,0.216463,-0.167163
0.177299,0.255152,-0.046157,0.459595,0.203417,0.259621,0.073204,0.106028,0.139885,0.343035,0.341988,0.162271,-0.199197,-0.021323,0.040669,0.152727,0.328011,0.171368,0.085844,0.273410
0.003960,0.074774,-0.393353,0.247708,-0.023692,-0.167828,0.350861,0.096801,0.101953,0.269411,0.506326,0.130786,-0.039062,0.244842,0.199527,0.265481,0.097893,-0.078948,0.211973,0.167767
0.255247,0.025547,0.099857,0.080609,-0.004206,0.118885,-0.188068,0.485972,-0.247784,0.439420,0.033367,0.116160,0.248832,-0.283821,0.063118,0.391941,-0.003561,0.155246,0.164034,-0.108850
0.078999,-0.008801,0.071693,0.102183,-0.007620,0.126950,-0.034618,-0.398427,0.004797,-0.331262,0.297953,0.141460,0.361065,0.484292,0.113139,0.371083,0.044813,0.060530,0.121651,0.218079
0.309043,0.209013,0.307469,-0.260157,-0.036378,0.288161,-0.121879,-0.243318,-0.211038,-0.193457,0.078014,-0.156722,-0.111079,0.158815,0.272828,0.268778,0.115247,0.197087,0.318135,-0.299977
0.206436,-0.140252,0.264183,0.120280,0.132344,0.288906,-0.050863,-0.267804,-0.100844,0.163043,0.477626,0.280004,0.298544,0.009047,0.243783,0.120685,0.197581,-0.076327,0.242531,0.260757
0.110928,-0.298959,0.522240,0.036073,-0.199312,0.098702,0.084031,-0.105054,-0.018237,0.165523,0.620751,0.058928,-0.251801,0.144778,0.079376,0.082300,0.180177,-0.030831,0.071932,0.064471
0.387886,-0.086248,-0.111994,0.187363,-0.084449,0.383145,0.078064,0.066842,-0.007503,0.356885,0.166312,-0.031411,-0.424285,0.314081,0.229297,0.038885,0.169471,-0.139013,-0.303656,0.029828
-0.209664,-0.174297,-0.240810,0.276654,-0.270818,0.127898,-0.098361,-0.300503,0.168226,-0.153815,0.237766,-0.038137,-0.258688,-0.277575,0.313671,-0.204523,-0.180825,0.207722,0.306456,-0.193814
0.054553,-0.157812,-0.228881,0.211450,-0.004576,-0.050631,-0.202376,-0.117045,0.292419,0.060392,-0.310025,-0.255509,0.171449,-0.242258,-0.285311,0.298582,-0.269988,-0.287412,0.300584,0.250476
0.137466,0.014573,0.013380,0.101332,-0.265335,0.046225,0.009400,0.371806,-0.385989,0.151452,0.351112,0.149115,0.106292,-0.141523,-0.154942,0.434576,0.387724,0.102316,0.003525,-0.192705
0.092651,0.033983,-0.207970,0.372881,-0.133346,0.386768,0.013532,-0.023284,0.182445,0.047673,0.252740,0.260667,0.331265,-0.392175,0.049072,0.022289,0.261040,0.200646,0.105869,0.294004
0.128278,0.003800,0.117545,0.047669,-0.486488,-0.028915,0.055197,0.025457,0.014027,0.165563,-0.505736,0.055271,0.080045,0.066598,0.637738,0.057101,0.036282,0.103057,0.074188,0.039416
0.302193,0.296921,0.219748,0.258931,0.159672,-0.210724,-0.136765,-0.247779,0.214528,-0.304555,0.167931,0.263074,-0.235137,0.060777,-0.199748,-0.287143,-0.078386,0.170838,-0.038165,0.317615
0.327742,0.071527,0.014293,0.078186,0.297890,0.304598,-0.026193,-0.013585,0.270247,0.120029,0.477617,0.346906,0.123673,-0.049103,0.039760,0.346256,0.212383,0.227428,-0.068536,0.148839
