-0.151969,-0.251041,-0.311132,0.438754,0.012239,0.002863,-0.055077,-0.129786,-0.373430,-0.165908,0.232204,0.105603,-0.051897,-0.034063,0.256470,0.291150,0.419071,0.013422,0.186972,0.085643
0.072886,0.023635,0.269042,0.240028,0.112292,0.186575,0.278875,0.050131,0.204883,-0.409865,0.226288,0.261390,0.149049,0.167212,0.227993,-0.470294,0.085845,0.113481,0.117115,0.222787
0.311679,0.072721,0.471548,0.166782,0.008707,-0.350658,0.004589,0.130434,0.066588,0.196717,0.071456,0.048146,0.093264,0.160981,0.204319,-0.108191,0.175824,0.422087,0.326635,0.230088
0.179440,0.052204,-0.010605,0.115867,-0.005572,0.092711,-0.182897,-0.542693,0.384652,-0.047012,0.204309,-0.144717,-0.010683,0.068070,0.165699,0.172158,-0.399371,-0.009509,-0.393322,0.161121
0.090614,0.071281,0.548888,0.090487,0.033275,0.091103,-0.072546,0.258197,-0.071719,0.479072,0.257805,-0.308686,0.324260,0.079571,0.197792,-0.058589,0.090169,0.038036,0.173068,0.077086
0.287231,-0.251915,0.295829,0.290253,0.116561,0.157760,-0.263601,0.297053,0.036050,-0.116868,0.164626,-0.261802,-0.214603,-0.263016,-0.078919,-0.175602,0.137005,-0.287795,-0.203789,-0.282938
0.436905,-0.045621,0.363655,0.158346,-0.223999,0.177200,-0.006856,0.299450,-0.208003,-0.321047,-0.332825,0.137041,-0.093997,0.108571,0.022757,0.346377,0.095225,-0.096593,0.207138,0.010511
0.118757,0.638755,0.051567,0.050865,0.016495,0.092488,0.070478,-0.117523,0.171168,0.186846,0.207765,0.045886,0.111137,0.037896,-0.053279,0.078822,-0.041520,0.617379,0.105665,0.136639
-0.336701,0.086702,0.360618,0.180359,-0.001816,0.111779,0.090253,0.072074,-0.023314,-0.475791,0.007655,-0.250212,0.054844,-0.198672,0.105633,0.276936,-0.033181,0.033262,0.465335,0.228130
0.209716,0.156689,-0.229443,0.289092,0.306301,-0.295676,0.117463,0.181483,0.270150,-0.151091,-0.287273,-0.119424,0.222327,-0.309285,0.256078,-0.115148,0.302616,-0.193077,-0.092598,0.115425
0.019064,0.204693,0.320260,-0.312260,-0.246804,0.270574,0.211097,-0.358515,-0.222518,-0.049017,0.273990,0.058627,0.130393,-0.262149,0.013950,-0.266978,0.200027,0.335195,0.095368,0.036942
-0.097323,-0.258730,0.423756,-0.360595,0.010848,-0.125471,0.086073,0.342626,0.039673,0.332530,0.152940,0.115606,-0.090223,-0.381430,0.206224,0.097666,0.164737,0.009121,0.292165,0.078381
0.025482,0.075914,0.370934,0.004632,-0.149600,0.018762,0.394845,0.208816,0.114643,0.099901,0.365969,0.064317,0.143673,0.184411,0.232747,0.260591,0.174354,0.128278,0.408391,0.286665
0.176538,0.332157,-0.247746,0.139187,0.134424,0.055300,0.089500,0.096364,0.035258,0.306359,0.159147,0.029964,-0.046153,0.118616,0.504954,0.155336,0.388114,0.311805,0.261697,0.079741
-0.249936,0.309180,0.140250,-0.192806,0.127898,-0.017815,0.244595,-0.285504,-0.336551,-0.299897,-0.024294,-0.160495,-0.298271,0.241829,-0.140709,0.273573,-0.154560,0.016984,0.350436,0.091959
0.189991,0.235934,0.103203,0.314437,0.050871,-0.007994,0.013088,0.316788,-0.128475,-0.146709,0.413738,0.040417,-0.002637,0.342273,0.363249,-0.212086,0.112328,0.265364,-0.297892,0.137240
