-0.442785,0.423310,0.131990,0.146934,-0.014709,0.170202,0.081485,0.261581,0.230272,0.097885,0.378671,0.230825,0.003611,-0.099467,0.070852,0.332136,0.249794,-0.083834,0.064347,0.152983
0.195728,0.136695,0.275363,-0.079972,-0.068380,0.129928,-0.015057,0.211541,-0.436264,0.161665,0.087241,0.104953,0.043066,0.155227,0.113657,0.305658,0.088788,0.073861,0.329938,0.551970
0.215263,0.439624,0.294808,0.217535,-0.004117,0.127900,0.115805,0.420874,0.041253,0.035185,0.299606,-0.097295,0.070477,0.181247,0.001813,0.131088,0.193923,-0.409146,0.194731,0.138338
0.513226,-0.360162,0.034401,-0.379525,-0.036870,-0.118852,0.053659,0.228678,-0.338483,-0.393822,0.149122,-0.013473,-0.085703,0.122392,0.046738,0.135692,0.001304,-0.164723,0.136611,0.100983
0.062284,0.240588,0.077825,-0.303698,0.134639,0.042001,0.075606,0.324376,0.238253,0.111848,0.246711,-0.004079,-0.073329,0.151230,0.182758,-0.336326,0.073200,0.334839,-0.196235,0.498213
0.060259,0.274709,-0.290833,-0.286008,0.144999,0.056941,0.215310,-0.231447,-0.278858,0.058418,0.123083,0.150527,-0.304647,0.283145,-0.071151,-0.220835,-0.308650,-0.204290,-0.280283,-0.262632
0.323530,-0.113601,-0.324406,0.414331,-0.173683,0.063422,-0.147217,0.399910,0.102729,0.012927,0.032497,0.012414,-0.056720,0.033877,-0.215357,0.211798,0.032162,0.212914,0.481908,0.059919
-0.240748,-0.003573,0.149622,-0.341455,0.406950,-0.006102,0.091878,0.360207,-0.194245,0.102408,0.142644,-0.334718,0.020126,0.195664,0.034190,-0.025142,0.134907,0.157884,0.457958,0.158963
0.332296,0.078241,0.107356,0.167650,-0.020257,0.251768,-0.240858,0.366117,0.243307,0.320421,-0.175165,-0.240373,0.375395,0.162063,0.068301,0.115003,0.283985,0.035509,0.177735,0.197659
-0.090578,-0.100971,-0.145737,0.337801,-0.093492,-0.291507,0.238745,0.283333,0.239040,-0.106119,0.196894,0.246969,0.184677,-0.320116,0.344517,0.306789,-0.295966,0.045288,0.069442,0.056875
-0.146485,-0.294309,0.146702,-0.235902,0.198072,-0.309011,0.313626,0.107370,0.135816,-0.195788,-0.212370,0.277769,-0.117900,-0.211817,-0.199455,0.035872,-0.074796,-0.303010,-0.300562,-0.321752
-0.303298,-0.095620,0.366734,0.128818,-0.051082,-0.160404,-0.078788,-0.141889,-0.300655,0.282818,-0.177156,-0.026567,-0.351000,-0.323359,0.405003,0.209945,-0.116879,0.024173,0.196729,0.042628
0.374088,0.191714,0.210968,0.039251,0.223971,0.308752,-0.105873,-0.161123,0.117247,0.201440,0.009067,0.005172,-0.104915,-0.081544,-0.160956,0.285754,0.391478,-0.157410,0.265803,0.407747
0.065336,0.384567,0.170878,0.081451,0.007843,-0.293335,-0.000197,0.303581,0.040691,0.077482,0.563708,-0.147453,0.083518,-0.445926,0.018497,-0.122890,0.047127,0.028842,0.221039,0.115710
0.321457,-0.095058,0.165313,-0.205224,0.144183,0.276819,0.260716,-0.228462,0.218843,0.322019,-0.279080,-0.115608,0.252231,-0.084682,0.054048,0.271127,-0.294649,0.261692,-0.232905,0.031496
0.081951,0.079171,-0.198725,-0.254169,0.168461,0.147177,0.030892,0.616901,0.182474,0.002402,0.019781,-0.032795,0.236453,0.259656,-0.226677,0.033074,0.302116,-0.000551,0.228587,0.311862
