-0.506533,0.062834,-0.024281,-0.248596,-0.006018,0.076585,0.122186,-0.204509,-0.487969,0.112968,-0.072538,-0.048072,0.331167,0.105633,0.144556,0.005304,-0.359955,-0.005543,-0.272057,0.103029
0.048781,0.210682,0.233600,0.316077,-0.257641,0.188898,0.275432,0.167593,0.479489,0.071833,0.220914,0.206213,0.036742,0.298156,0.016005,0.251887,0.196524,0.055093,0.139915,0.226203
0.292951,-0.368341,0.235686,0.270160,-0.048800,0.337453,0.270412,0.229778,-0.180743,0.118324,0.273143,0.029839,-0.026156,0.131972,0.041685,-0.065115,-0.026950,-0.242844,0.376789,0.244704
0.055902,0.037249,-0.189560,0.104472,0.025835,0.084524,0.578471,0.240790,0.335663,-0.303298,0.125461,-0.495884,-0.036707,0.099534,0.031250,0.170762,0.016922,-0.042994,0.145580,0.131150
0.506312,-0.156293,0.131982,0.187926,-0.388326,0.056310,-0.206448,-0.024496,0.130440,0.096644,-0.430970,0.062225,-0.106705,0.140854,-0.245754,0.349654,-0.057145,0.164424,0.025253,-0.092292
-0.136415,0.059278,-0.093603,-0.126083,-0.329997,0.037533,0.228281,0.159447,0.248421,-0.207757,0.178463,-0.255582,0.142483,-0.358431,0.097089,-0.018565,-0.248409,-0.357042,0.330269,0.326375
0.236894,-0.336159,0.328862,-0.071074,0.198556,0.177024,-0.317021,0.414833,0.113136,-0.084042,-0.009506,0.277712,-0.137078,0.003251,0.225324,0.356549,0.003298,-0.109379,0.261228,-0.018325
0.176392,0.000263,-0.192397,-0.141155,0.002447,-0.579229,0.032775,0.364605,0.026312,0.176886,0.094994,-0.366389,-0.033783,0.120212,0.073839,0.145055,0.100989,0.065540,0.458012,0.028638
0.038565,0.426758,0.295937,0.178099,-0.184071,-0.126677,0.202125,-0.170394,0.242084,-0.182262,-0.134078,0.236345,-0.114925,0.156936,0.363218,0.223044,0.295368,0.207825,-0.234234,0.082475
0.136342,0.198992,-0.186933,-0.234532,0.044409,0.054193,0.195253,-0.079116,-0.177647,0.193287,0.267426,-0.298034,-0.325767,0.144747,-0.345435,-0.284158,0.113060,0.215965,-0.319771,0.290670
-0.116859,-0.197032,-0.273796,-0.245950,-0.152382,-0.196543,-0.336337,-0.263061,-0.007035,0.079043,0.042735,-0.290906,-0.292035,0.271683,-0.330201,0.270643,-0.188189,0.140735,0.141940,-0.241658
0.102551,0.046515,0.219039,-0.313931,-0.363763,0.059953,0.095583,0.207270,0.136171,0.080939,0.459677,0.076284,-0.343247,0.215769,-0.045377,0.159506,-0.232406,0.015596,0.122964,0.386402
0.283394,0.143139,0.200041,0.234708,-0.126474,-0.006852,0.210315,0.528276,0.140576,0.079846,0.061736,0.267224,-0.236242,0.206529,-0.062880,0.084592,0.024669,-0.142310,0.384771,-0.291383
-0.005646,-0.444796,-0.007455,0.136597,0.034307,0.115988,0.109831,0.046421,0.438955,0.194045,0.164485,0.021762,0.133196,0.496565,0.088719,0.012377,0.334554,-0.022896,0.311560,-0.121800
-0.196947,-0.211407,0.043771,-0.211523,0.183064,-0.295145,0.217028,-0.284500,-0.175743,-0.145507,-0.002282,-0.305287,0.211910,-0.329830,-0.247094,0.177081,-0.299618,-0.165216,0.151967,-0.299443
0.026044,-0.302671,-0.029141,0.148547,-0.046875,0.070172,0.292180,0.619558,0.253810,0.314034,0.043546,0.228142,-0.163367,-0.241412,-0.160043,0.078347,0.107319,0.089913,0.234535,0.011983
