0.066660,-0.187643,0.146523,0.120450,0.000157,0.149948,0.073048,0.264937,0.012547,0.419199,0.223190,-0.126098,0.223171,-0.004675,0.438609,0.075744,0.433961,-0.202371,0.154668,-0.289166
0.127573,0.078916,0.085549,-0.392532,0.007642,0.269348,0.107936,0.060570,0.189804,0.153241,0.619105,0.193968,-0.085964,0.092170,-0.018195,0.254021,0.287149,0.031881,0.185152,0.221933
0.134789,-0.324520,0.129503,0.177321,-0.083239,0.176924,0.045233,0.226811,0.072589,0.214573,0.535116,0.161683,0.131962,0.428149,0.083493,0.236254,0.147891,0.067370,0.270383,-0.098755
0.519016,0.017893,0.092699,0.117492,0.045440,-0.198140,-0.173977,0.125408,-0.350349,0.076963,0.480743,0.086862,0.139745,0.060450,0.130600,-0.107182,-0.374086,0.035019,0.029087,0.243964
0.332468,0.018421,0.239802,0.128405,-0.086923,0.211245,0.189953,0.081855,-0.006454,0.427627,0.424346,0.046626,0.061400,0.271480,0.067212,0.372297,0.078143,-0.326890,0.035421,0.142156
0.181432,0.212064,-0.218327,-0.235488,0.237355,0.260551,0.285741,-0.272442,-0.214868,0.085862,-0.016127,-0.218265,0.133670,0.332890,-0.067667,0.106282,0.183292,0.317717,0.222487,0.329931
0.399416,-0.288827,0.335008,0.105669,0.057226,0.330366,-0.037246,0.172421,-0.209928,0.029237,-0.321457,0.099117,-0.231050,-0.145678,0.019862,0.079455,0.310119,0.249719,0.302620,0.024648
0.099855,-0.415347,0.045016,0.121771,-0.188455,0.002700,0.127291,0.086724,0.066741,0.083351,0.666541,0.106730,0.040196,-0.031215,0.037920,0.202249,-0.349785,0.002355,-0.286936,0.157245
0.174914,-0.048049,0.208448,-0.207728,0.027455,-0.252821,0.017078,0.367636,-0.189115,0.240298,0.170205,0.189163,0.230053,-0.142302,-0.363512,0.251110,0.095813,0.008804,-0.364152,0.334483
0.094862,0.019549,0.359745,-0.305104,0.330401,-0.358421,0.096270,0.373445,-0.025413,0.150261,-0.296257,-0.106944,0.227350,-0.001174,0.235686,-0.316333,0.087147,-0.105695,-0.172249,0.059879
0.131145,0.242569,-0.263070,-0.194942,-0.207292,0.098069,0.294622,-0.275114,-0.270817,-0.275831,0.266868,-0.147013,-0.248458,-0.009869,-0.298915,-0.263840,0.154931,0.308662,0.137090,0.023646
-0.153574,-0.306508,-0.007759,0.101099,0.011143,0.282224,-0.119508,-0.340658,0.138178,-0.197037,0.379589,0.249096,0.037544,0.301491,0.193816,0.257465,0.085764,-0.338252,-0.154708,-0.236991
0.085843,-0.124733,0.307775,0.655773,-0.124491,0.354257,0.132112,0.065057,-0.116037,0.238765,0.391376,-0.088675,0.003690,0.007035,0.031184,0.164450,0.022643,-0.078333,-0.014818,0.152210
0.287824,0.320833,0.247699,0.122838,0.051232,0.420101,-0.276719,0.107168,0.060509,0.130747,0.428192,-0.145948,0.129734,0.161024,0.348276,0.199611,0.125020,0.041452,0.113939,0.104764
-0.313069,-0.117181,0.282639,-0.266180,0.208325,-0.297429,-0.042000,0.256307,0.054426,-0.129359,0.067027,0.221966,-0.194732,0.227134,-0.241874,-0.288471,0.176710,0.277326,0.301035,0.186425
0.309002,-0.094173,-0.001554,0.221437,0.072037,0.158922,-0.128556,-0.246206,-0.183713,0.159756,0.170711,0.340535,0.197755,-0.048518,0.304972,-0.258808,0.294142,0.233775,0.007405,0.438141
