-0.342615,-0.015287,-0.136497,0.229264,-0.108018,0.067971,0.328061,0.250046,-0.191048,-0.259105,0.384143,0.106400,-0.221795,0.268651,-0.211775,0.332102,0.210841,0.191844,0.053350,0.040259
0.437645,-0.166510,0.099874,0.319712,0.078333,0.133314,0.239481,0.197011,0.401412,0.369130,-0.206862,0.287070,0.064680,0.078214,0.258742,0.133269,0.153465,-0.057845,0.060105,-0.019217
0.524211,0.162009,0.084334,-0.006908,0.134723,0.083704,-0.234367,0.117488,0.108851,0.157044,0.492508,-0.002425,-0.064391,0.088249,-0.054896,0.181096,-0.020509,0.010554,-0.515199,0.071569
0.249636,0.017258,0.008657,0.013157,0.024529,-0.564150,0.130885,0.038794,-0.101633,0.160027,0.229054,0.407384,0.119532,0.047771,-0.125038,0.088869,0.002799,-0.012361,0.176422,-0.523336
-0.096722,0.116352,0.189485,0.395412,0.323600,0.102614,0.342076,0.027286,0.391084,0.220904,0.277188,-0.024588,-0.099360,-0.130124,-0.233265,0.209459,0.010671,-0.320572,-0.211291,0.006872
0.237415,-0.215657,-0.247268,-0.147125,-0.324524,-0.178376,-0.060732,-0.216977,-0.038400,-0.069597,0.259803,-0.244223,0.084451,0.256652,-0.303460,0.109033,0.318278,-0.282487,-0.307504,0.200848
0.626550,-0.210034,-0.104635,0.008485,0.126759,0.141032,0.024719,0.056899,-0.182340,0.460853,0.303966,0.145619,0.008240,0.039624,0.147112,0.093847,0.090719,0.265123,-0.174503,0.110465
0.288344,-0.017856,-0.004807,0.036477,-0.252337,-0.191117,0.133098,0.010907,0.220415,-0.328634,0.320538,-0.140575,0.190629,0.231130,0.185106,-0.608447,-0.049263,0.004143,0.143332,-0.029028
0.036725,-0.055245,-0.126590,0.404203,-0.153642,-0.003098,0.380824,0.271636,0.223948,-0.084949,-0.125765,0.315788,0.085822,0.204411,-0.212133,0.217525,-0.347938,0.248715,0.136618,0.240430
0.176303,0.305544,0.178225,-0.235267,0.055554,0.181562,-0.281944,0.033505,0.280885,-0.079475,-0.311818,0.083443,-0.192865,-0.203513,-0.192071,-0.298343,-0.206555,0.299069,0.270535,0.269376
-0.272957,0.188746,0.160243,0.231885,-0.261931,0.227314,0.230204,0.131400,-0.243065,-0.151784,-0.140229,0.167743,-0.218582,-0.234821,-0.310425,0.284822,-0.254577,0.219923,-0.094129,-0.295834
0.015726,-0.099285,0.034996,-0.024204,-0.363805,-0.273427,0.181371,0.069110,-0.323742,0.376972,0.342398,0.142252,-0.281491,-0.277346,0.124808,0.125751,-0.056571,-0.154502,0.000243,-0.379854
0.045072,0.426179,-0.389586,0.268088,-0.011394,0.386277,0.311851,0.259662,0.003203,0.128542,0.335068,0.145639,-0.049553,-0.027355,0.068904,0.073126,0.088837,0.309702,0.107115,0.009051
0.512819,0.407326,0.345900,0.069142,-0.163410,0.060003,-0.244413,-0.244121,0.014206,0.160277,0.268945,0.169145,0.008473,0.078663,0.154294,0.164588,0.015288,-0.333271,0.041772,0.001685
-0.042330,0.165113,0.260259,0.235591,0.262236,0.081554,-0.284050,-0.051080,0.276384,-0.158552,-0.164898,0.191456,0.271558,0.282061,-0.321209,-0.299683,0.158649,0.214849,0.275597,-0.173353
0.276335,0.197747,0.182964,-0.140357,-0.229139,0.279503,-0.355797,0.242157,-0.074663,0.101442,0.453689,0.122897,0.294228,-0.047160,0.025265,0.232534,0.270139,0.203399,-0.143853,-0.012422
