-0.000799,0.081690,0.068372,-0.110084,0.165829,-0.115219,-0.283517,0.042657,-0.394385,0.035857,0.269683,0.163703,0.503200,-0.366458,0.133880,-0.059196,-0.280242,-0.283899,0.138097,0.100343
0.039004,-0.188522,0.305645,0.116582,0.257139,0.296610,0.099893,0.135637,0.253093,0.398296,0.261073,0.228859,-0.000630,0.069325,0.150777,0.327397,0.367354,0.007651,0.205911,-0.134490
0.300933,0.193036,0.249335,-0.001083,0.058892,0.081313,0.530876,0.169071,-0.351164,0.310465,0.264853,0.056024,0.056130,0.177405,-0.023357,0.186861,0.298759,-0.045536,-0.001716,0.187360
0.234016,0.082771,0.176357,-0.107229,-0.352053,0.121686,0.026492,0.049755,0.017146,0.088037,0.217229,0.310895,-0.140000,-0.389464,0.096091,0.077837,0.402536,-0.398077,0.169284,0.257368
0.064564,0.225422,0.141912,0.110294,0.025315,-0.355037,-0.291354,0.103090,-0.310740,-0.326694,0.156082,0.083185,0.237719,-0.087669,-0.361690,0.129497,-0.294450,0.074225,0.236854,-0.309582
0.300207,-0.271996,-0.270155,0.252988,-0.316744,0.246620,-0.265324,0.073690,-0.166042,0.072305,-0.198574,0.059783,0.258065,-0.266083,0.314897,0.075823,-0.194258,0.206189,-0.218137,0.126445
0.352590,0.155850,0.320867,0.134494,0.173109,0.258985,0.268721,0.097885,0.086119,-0.237115,0.110877,0.101451,-0.032706,0.093390,0.358890,0.072129,0.348969,0.247106,0.364449,0.076344
0.082932,0.047359,0.124561,0.089874,0.183362,0.032413,0.097152,0.032082,-0.349609,0.071093,0.173207,-0.016714,0.001775,0.551012,0.371257,0.123074,0.486491,0.107410,0.231777,0.077840
0.124673,-0.352633,0.169055,0.150327,0.022378,-0.019583,0.376417,0.017609,0.171567,0.346008,-0.156152,0.080965,0.010194,0.096071,-0.431529,-0.195624,0.118610,-0.332963,0.109309,0.339482
0.216452,-0.227570,0.294828,-0.166576,0.219757,-0.095046,0.255654,-0.256918,-0.168512,0.033067,0.227598,0.261674,0.258728,-0.290046,-0.187026,-0.177415,-0.283399,-0.268320,-0.232746,-0.155659
0.313055,-0.163522,-0.102897,0.266640,0.288105,0.218344,-0.224996,0.304804,-0.092788,-0.017084,0.016378,-0.217624,0.318896,0.213120,-0.162794,0.042743,0.294451,0.258851,0.304891,-0.201811
-0.172861,-0.201506,-0.346518,-0.160717,-0.254524,0.032957,0.092052,0.080800,-0.187775,0.163300,0.407623,0.180141,0.041340,0.241748,0.128129,0.023058,0.376319,0.386337,-0.226947,-0.150759
0.166481,0.127888,0.097565,0.042594,0.089181,0.247284,0.089468,0.055067,0.053389,0.207990,-0.075526,0.053061,-0.573009,0.106874,-0.533264,0.177079,0.123367,-0.135817,0.150410,0.313127
0.021149,0.141430,-0.279150,-0.244261,-0.035604,0.055125,0.046157,0.081216,-0.166414,0.284562,0.322221,0.002716,-0.209173,0.018190,0.141120,0.683623,0.142500,0.166593,0.182850,0.059941
0.320745,-0.085282,0.145607,-0.262093,0.150206,-0.140568,0.209474,-0.291513,0.236639,-0.266970,0.100379,-0.195341,0.194196,0.315496,-0.215939,0.289452,0.224762,0.253558,-0.262931,0.040821
0.302630,-0.265168,-0.003045,0.070096,0.197976,-0.041616,0.220978,-0.007841,0.303707,0.306440,0.311319,0.417818,0.278187,0.007329,-0.045050,0.117840,-0.190459,0.357667,0.158642,0.054770
