-0.057864,-0.172993,0.129234,-0.089658,-0.021579,0.021019,0.194810,0.179279,-0.384712,0.220231,0.243269,0.390158,0.207936,-0.352642,-0.375284,-0.091005,0.341758,0.094390,0.115128,-0.086030
0.234058,0.152646,0.217891,-0.227098,0.151447,-0.186688,0.111024,0.218202,0.050183,0.285305,-0.291039,0.359947,-0.019339,0.190113,-0.244776,0.296972,0.121032,0.317164,0.249927,0.211249
-0.070376,0.092705,0.356812,0.448007,-0.001552,0.074232,0.286165,-0.109105,-0.097746,0.453159,0.307729,0.087668,-0.102477,0.065929,0.350357,-0.118359,-0.004227,0.227834,-0.057412,0.187085
0.172084,-0.002398,0.115721,0.156770,0.036823,0.032974,-0.333872,0.362503,-0.338617,-0.181157,0.269221,-0.389738,0.013562,0.001218,0.035298,0.071607,0.277895,0.131149,0.091275,-0.453785
0.118551,0.029071,0.196883,0.154360,0.025331,-0.200718,0.139901,-0.440078,0.108814,0.015741,-0.035409,0.153709,-0.363245,-0.095405,0.066244,-0.365476,0.413544,0.155273,0.394745,0.037549
0.320818,0.103318,-0.191473,-0.236908,0.223585,-0.181367,0.255936,0.176986,0.164319,0.316695,-0.103529,-0.177012,0.286721,0.100213,-0.155361,-0.093016,-0.313839,0.333576,0.145622,-0.297555
0.164166,-0.109265,0.345360,0.074912,-0.181970,0.254869,0.273882,-0.037172,0.208082,0.394262,0.204140,-0.027087,0.304138,0.158767,-0.068004,0.309350,-0.088247,-0.095973,0.392699,0.177127
0.507936,0.053479,-0.049572,0.120655,0.065200,0.122284,0.075013,0.130824,0.031356,0.213524,0.183542,-0.077673,0.557426,0.408902,0.011327,0.110026,0.121971,-0.279904,0.087001,0.054152
0.087140,-0.078449,-0.324629,0.388935,0.080218,-0.200653,0.007741,-0.296505,0.073031,0.412398,-0.052346,0.333024,0.059844,0.040622,0.426596,0.265481,0.114603,0.138443,0.119391,0.040322
-0.259441,0.146029,-0.150595,-0.224940,0.192186,-0.064886,-0.263434,-0.281754,0.296678,0.256412,-0.168623,-0.303043,-0.185114,0.264880,-0.198650,-0.226753,0.139514,-0.305723,-0.236922,-0.098780
-0.072102,0.304186,-0.250579,-0.241722,-0.184007,-0.154647,-0.308974,-0.115497,-0.262196,0.142827,-0.203346,-0.287978,0.328389,-0.212690,-0.152836,-0.225329,0.303057,0.222325,-0.178809,-0.024372
0.360546,0.189296,0.004233,0.094473,-0.051757,0.236826,0.115267,0.299528,-0.171670,0.128749,0.016873,0.148730,-0.045357,0.300937,-0.212835,0.364319,-0.258031,0.395401,0.203057,0.245373
-0.323054,0.305233,0.270309,0.240780,-0.132201,0.364366,0.192391,0.288137,0.195401,0.425546,0.144338,0.082189,0.003516,0.110003,-0.036059,0.094529,0.079230,0.038945,0.348170,-0.054087
-0.095697,0.737031,0.123776,0.099902,0.260267,0.031871,-0.161120,0.184026,0.062652,0.155731,0.446238,-0.130531,0.006925,0.017492,0.016931,0.026491,0.169223,0.037171,0.134246,0.004406
0.241476,-0.088864,0.128752,-0.197656,0.272365,0.177223,0.189140,-0.272034,-0.289308,-0.254527,-0.273338,-0.174781,0.299847,0.008565,-0.312598,0.282296,-0.251853,-0.154319,0.163671,0.166171
-0.015780,-0.074006,0.451754,0.128124,-0.219470,0.069250,0.014047,-0.074900,0.312180,0.112136,0.162101,-0.212541,-0.123414,-0.288023,0.290835,0.070019,0.170506,0.475004,0.286955,-0.093835
