0.008231,0.046564,0.058984,-0.034554,-0.296218,0.306347,0.109908,0.330181,0.091943,0.111682,0.355411,0.097240,-0.164984,0.042344,0.350486,0.229313,0.355503,0.327834,0.271155,-0.147917
0.368529,-0.046222,0.104644,-0.030031,0.111148,0.113815,0.276102,0.200948,0.021061,0.179597,-0.411832,0.499778,-0.164760,0.092902,0.143059,0.158397,0.004515,0.086603,0.342452,0.223763
0.194712,0.222337,0.081149,0.230143,0.009614,0.033466,0.085734,0.069795,-0.261776,0.402809,0.309345,0.366756,-0.099518,0.421770,0.126393,0.171070,0.134607,-0.342525,0.094954,-0.034494
0.303857,-0.363727,-0.003449,-0.340788,-0.006714,0.501996,-0.197770,0.014386,0.051973,0.211186,0.237153,0.302957,0.065424,0.131344,0.136776,0.319263,0.009523,0.003785,0.173329,-0.014796
-0.028460,0.062243,0.154172,0.091969,-0.586981,0.175179,0.061641,0.159306,0.036719,0.169729,-0.486028,-0.390981,0.025308,0.003708,0.051931,0.203615,-0.260259,0.065737,-0.008319,0.149986
0.276014,0.166314,-0.295448,-0.252636,0.304128,0.274801,-0.262639,-0.086460,-0.277296,0.299110,-0.137420,0.070435,0.060755,0.216763,-0.266845,0.194291,0.212127,0.217941,-0.238924,0.034029
-0.028084,0.367433,-0.104104,-0.074274,-0.139508,0.082440,0.207454,0.148752,0.012262,0.156787,0.193566,0.260967,-0.209228,0.340900,0.050263,0.107543,0.234601,0.244088,-0.553990,0.174702
0.356816,0.007130,0.044318,0.625055,-0.130404,0.008632,0.044159,0.369337,-0.022487,0.247725,-0.183689,-0.349254,0.050384,0.064424,0.034443,0.251148,0.074712,0.055537,0.165167,-0.006592
-0.078943,0.269660,0.328999,0.186383,0.305176,-0.136463,0.354636,0.035747,-0.005178,0.039337,0.160473,0.230326,0.277722,0.260989,0.052837,0.265207,0.181440,-0.155255,0.269332,-0.333109
0.316450,-0.185289,0.141805,-0.298162,-0.327633,-0.275230,0.083786,-0.346542,0.078613,0.303151,0.202425,-0.119783,-0.311270,0.057137,0.006971,-0.204476,-0.233168,0.041094,0.233232,-0.201101
0.127737,0.230988,-0.165962,-0.310558,0.224224,0.312930,0.061248,0.252863,0.295844,0.107154,-0.077356,-0.304144,-0.315437,-0.222735,0.011736,0.184484,0.307184,-0.275008,0.172028,0.100415
0.165786,-0.046010,-0.101446,0.124869,0.106583,0.035284,0.395960,0.034156,0.042780,0.451727,0.073912,-0.221654,-0.185312,-0.284575,0.078256,0.251421,-0.420641,0.386413,-0.048145,0.015717
0.259166,0.314577,0.169294,-0.032907,0.006995,-0.267631,0.170254,0.196452,0.082981,0.485515,0.165040,0.303958,0.224948,-0.015139,0.157388,0.118370,0.219528,-0.349596,0.182656,0.096183
0.333365,0.027037,0.007892,0.046317,-0.233704,0.111139,-0.569715,0.076290,0.024115,-0.269783,0.226790,0.333004,0.051987,0.097135,0.095488,-0.278285,0.186278,0.062085,-0.156848,0.301697
0.171742,-0.294168,0.257453,-0.273132,0.067581,0.165613,0.317117,-0.176549,-0.300373,-0.246153,-0.099753,-0.305519,0.206364,-0.120812,0.301729,-0.321194,-0.171282,0.013434,0.206787,0.039830
0.560697,0.035053,0.104841,0.054266,0.279021,0.135557,-0.021569,0.229367,0.104797,0.166403,0.378464,0.309325,0.095166,0.047298,0.223465,0.152992,-0.273113,-0.075419,-0.018573,0.279824
