0.067978,0.097070,0.124252,0.241479,-0.191097,0.078846,0.015734,0.332981,-0.329901,-0.141101,0.178784,0.332582,0.206953,-0.342158,-0.222893,0.399531,0.103560,-0.308992,0.016461,0.106535
0.339034,0.012434,0.187440,0.346976,-0.162931,0.136538,0.086477,0.357198,0.135523,0.231381,0.365356,0.140124,-0.032592,0.256835,0.262258,0.120959,0.108581,-0.065847,0.271116,0.289875
0.415698,0.010960,0.229892,0.036756,-0.015844,0.052263,0.018868,0.448309,0.069033,-0.211116,0.186835,0.174314,0.329552,0.281166,0.139467,0.316031,0.169644,-0.032311,0.234252,-0.249486
0.161464,0.025077,0.172277,0.503560,-0.057083,0.145026,-0.326539,0.217993,-0.333138,0.053237,0.135145,0.095137,0.006597,-0.218771,-0.194617,0.157160,0.026851,-0.036004,-0.490288,0.132663
-0.096020,0.024225,0.332350,0.145727,0.167561,0.048046,0.122169,-0.327777,0.015240,0.075125,0.288223,0.439140,-0.078453,-0.247605,0.080925,0.146039,0.089640,0.402294,-0.120041,-0.379915
-0.294152,-0.024565,-0.308440,0.172514,-0.265413,0.027149,-0.149858,0.112546,0.064571,-0.035278,0.322046,0.255173,0.333874,-0.219417,-0.329270,-0.309514,0.180288,0.114622,-0.292396,0.111618
0.348463,-0.109727,0.396772,0.142868,-0.128722,0.141778,0.276734,0.363267,-0.107469,-0.003494,0.137082,-0.002184,-0.021986,0.294449,-0.378231,0.167840,0.022079,0.197267,0.339567,0.000936
-0.184226,0.022429,0.107694,0.148747,-0.003672,0.377770,-0.616584,0.221678,0.240462,0.163591,0.137388,0.134415,-0.033385,0.067915,-0.432584,0.121071,0.086880,0.050716,0.119065,0.080344
-0.390565,0.033853,-0.000518,-0.264920,0.055968,0.131820,0.024301,-0.374115,0.229812,0.130305,0.254493,0.309178,-0.178063,0.087005,0.037112,0.213513,0.381928,-0.023126,-0.266087,0.285430
0.216300,0.306496,-0.256345,-0.222666,0.298184,-0.018275,0.246438,-0.308225,-0.183753,0.236559,0.169263,-0.300712,0.118142,-0.188989,-0.185961,-0.218975,-0.280390,-0.268865,-0.042809,0.072465
0.119410,0.291979,0.012501,-0.225208,0.046662,0.165140,0.119769,0.167355,-0.285026,0.338474,-0.104953,-0.069053,0.279798,-0.322327,-0.134183,-0.338315,0.245724,-0.261733,0.313608,-0.156034
-0.255028,-0.205113,0.081561,0.145021,-0.139286,0.288789,0.117854,0.395496,0.284450,-0.228187,0.157127,-0.302522,0.008994,0.294102,-0.093040,0.135148,-0.173636,-0.002926,-0.359033,0.265233
-0.095965,0.065071,0.041379,-0.432344,0.114325,0.032841,0.316176,0.418462,-0.095033,0.126585,0.127978,0.399176,-0.101156,0.286790,0.183938,0.218018,-0.309013,-0.020457,0.192052,0.035839
0.185912,-0.107021,0.224540,-0.059031,0.274371,-0.399100,0.128986,0.316528,-0.108963,0.110803,0.195336,0.125074,0.386420,0.130714,0.071530,0.156451,0.069122,0.457358,0.112113,-0.219587
-0.282392,0.129472,-0.254356,-0.273842,0.276131,-0.149813,-0.245368,-0.106653,-0.253980,-0.188353,-0.274013,-0.240605,0.271385,0.226345,-0.221221,-0.292037,0.184413,0.105699,-0.143662,-0.188812
0.456742,0.184369,0.054528,0.212184,0.092882,0.291705,0.283002,0.166696,-0.154815,0.094114,0.068172,-0.125819,0.188160,-0.245045,-0.168611,0.102214,0.417355,-0.012661,-0.061754,0.376845
