-0.322912,-0.223883,0.186628,0.122549,-0.327012,0.158550,0.295060,0.293659,0.157047,0.094544,0.311347,0.286016,0.128437,-0.232025,-0.020075,0.314082,0.255691,0.190633,-0.049109,0.067290
0.316386,0.102634,0.166511,0.358865,-0.023008,0.079888,0.130252,0.269312,0.042264,0.245629,-0.463144,0.089487,-0.012155,0.127918,-0.142946,0.056367,-0.239010,0.171772,-0.333987,0.336928
0.272345,0.118578,0.086755,0.214728,-0.015784,-0.014097,0.153868,0.219795,-0.438711,0.250724,-0.432025,0.192832,0.051972,0.176485,0.289910,0.145753,-0.043121,0.010607,0.081732,0.398432
-0.058608,0.148011,0.429772,0.156021,-0.006148,0.033855,0.433913,0.378300,0.080801,0.172619,-0.259274,0.168770,0.069743,-0.385647,-0.116197,0.084988,-0.219447,0.054361,-0.150819,-0.229853
0.288336,-0.284721,0.097649,0.114125,-0.298389,0.034898,0.077195,-0.362601,0.055897,-0.052190,0.254989,0.516090,-0.136356,0.010016,-0.247230,-0.187685,0.121426,-0.010342,-0.311996,0.145236
0.188778,0.158055,-0.259024,-0.130304,0.185616,-0.315830,-0.211437,-0.311396,0.238103,0.216243,-0.205966,-0.271361,-0.291268,-0.064420,0.126711,0.286124,-0.284781,-0.020868,0.152792,-0.261019
0.143581,-0.167067,0.039876,0.146883,0.223607,0.154342,-0.017715,0.106441,0.103816,0.178678,0.238112,0.486631,-0.014723,0.134998,0.342065,-0.094719,0.087233,-0.471485,-0.354321,0.082216
0.321242,0.552155,0.058606,0.148254,-0.341618,0.026729,0.039131,0.177234,0.021534,-0.445816,0.241850,0.222739,0.008858,-0.004438,0.000974,-0.135151,0.134310,0.246680,0.084697,-0.066373
-0.389302,0.188929,0.211218,-0.163728,0.003007,-0.213286,0.181164,0.206585,-0.360706,0.324510,-0.027063,-0.263481,0.158847,0.114252,-0.303048,0.187850,-0.019240,0.211326,-0.275713,0.168237
0.002174,-0.246823,-0.199343,0.185105,0.095126,-0.290997,0.310539,0.293678,0.243563,-0.307937,0.221362,0.104159,-0.294962,-0.163390,0.231176,0.117563,0.047111,0.298177,0.097294,-0.305135
-0.155363,-0.248137,-0.279691,0.241374,-0.024861,-0.314180,0.045333,-0.259595,0.164408,-0.136488,0.281840,-0.270219,0.206282,-0.070116,0.277166,0.008217,-0.265310,-0.290441,-0.185154,-0.312306
-0.327312,-0.023954,-0.210404,0.125700,-0.227154,0.034556,-0.262897,-0.001083,0.025783,0.341392,-0.091048,-0.292103,-0.284242,-0.336614,-0.127046,-0.316096,-0.030031,0.007904,0.296556,-0.316887
0.210715,0.395241,0.194664,0.373678,0.065463,0.012118,-0.375264,0.114166,-0.011375,0.034561,0.041556,0.494540,-0.078944,0.344266,-0.063370,0.142616,-0.067237,-0.144421,-0.001335,0.203613
0.106854,0.079536,0.163786,0.367885,0.383450,0.106922,0.101727,-0.285784,-0.070682,0.295244,0.330113,0.367697,0.019268,0.078490,0.019382,0.061175,0.088968,-0.260059,0.312980,0.221610
-0.300298,0.175483,-0.280971,0.281963,-0.264506,0.247433,-0.133469,-0.246431,0.156397,0.154862,0.145312,-0.242043,0.263709,-0.234188,0.218452,0.065999,0.322156,-0.211394,-0.174342,-0.165462
-0.288356,-0.242498,0.196631,0.007567,0.030211,-0.106285,0.205280,0.439820,0.301540,0.067812,0.508173,0.090465,-0.138991,-0.223879,0.025282,-0.009482,0.279174,-0.202000,0.084510,0.116326
