-0.311249,-0.327592,0.216705,0.063079,0.227348,-0.220010,-0.414959,0.330708,0.044952,0.252793,0.202705,-0.325070,0.027213,0.044873,-0.276365,-0.133382,0.122943,0.158179,-0.112890,-0.027034
0.274122,0.173125,0.230185,0.170601,-0.017867,-0.241834,0.103964,0.083109,0.154118,0.460571,0.346602,-0.163707,-0.173361,-0.090301,-0.031916,0.238068,-0.047012,-0.339144,0.364430,0.086742
0.387727,0.197498,0.279493,0.091090,-0.008037,0.106365,-0.358737,0.177720,0.154752,0.392727,0.166007,0.206788,0.084113,0.256881,0.128418,0.122654,-0.334012,-0.056512,0.268636,0.112120
0.510737,0.094056,-0.323519,-0.037968,0.441332,-0.029355,0.057802,0.087142,0.039688,0.165736,0.189142,0.124731,0.081628,0.021732,0.410240,0.326240,0.117085,0.178150,0.094565,0.031539
0.175984,-0.277238,0.193356,0.435836,-0.088729,-0.184671,0.098427,0.297994,0.350183,0.221373,-0.013244,0.070434,-0.311580,0.019966,0.047049,0.079893,0.238977,0.167076,-0.336881,0.207371
-0.193955,-0.178198,-0.253848,0.287863,0.156135,0.199155,0.354652,-0.272021,0.042627,0.084848,0.276740,0.147660,-0.363152,0.188783,0.073625,0.265558,0.125930,0.377359,0.031276,0.096995
0.050417,0.290660,0.381884,-0.093787,0.097681,0.380694,0.214249,0.294614,0.252888,0.527607,0.070538,0.071189,0.054879,0.090572,0.215175,-0.042672,0.165085,-0.163209,0.042408,0.061507
0.096093,0.365997,0.143512,-0.348092,0.001052,0.020063,0.013360,0.008616,0.007688,-0.455195,-0.053332,0.380426,0.000950,0.030725,0.008528,0.000939,0.239729,0.181605,0.292018,0.427573
-0.388050,-0.381469,0.197611,0.371181,0.028291,-0.291205,0.069074,0.053891,0.020049,-0.212874,0.261279,-0.147337,-0.076016,0.033350,-0.210188,0.105307,-0.293423,0.141744,0.099900,0.346089
0.100854,0.281908,0.308588,-0.170120,-0.202191,-0.251173,-0.320774,-0.263839,0.018685,0.020851,-0.227459,0.042651,0.295710,0.322729,0.220060,-0.277398,0.278509,-0.198748,-0.110217,0.095823
-0.109040,0.142297,-0.249108,-0.058631,-0.061300,0.154457,-0.229718,-0.228456,0.339140,0.276808,-0.372533,-0.015761,0.349283,-0.272988,-0.203352,0.270818,-0.162404,0.104909,0.255039,-0.159634
-0.170934,-0.081979,0.139099,-0.050420,-0.017733,0.245454,0.192566,0.411941,0.245917,-0.203286,-0.358709,0.271034,-0.403563,0.382013,0.075210,0.080583,0.149981,-0.011113,-0.157274,0.050988
0.122758,-0.080458,0.171445,0.397313,0.136791,-0.089352,0.397872,0.015656,0.142830,-0.485638,0.272955,0.010942,-0.044700,-0.002068,0.264645,0.297223,0.221754,-0.190475,0.069999,0.156070
0.330115,0.373336,0.225813,0.094202,-0.039926,0.021755,0.089300,-0.513843,0.032922,0.175382,0.212570,0.171947,-0.165452,0.027661,0.043636,-0.420709,0.147341,0.240316,0.154358,0.027937
0.313339,-0.302917,0.235167,0.255063,-0.001530,0.299352,-0.127060,0.199837,0.008284,-0.234441,-0.178745,0.283329,-0.197571,0.085061,-0.254370,-0.308810,-0.214657,0.096574,-0.313792,0.128619
0.413587,-0.160899,0.064088,0.212556,0.420853,0.069314,0.386064,0.375755,-0.210390,-0.091449,0.270581,0.159249,0.172076,-0.041023,-0.071909,0.091926,0.092776,0.261790,-0.056454,0.071882
