0.124162,0.062749,0.085742,0.157953,-0.141250,-0.067458,0.241123,0.076818,0.022018,0.168092,0.335347,-0.263328,0.127363,0.102544,-0.424242,0.066503,0.018169,0.307265,-0.417701,0.410983
0.266985,0.237517,0.087612,0.090406,-0.082175,0.086889,0.315793,0.054084,-0.294443,0.023393,0.440398,0.313613,0.330365,-0.274312,0.132376,0.181680,0.273277,0.023475,0.154958,0.160600
0.319020,0.159417,-0.076875,-0.075967,0.056310,0.185274,0.172218,0.128782,0.006498,0.209264,-0.399786,0.171399,0.329122,0.288741,0.347495,0.089501,0.347136,0.229315,0.220225,-0.048031
-0.110030,0.637760,0.216529,0.000529,-0.034292,-0.232584,-0.208185,0.056193,0.102207,-0.392720,0.330722,0.085517,0.159232,0.204225,0.122880,0.232633,0.098763,0.000568,0.057564,0.042274
0.129271,0.327604,0.034423,0.089023,0.003241,0.124018,-0.032002,0.099867,0.323420,-0.505599,0.245375,0.101457,0.127782,0.105587,-0.115993,0.096841,0.304775,-0.161844,0.475451,0.119533
-0.283420,0.140324,0.315579,0.141836,-0.170708,-0.274607,0.037441,-0.264083,-0.229500,-0.089085,0.332702,0.178764,-0.191979,-0.314885,-0.229529,-0.237123,0.227239,-0.147558,0.248074,-0.146489
0.191824,0.089883,0.223167,-0.208814,0.219664,-0.223698,-0.274166,-0.090293,-0.113334,0.023756,0.503642,-0.052041,0.067934,0.285633,-0.043784,0.035788,0.160423,0.249841,0.277602,0.394606
0.093036,0.007712,0.074358,0.057870,0.000973,0.468093,-0.006075,0.121641,0.012498,0.050148,0.316009,0.029822,0.098682,0.095794,-0.230008,0.014472,0.048919,0.040692,-0.174487,-0.733837
0.143643,0.284738,0.073822,-0.373386,-0.387700,0.071267,-0.077630,-0.253133,-0.113933,-0.033603,0.395664,0.247276,-0.369346,-0.127079,0.138262,0.235008,-0.119293,-0.180395,0.144795,0.038417
0.157970,-0.178974,0.162290,0.212355,-0.253736,0.287834,-0.248064,-0.211977,0.132052,0.205850,0.315701,-0.162895,-0.252708,0.298285,0.235099,-0.154478,-0.269346,0.121875,-0.178801,-0.283772
0.226513,-0.034733,0.208981,0.255563,-0.059939,-0.236086,-0.368304,0.296522,-0.120730,-0.026399,0.185593,0.039535,-0.356005,0.213913,-0.315453,0.262136,0.210721,0.325029,0.018276,-0.114941
0.053324,0.203306,-0.019509,0.116359,-0.205518,-0.382990,0.115406,-0.341721,0.076969,0.057644,0.089487,0.345279,0.213266,0.297362,0.095273,0.114578,-0.190164,-0.187798,0.134754,-0.490632
0.113801,-0.006855,-0.250039,0.168095,0.114150,0.066372,0.208083,0.111754,0.289934,0.300788,0.425482,0.034619,0.164281,0.413932,0.204946,0.002356,0.169931,-0.302195,0.321606,0.047651
0.144261,0.539080,-0.040482,0.091310,0.041404,-0.392972,0.146340,0.119766,0.106659,0.312844,-0.445131,0.199129,0.115071,0.094558,0.133666,0.252109,0.024810,0.033083,0.143212,0.117630
-0.322169,-0.092569,0.319322,-0.257322,-0.090609,-0.282681,-0.304753,0.111740,-0.133118,-0.219385,0.314713,0.194435,-0.292015,-0.298851,0.151031,-0.138141,0.176387,-0.076068,0.042947,-0.260877
0.231965,-0.084270,0.440786,0.111685,0.324666,0.095501,0.438296,-0.053618,0.170089,0.165636,-0.261803,0.256590,0.305231,0.135939,0.184098,0.047979,0.226016,-0.068301,0.104537,-0.132508
