-0.156385,0.257761,-0.197807,0.163199,0.002621,0.051620,-0.322173,0.232644,0.441642,-0.257169,0.093469,-0.112894,-0.006840,0.388982,-0.427656,0.107181,0.052912,0.115860,-0.063746,-0.184577
0.404805,0.367704,0.105443,0.156942,-0.087684,0.010819,0.272386,0.358218,0.121260,0.071598,0.093800,0.046260,0.291778,0.149667,-0.159665,0.261141,-0.456726,0.026252,0.116526,0.000988
0.257130,0.020848,0.396045,0.277257,-0.050778,0.042656,0.061664,0.234438,0.127402,-0.055617,-0.095254,-0.098889,0.188207,-0.301349,0.468044,0.225133,0.259802,0.095749,-0.353407,0.029049
0.097201,0.372470,-0.237049,0.253628,-0.017408,-0.304687,0.034676,0.199768,-0.003915,0.124342,-0.366374,0.153889,0.260699,-0.368721,0.123775,0.197688,0.019998,0.390235,0.088711,0.069212
0.531073,-0.163784,0.231768,0.115620,-0.024506,-0.146096,-0.267793,-0.385819,0.051953,0.352123,0.145120,-0.001714,0.096025,0.328121,-0.011414,0.222512,0.091330,0.009256,0.165755,0.177082
-0.014845,-0.213039,0.306375,-0.171132,0.203663,0.308523,-0.275482,0.149527,0.021489,-0.211408,-0.236215,0.111776,-0.288408,-0.105965,0.256813,-0.261784,-0.180529,0.240704,0.325779,-0.239437
-0.303465,0.458647,0.239623,0.002919,-0.182073,0.218939,-0.016733,-0.232383,0.013491,0.092639,0.104218,0.120263,0.259353,-0.075127,-0.114533,0.479610,0.106452,-0.150233,-0.074024,0.339464
0.063194,0.471769,0.064106,0.160100,0.450338,0.046448,0.116640,0.395296,-0.024299,0.064518,-0.369107,0.002573,-0.178773,-0.102203,0.051506,0.400047,0.005073,-0.045011,-0.102302,0.101292
0.214487,0.235527,-0.223186,0.058241,0.020845,0.050757,-0.405847,0.161377,0.187386,0.176069,0.048081,0.202046,0.075225,0.007802,0.025860,-0.198298,0.378974,-0.566620,0.082081,-0.158674
0.272679,-0.275833,-0.308281,0.052616,-0.208821,0.280995,0.196806,0.178623,-0.090801,0.256888,0.242412,0.238078,-0.053645,-0.187038,-0.016555,0.270465,-0.320816,-0.226614,0.302098,-0.109756
0.240079,0.240113,-0.288949,0.216420,0.285093,-0.192119,0.167324,0.248978,-0.290897,-0.223609,-0.089433,0.208517,-0.239046,-0.240234,0.229336,-0.273960,0.293988,-0.140093,-0.062483,-0.087411
-0.247675,-0.322992,0.322741,0.077390,0.159138,0.061446,-0.030488,-0.160180,-0.104757,0.369488,-0.246974,-0.001134,0.093048,-0.131901,-0.169018,0.354789,-0.055200,0.179337,0.347304,0.351675
0.230803,0.267249,0.050398,0.477395,-0.025038,0.107701,0.034397,0.026848,0.033416,-0.137662,0.195229,0.105544,0.391474,0.178528,0.093642,0.581852,0.047811,0.158394,0.039566,-0.005091
-0.243658,0.701092,0.106785,0.290122,-0.030435,0.126836,0.006896,0.141579,-0.363052,0.052617,0.113848,0.082126,0.264782,0.035110,0.007151,0.236306,0.085060,-0.064244,0.115199,0.101355
0.295812,-0.226120,0.083714,0.246515,-0.190368,0.227253,0.316475,0.325623,0.114577,-0.280860,0.001545,-0.222739,-0.055179,0.231331,0.186972,0.292385,0.049141,0.007787,-0.317316,-0.278783
0.032091,0.274511,0.022871,0.308614,0.172080,-0.123914,-0.221287,-0.362634,0.316720,0.075831,0.330349,-0.054323,-0.014700,0.262108,-0.017438,0.301735,0.314155,0.189909,0.051973,0.294183
