0.016096,0.041159,0.222649,0.241529,0.035127,0.396937,-0.122037,0.125455,-0.185684,0.119257,0.438725,-0.311709,0.102092,-0.372422,-0.007613,-0.068485,0.038897,-0.246640,0.050955,-0.378893
0.626626,0.212838,0.033253,0.272757,-0.180370,0.111919,-0.074891,0.232108,0.108829,0.097962,0.360952,-0.018920,0.276718,0.097124,0.177874,0.275633,-0.141436,0.060696,0.111487,0.013230
0.278809,0.403412,0.119848,0.007125,0.322368,0.256551,0.160885,0.178325,0.147076,0.329420,-0.282102,0.100150,-0.376710,0.038229,-0.275420,0.079522,0.071147,-0.160166,0.011586,0.203779
0.384851,0.067103,0.313030,0.052027,0.039925,0.128274,-0.178094,0.117243,-0.424326,0.172528,0.362550,0.397335,0.056521,-0.006053,0.140338,-0.295613,0.257218,-0.030597,-0.066008,0.047723
-0.057132,-0.086684,0.086006,0.091741,0.028771,0.113279,-0.261727,0.100178,-0.154463,-0.422270,0.342488,0.459650,-0.135720,0.015255,-0.205039,0.227233,0.485589,0.033106,0.002612,0.035160
-0.178488,-0.100384,0.171904,0.253919,-0.258090,0.109095,0.032983,-0.303458,-0.285406,-0.006578,-0.216858,-0.284781,0.338225,0.240575,-0.122165,-0.099512,-0.313236,-0.293296,-0.186399,-0.258344
0.282096,-0.042974,-0.090676,-0.099180,0.350560,-0.090167,0.167559,0.134297,0.362893,0.311221,0.410386,-0.091439,0.120940,0.022674,0.271402,0.073349,-0.042642,0.391542,0.023482,0.261151
0.117285,0.677650,-0.258791,-0.278632,-0.038073,0.051356,0.082778,0.022565,-0.232087,0.192059,0.471868,0.095438,0.050535,-0.027904,0.153793,0.103111,0.040809,-0.025147,0.067977,0.062632
0.009357,-0.191726,-0.332262,0.119043,0.376730,-0.045939,0.121830,0.117388,0.086557,0.194539,0.296840,0.399599,0.324271,0.060906,0.408897,-0.159292,0.027297,0.006166,0.075011,0.254861
-0.133726,-0.170086,0.318564,-0.268405,0.199328,0.194974,0.231277,0.026504,0.147432,-0.259842,-0.289147,0.291731,-0.282025,-0.229558,-0.237170,-0.078967,0.159729,0.292693,-0.162361,-0.239780
-0.063842,0.260767,-0.243815,-0.094497,-0.183335,-0.305985,-0.280486,-0.185760,-0.162242,0.114593,0.135487,-0.304667,-0.129603,0.318892,-0.242185,0.187752,0.319833,0.242595,0.260691,-0.164319
0.294844,0.236908,0.374646,0.172608,0.021231,0.045728,0.172010,0.089000,-0.168379,0.028242,0.441294,0.034126,0.230221,-0.185037,-0.025598,-0.316883,-0.354230,0.105544,-0.185839,0.249437
0.572233,0.267943,-0.297217,0.192090,-0.077932,0.364039,0.100814,0.222744,0.189033,0.026588,0.432220,0.157527,0.094647,0.088126,-0.008297,0.067677,-0.080347,-0.034250,0.004868,0.006925
0.692755,-0.304781,0.089905,-0.002718,-0.019590,0.303829,0.063451,0.083779,0.001179,0.148979,0.333046,0.074055,0.040486,0.050282,0.112087,-0.394734,0.051817,-0.001099,0.037635,0.010961
-0.247584,-0.232977,-0.166989,-0.164684,-0.331342,0.060411,0.226586,0.213246,-0.226718,-0.187431,-0.235314,-0.272257,0.122688,0.266167,-0.252854,-0.232765,0.247614,-0.110793,0.215913,-0.280927
0.607322,0.290584,-0.138714,-0.036859,-0.114838,-0.177505,0.072213,-0.027720,0.154075,-0.277813,0.412405,-0.103690,-0.103994,0.269890,0.072159,0.283810,-0.048456,0.065853,0.131848,-0.014657
