-0.360875,0.058214,0.093302,-0.193989,-0.209492,-0.360648,0.272276,0.343873,0.359875,0.325616,0.157269,0.078672,0.179197,-0.004807,-0.155218,0.340643,0.030665,0.021696,-0.062909,-0.098053
0.669227,0.264479,0.173183,0.140231,-0.026104,0.031991,-0.001017,0.090905,0.302603,0.280271,0.351800,-0.012695,0.023028,-0.010654,0.270721,0.152602,-0.036889,0.077168,0.065768,0.140190
0.545643,0.188654,-0.079245,-0.196123,0.246793,0.042145,-0.157051,0.082660,0.238293,0.220458,0.405564,0.025918,-0.398303,0.035485,0.188387,0.224723,0.061538,0.029746,0.078762,-0.021204
-0.420975,-0.507460,0.007205,-0.099837,0.051138,-0.259230,0.066366,0.028594,-0.117919,0.166743,0.380189,0.193611,0.062694,0.453067,0.128604,0.163486,0.029230,-0.007298,0.055567,-0.002925
0.284675,0.171357,0.185936,0.097329,0.372820,0.076999,0.093760,-0.175993,0.057111,-0.392357,-0.333453,-0.001012,0.052786,0.448693,0.342803,0.049803,0.231245,0.120102,0.021455,0.000359
-0.128296,-0.270454,0.258532,-0.102112,-0.069865,-0.152922,0.083594,-0.126597,0.168654,-0.239838,-0.268890,0.281304,0.335731,0.237594,-0.116658,0.317008,-0.316821,-0.312641,0.142256,0.206933
0.439715,0.022255,0.228039,0.174613,0.215238,0.195522,0.256984,0.264253,-0.038578,0.355158,0.243647,-0.105475,-0.021231,0.157264,0.289881,-0.126600,0.209308,-0.178469,-0.137708,0.291989
0.167901,0.105182,0.230082,0.026214,-0.026414,0.077764,-0.066255,0.041978,0.082806,0.097653,0.284892,-0.012734,-0.149285,-0.313642,0.061619,-0.811786,0.066553,-0.032255,0.060986,0.062175
0.124568,0.129578,0.198550,0.384421,0.006021,0.193994,-0.253934,0.153500,0.239984,-0.274392,0.337922,-0.245711,-0.201702,0.106958,0.139160,0.374976,0.248141,-0.042682,0.249658,-0.097500
0.216073,-0.153401,0.282462,0.218809,-0.292980,0.237726,0.252469,-0.248502,-0.094859,-0.148863,-0.275338,-0.189525,-0.193734,-0.286931,-0.112139,0.081899,0.298056,-0.242915,0.136413,0.292892
-0.168749,-0.044677,0.280315,0.014996,0.264045,-0.221410,-0.187974,-0.183704,-0.289867,-0.285811,-0.290394,-0.167185,0.316477,0.054403,-0.288866,0.040976,0.182579,0.294756,-0.201665,-0.275296
-0.079567,0.112599,0.047731,0.062484,-0.403624,-0.220170,0.253691,-0.288053,-0.379547,-0.366658,0.344051,0.013170,-0.171016,0.390844,0.019167,0.127649,0.027774,0.089451,0.106580,0.015786
0.271766,0.306673,0.250794,0.265942,-0.050255,0.108684,-0.157386,0.264046,0.134369,0.181895,0.298159,0.147720,0.123632,-0.320295,0.080277,-0.389000,0.244892,0.055751,-0.264335,0.138531
0.368488,0.139054,0.380880,0.001154,0.032709,0.148125,-0.054122,0.061766,0.019717,0.192842,0.351546,0.254498,0.010326,0.019398,0.259829,0.016921,0.055448,0.061117,0.071090,0.603308
0.292505,0.285777,0.271215,0.204616,0.017849,-0.157693,0.160072,-0.082178,-0.185620,-0.238343,-0.279059,-0.293172,-0.272486,-0.190022,0.066510,0.066740,0.266320,0.267221,0.215161,0.311186
-0.009891,0.298361,0.303870,0.120179,0.086644,0.120881,0.103241,-0.342218,0.164314,0.058887,0.290499,0.217232,0.233316,0.160619,0.404650,0.206559,-0.047718,-0.253022,0.260684,0.266962
