-0.194737,0.045594,0.269065,0.009249,-0.002700,-0.214489,-0.015822,0.037403,0.393427,-0.347137,-0.330031,0.118522,0.388966,0.085165,0.049270,0.309135,0.043070,0.252303,0.269916,-0.216082
0.112975,0.272211,0.263867,0.003265,0.275882,0.059637,0.069463,0.110967,0.222698,0.170167,0.412222,-0.138954,0.326998,0.031752,-0.093012,0.370213,-0.192605,-0.079163,0.413521,-0.104404
0.060653,-0.238354,0.197466,0.175088,0.223401,-0.214812,0.085805,0.151131,-0.573152,0.195542,0.279364,0.140018,0.291427,0.110889,-0.001347,0.255252,0.215814,-0.176207,0.181322,-0.079574
-0.357835,0.129303,-0.425840,-0.098650,0.023504,0.122147,0.061141,0.478442,-0.409532,0.138150,-0.201790,0.054401,0.133902,0.042960,0.029727,0.242091,0.100072,-0.032500,-0.030198,0.307109
0.346912,0.056828,0.119921,0.113806,0.239551,0.423868,0.428694,0.038100,0.003965,0.167038,0.056604,0.520356,0.144851,0.078220,-0.186767,-0.038885,0.081424,0.029625,0.217581,0.081094
-0.265126,-0.279107,0.164610,-0.114126,0.244643,0.276172,0.211193,0.198082,0.225500,0.308860,-0.070832,0.250519,-0.226266,0.305034,-0.222468,-0.230743,-0.227766,-0.200513,0.182046,-0.074205
0.081271,0.065530,0.208290,-0.261230,-0.163526,-0.013183,0.233640,-0.008147,0.167217,-0.021853,0.446607,0.185665,-0.163915,-0.066960,0.170603,0.429807,0.262563,-0.195312,0.204203,0.373579
0.162406,0.090978,0.215318,0.171696,0.225827,0.130193,0.035083,0.053145,0.022542,0.197489,0.239875,-0.072060,0.112960,0.097153,0.005201,-0.429288,0.100361,0.253058,0.644226,-0.140031
0.211048,0.191772,0.257067,0.063350,0.003024,0.220664,-0.403496,-0.339924,0.044234,0.200838,0.086585,0.393339,-0.305363,0.178185,0.373308,-0.216646,0.042881,0.017905,0.051347,-0.030583
-0.100664,-0.203086,-0.263794,-0.130732,0.259403,0.261547,-0.187059,-0.261100,0.240308,0.267061,0.231518,-0.220064,-0.127399,-0.241782,0.202716,0.303976,0.083289,0.217167,-0.249792,-0.259436
-0.162147,0.037401,0.013584,0.357228,0.025921,0.315611,-0.345824,0.210979,0.186212,0.173656,-0.294494,-0.058712,0.250101,0.090739,0.345167,-0.303333,0.195797,0.124487,-0.255957,-0.154393
0.013185,-0.328759,0.179939,-0.196848,-0.134293,0.025699,0.035847,0.357182,0.020469,-0.364389,-0.152966,0.300339,0.158833,-0.031699,0.285460,0.339731,-0.124404,0.084704,0.193734,-0.378068
0.090954,-0.068968,0.210152,0.477996,0.141838,-0.063941,0.122091,0.112473,-0.119962,0.087829,0.416142,-0.187647,0.090201,0.065496,-0.259128,0.487600,-0.265949,-0.025536,-0.206418,0.027522
-0.160188,0.090785,0.219868,0.363238,-0.004016,0.093333,0.042454,0.059748,0.016527,0.157662,0.176922,0.447205,0.416672,0.026104,0.035340,0.437334,0.127871,0.031347,0.175057,0.317026
0.125168,-0.066988,-0.158116,0.201855,-0.049671,0.184019,0.031825,-0.310442,-0.025758,-0.219181,0.215342,-0.273357,0.287179,-0.325498,-0.245741,-0.295827,0.284010,0.216782,0.268975,0.272497
0.212433,-0.114072,0.128429,0.405685,-0.168349,0.169146,-0.051927,-0.047094,0.036811,0.264069,0.539680,0.360664,-0.178645,0.012503,-0.022764,0.303539,0.143504,0.208271,-0.018205,0.132184
