0.056066,0.011252,0.166164,0.038366,0.013030,-0.074000,-0.385223,0.363795,0.019081,0.402063,0.075732,0.044822,-0.407910,-0.046020,0.258487,-0.421092,-0.036557,0.197062,0.214162,0.113217
0.323221,0.363522,-0.149034,0.232867,-0.070712,0.092770,-0.010365,-0.280592,0.296098,0.255583,0.167484,0.277722,0.141058,0.176253,-0.348668,-0.093775,0.120748,0.229677,0.277139,0.104190
0.118933,0.296090,0.189775,0.125202,-0.015681,0.084846,-0.045318,0.584923,0.240029,0.200990,0.449617,0.090086,0.081769,-0.111421,0.157384,0.100119,0.232567,-0.006531,0.120723,0.252947
-0.175840,0.261679,0.020554,-0.480947,0.054735,0.061562,0.029276,0.040290,0.209302,-0.551876,0.176157,0.023254,0.042953,0.117767,0.217356,-0.320387,0.161886,0.150809,0.228469,0.113604
0.121750,-0.110006,0.455614,0.055725,0.029134,-0.301562,0.205421,0.303893,0.008833,0.173016,0.156172,0.025782,0.484007,0.065087,0.086569,0.304842,0.125816,0.284681,0.173256,0.123165
0.281854,0.292050,0.102069,-0.205474,0.265580,-0.307900,0.214831,-0.205191,0.199880,-0.010911,-0.268691,0.208396,0.279041,-0.099370,-0.182688,0.306272,0.265429,-0.128286,-0.233927,0.129596
0.395563,-0.280393,0.323438,0.011025,-0.160576,-0.003549,0.223099,0.110856,-0.130780,0.364968,-0.093883,-0.063483,0.036682,0.098540,-0.006854,-0.011336,0.470056,0.156791,0.077462,-0.382623
0.097253,-0.382423,0.239238,0.177882,0.002545,0.073382,0.061584,0.065127,0.084082,0.198326,0.202288,-0.356073,-0.552822,0.012049,0.086314,0.061643,0.146679,0.024260,-0.027943,-0.433578
-0.187644,0.447634,0.183782,0.350810,0.016718,-0.011792,-0.447013,0.042782,0.024181,0.156677,-0.310092,0.093541,0.207352,0.097731,0.026928,0.266927,0.118379,-0.131244,-0.320908,-0.129302
-0.112857,0.097559,-0.161729,-0.151505,-0.344191,0.329117,-0.245445,-0.338267,-0.309347,-0.248961,-0.212664,0.181459,-0.308247,-0.102173,-0.136919,0.240343,0.258875,-0.117347,0.104217,0.133182
-0.130758,-0.232256,0.077875,0.157348,0.241953,0.276181,0.313531,0.034087,-0.180766,0.176130,-0.115248,0.323139,-0.261154,0.168569,-0.351472,-0.192475,0.191572,-0.323538,-0.264684,-0.117588
0.070936,0.064648,0.157037,-0.100663,0.486084,0.186618,-0.019116,-0.169963,0.400935,0.151029,-0.180628,0.347801,0.171935,0.052244,0.102707,0.193479,-0.381253,0.114676,-0.238286,0.151424
0.040412,0.195814,-0.112156,0.056350,-0.085158,-0.256932,-0.144419,-0.059800,-0.034476,-0.032635,0.481950,0.200254,0.367327,0.283621,0.404052,0.277625,0.145193,0.050858,0.304246,-0.001822
0.128063,0.093453,0.112904,0.092142,-0.687768,0.052130,0.295868,-0.085234,0.355204,0.100536,-0.161707,0.000173,0.031068,0.098017,0.135784,0.119507,0.125582,0.022243,-0.386824,0.107087
0.327252,0.216805,-0.302545,0.318493,-0.081715,-0.131277,0.205459,0.202245,-0.312992,0.261127,0.277930,0.237398,0.001171,-0.214336,0.108253,0.004507,0.186836,0.247442,0.144600,-0.267254
0.234736,0.229281,0.233415,-0.069041,0.007271,0.195969,0.339341,-0.018979,-0.123182,-0.155301,0.221716,0.293502,0.095116,0.232461,0.007098,0.345009,0.380616,0.215987,0.359880,-0.036305
