0.249401,0.281975,0.274595,0.133709,-0.006349,0.042109,-0.123313,0.263704,-0.216382,0.080748,0.217337,0.317982,-0.384446,0.309511,-0.176564,0.105600,0.359880,0.144990,0.014545,0.200225
0.144178,-0.004543,0.301878,-0.226177,0.080359,0.103630,0.015328,0.513475,0.077067,0.270918,0.119097,-0.007699,0.025984,0.147282,0.184894,0.264487,0.233168,-0.312820,0.419211,0.088151
0.264629,0.010940,0.328830,0.225175,-0.046089,0.164547,-0.133874,0.398629,0.121080,0.005911,0.175345,-0.155592,0.066748,0.205529,0.209003,0.236813,-0.010665,-0.302185,0.457051,-0.220354
0.081327,0.507147,0.130794,0.113983,-0.146507,0.531833,0.216074,0.416377,-0.249284,0.142318,0.175989,-0.153278,-0.011181,0.000872,0.071277,0.147935,0.042909,-0.020629,-0.097169,0.077832
-0.336206,0.048438,0.082184,0.154385,0.201971,-0.006611,-0.116256,0.333283,0.038951,0.111162,-0.260263,-0.362684,-0.168046,0.121848,0.023182,0.397762,0.102876,-0.074411,0.188392,0.471170
-0.168698,-0.212768,-0.284574,0.155360,-0.124485,0.293105,0.156468,-0.041630,0.306611,-0.297734,-0.284906,0.299865,-0.025570,0.276774,-0.197660,-0.276426,-0.246408,-0.142095,-0.218157,0.136177
-0.270811,-0.048124,0.137733,0.110880,-0.189693,0.052395,0.232575,0.349843,-0.029245,0.238140,0.436222,-0.128650,-0.192645,0.161144,0.188144,0.042418,0.138356,-0.265799,0.202267,0.427181
-0.367643,0.054971,0.081271,0.140075,0.359433,0.021261,-0.105659,0.062591,0.069325,0.067386,0.172582,0.025319,-0.032694,0.153282,0.537407,0.150195,0.147050,0.469823,0.259044,0.075521
0.364498,-0.239864,-0.103402,0.138473,-0.002479,-0.166030,0.043504,-0.343555,0.309857,0.318658,-0.198343,0.032851,-0.249228,0.118665,0.025233,0.366311,0.353272,0.027683,-0.170179,-0.169489
-0.056270,-0.262923,-0.229166,-0.030181,-0.305138,-0.119636,0.183133,-0.279963,-0.250095,0.295245,-0.292358,0.272776,-0.037672,-0.066160,-0.282222,-0.271417,-0.272715,0.231282,0.231238,-0.069953
0.233877,0.287198,-0.232107,0.163567,0.285474,0.029477,0.227711,-0.264735,0.179315,0.164051,-0.306238,0.245021,-0.014608,0.132580,-0.256770,-0.314792,0.320979,-0.157215,0.216319,-0.087486
0.095145,-0.244108,0.397348,-0.044315,0.194321,0.379909,0.052037,-0.120844,-0.143840,-0.270778,0.206092,0.061153,-0.013854,0.411887,-0.230405,0.094663,-0.289043,-0.277789,0.156466,-0.121648
0.143617,0.129420,0.318773,0.125699,0.136505,-0.151736,-0.049968,-0.040290,0.034256,0.338463,-0.407864,-0.067873,0.171247,0.352794,-0.207369,0.354397,0.296672,0.008761,0.313121,0.064931
0.264266,-0.240598,0.072714,0.100782,-0.004587,0.108882,0.035427,0.433543,-0.354858,0.118078,0.080784,-0.482587,-0.039635,-0.253883,0.012356,0.217802,0.352350,-0.016235,0.179316,0.079201
0.315494,-0.103238,0.230347,-0.207577,0.222753,-0.186414,-0.199918,-0.293425,-0.196726,0.300943,0.284746,0.283846,-0.249545,-0.260365,-0.140787,0.186965,-0.016216,-0.177768,0.274695,-0.012056
-0.320212,0.254115,0.244197,0.085109,0.020077,0.188354,0.255814,0.528209,-0.123759,0.431003,-0.040294,0.104445,-0.020397,0.060162,0.221128,0.076414,0.105055,0.006486,0.253246,0.195170
