0.086503,-0.080372,-0.163874,0.364790,0.014309,-0.244886,-0.153812,-0.081611,-0.177815,0.107411,0.230746,0.357697,0.099009,-0.164530,0.339246,0.257276,0.016909,0.248305,0.343612,-0.336349
0.475413,0.173436,-0.009440,0.211431,0.114152,0.358220,0.164170,-0.186472,0.023530,0.152671,0.314318,0.220644,0.148356,-0.362644,0.301497,0.150857,0.113359,0.123204,-0.005514,0.171626
-0.384619,0.036885,0.100787,0.210958,-0.157952,0.183198,0.107306,0.150846,0.135156,0.144858,0.471729,0.122089,0.304100,0.087913,0.154005,0.544710,0.040144,0.038632,-0.014547,-0.051324
0.453406,0.092376,0.026592,0.073853,0.240369,-0.058927,-0.294295,-0.281905,0.046910,0.237410,0.451228,0.028020,0.039143,0.057250,0.191060,-0.062540,0.028099,-0.276248,0.406002,0.047733
-0.347168,0.102786,-0.011045,-0.159637,0.193316,0.069885,-0.250261,-0.074376,0.200256,0.183552,0.507716,0.096353,0.020349,0.012811,-0.161114,0.003370,0.020366,0.008823,-0.496266,0.344549
0.211664,0.268389,0.291542,0.068336,0.349464,-0.023617,0.150540,0.323109,-0.363163,-0.058410,-0.247282,-0.270809,0.136180,0.287947,0.089179,0.291262,0.255467,-0.010859,-0.063450,0.101571
0.329777,0.518265,-0.054944,0.031840,-0.003319,0.153392,0.096915,-0.101004,-0.135195,0.282546,0.299771,0.299671,0.261288,0.012505,-0.025174,-0.186648,0.249860,0.207351,-0.123959,0.270217
0.604258,0.153156,0.095115,-0.117495,-0.036645,0.045692,0.041657,0.373141,0.002337,0.099928,0.372168,0.012562,-0.131612,0.328583,0.144860,0.107180,0.058982,0.191163,-0.311909,-0.020862
-0.359791,-0.353748,0.141107,0.115883,0.339679,-0.087451,0.123225,0.104060,0.212229,-0.014856,0.329986,0.055374,0.098362,0.053340,-0.315703,0.400449,-0.043956,-0.230644,0.125030,0.250005
0.257965,-0.189997,0.055428,-0.209504,0.241756,-0.238092,-0.192003,-0.271982,-0.211742,0.056455,-0.268580,-0.196028,0.339484,0.193580,-0.280394,-0.033180,0.156529,0.169231,-0.267168,0.329956
-0.064692,0.224929,-0.091704,0.101878,0.155609,-0.379847,0.206769,0.289206,-0.178189,-0.294742,-0.426687,0.030334,0.046783,0.240574,-0.105924,0.215970,0.052583,-0.010051,0.332437,0.314051
0.228089,-0.242103,0.356693,-0.370959,0.254930,-0.108382,-0.348240,0.088363,0.193287,-0.290441,-0.012497,0.321265,0.061833,-0.055294,-0.012840,-0.271160,0.029016,-0.324751,-0.073629,0.036369
-0.168099,0.541556,0.187814,0.312431,0.040081,0.007051,0.128184,0.160489,0.248726,0.098864,0.439231,-0.023786,-0.147154,0.019595,0.023348,0.073146,-0.022499,-0.097600,-0.245336,0.372081
0.473934,0.287508,0.462994,0.057407,0.017693,0.113977,0.350474,0.005594,0.019494,0.215401,-0.343388,-0.082718,0.037043,-0.166220,0.177478,0.119136,0.186266,0.100302,0.067287,-0.208300
0.280437,-0.031180,0.195752,-0.133482,0.317193,0.311626,-0.252829,0.251402,-0.164627,0.218740,0.096859,0.007580,0.322919,-0.201943,0.054005,-0.293727,-0.182248,0.265679,-0.251674,0.231561
0.307174,0.239131,-0.279879,-0.088503,-0.008552,0.278561,0.324673,0.318868,-0.098892,0.100973,0.278196,0.193030,-0.120834,0.071872,0.322278,0.052140,0.279092,-0.141350,0.262304,0.223348
