0.245490,-0.003985,0.238784,-0.354587,-0.438160,0.181379,-0.069344,0.124725,-0.200518,0.040836,0.179489,0.270890,0.171166,0.031958,0.008133,0.081884,0.147603,-0.362189,-0.004136,-0.417341
0.086010,-0.117383,-0.111778,0.253981,-0.031238,0.196169,0.097867,0.152122,-0.030495,0.222584,0.579697,0.124718,0.135788,0.352657,0.149503,0.268638,0.184682,0.115855,-0.376689,-0.028662
0.500840,-0.021864,0.060359,0.162374,0.067355,0.280273,0.108916,0.112894,0.260123,-0.212598,0.333085,0.082392,0.194857,0.031031,0.187700,0.274522,-0.380648,0.027218,0.226423,0.184263
0.165612,-0.073044,0.107358,-0.421278,0.011485,0.110815,0.065208,0.139783,-0.294001,0.059495,0.468118,0.409231,0.251290,0.020976,-0.275213,0.193503,-0.171121,-0.125062,0.094632,0.186551
0.382279,-0.006057,0.126099,0.125317,-0.326103,0.134007,-0.284640,-0.362772,0.014413,0.135009,-0.065132,-0.268905,0.411089,-0.264471,-0.277467,-0.147674,0.035872,0.048411,0.097249,-0.198711
0.199761,0.304892,-0.006914,-0.064229,-0.027405,0.181328,-0.289482,0.320912,0.248172,-0.263174,0.213430,-0.307383,-0.138074,-0.283568,0.294725,-0.174033,-0.256128,0.032419,0.284054,0.087728
0.360911,-0.119480,-0.040379,0.291722,-0.020141,0.394042,0.264974,0.179783,0.197204,0.113062,0.295280,0.065636,-0.009657,-0.108623,-0.076489,0.343318,0.432174,-0.012823,-0.210238,0.024661
0.185696,-0.013743,-0.162394,0.076114,0.037393,0.176550,0.352157,0.144738,-0.022524,0.377524,0.521809,0.140699,-0.195130,-0.226682,0.050649,0.133852,0.078569,0.085622,0.435794,0.084591
0.056681,-0.248447,0.127124,-0.166962,0.086103,0.165209,0.061294,-0.081282,0.279362,-0.243775,0.092341,-0.303340,0.422108,0.290128,0.093785,0.072002,0.041079,0.390837,0.095431,0.409956
-0.093304,0.208076,-0.023616,-0.203693,0.188664,0.294640,-0.245861,-0.150814,0.127900,-0.276751,-0.315238,0.249696,-0.321232,0.088187,0.084841,0.316033,-0.180779,-0.250304,0.315410,0.181161
-0.298167,-0.022178,0.178780,0.309440,-0.192532,0.304095,-0.256400,0.319902,0.291671,-0.190045,-0.251958,0.110028,0.278131,0.012971,0.320313,0.104544,-0.075557,-0.212000,-0.192013,0.099568
0.248170,-0.349733,-0.376078,-0.235831,-0.323589,0.414883,0.058517,0.116365,0.029421,-0.061559,-0.261502,-0.128648,0.096052,-0.273341,0.080320,0.118554,-0.172731,-0.035487,0.301441,0.096160
0.048435,0.128460,0.010056,0.180121,-0.120985,0.372029,-0.043550,0.268977,-0.300095,-0.057114,0.364022,0.167524,0.313148,0.162602,0.039573,0.113884,0.392156,0.209967,0.196514,-0.303145
0.157973,-0.132743,0.529901,0.263480,-0.039162,0.187804,0.099288,0.102561,0.211048,-0.072190,-0.098109,0.131711,0.132785,-0.005297,0.105240,0.171247,0.150955,-0.433536,0.392980,-0.223754
0.185590,0.259345,0.263351,-0.277334,0.301395,-0.232559,-0.149081,-0.313551,0.096563,-0.105122,-0.211908,-0.182927,0.118827,-0.028350,-0.269961,0.259270,0.297400,-0.270968,0.257188,0.069175
-0.067793,-0.008883,-0.046926,0.156674,0.107583,0.165322,0.223591,0.016846,0.233012,0.032108,0.586144,0.339752,-0.194665,-0.083901,0.166076,0.297441,0.113896,0.138163,0.273145,-0.312117
