0.065812,0.040875,-0.155456,0.282141,0.218319,-0.120547,0.330438,0.357659,-0.159384,0.158305,0.442003,-0.161606,0.092432,-0.194001,0.255798,0.062978,0.045154,0.220408,0.077822,-0.383045
-0.094771,0.160979,-0.068903,0.215003,-0.131757,0.227840,-0.247122,-0.295996,0.403233,-0.323607,0.454267,0.089012,0.248221,0.179394,0.244913,0.146421,0.037860,-0.049853,-0.040638,0.183815
0.245380,0.406728,0.098281,0.050530,0.027918,0.002952,0.186752,0.108540,0.087075,0.259466,0.398698,0.196000,0.245795,0.136341,0.138883,0.043113,0.444145,0.115666,0.304617,0.197069
0.210440,0.086322,0.094126,0.066364,-0.060558,0.058539,0.141937,-0.051381,0.416837,-0.191533,0.493645,0.075062,0.071306,-0.122668,0.149627,0.106391,0.025225,0.403627,0.447983,0.165174
0.334912,0.050304,0.271012,-0.175709,-0.007655,0.092145,-0.001064,0.059893,0.431267,-0.372724,0.238352,0.151629,-0.414947,-0.215333,0.077621,0.117399,-0.276981,-0.215715,0.048789,0.011787
-0.291615,-0.296170,-0.314021,0.252525,-0.054970,0.130130,-0.290299,-0.269674,0.006666,-0.006367,0.349366,-0.276522,0.276660,-0.302244,-0.003164,-0.210262,0.017278,-0.078482,-0.160300,0.212228
-0.049427,0.031131,0.291247,0.221253,0.194593,0.242067,0.244738,0.011426,-0.091897,0.378940,0.501876,0.023447,0.395834,0.118390,0.043764,0.282737,-0.030297,-0.011704,-0.208895,-0.067839
-0.401040,0.007309,0.056265,0.290401,0.033997,-0.265933,0.200016,0.029801,-0.031638,0.098917,0.342493,-0.035374,-0.286347,0.276553,0.080606,-0.336364,0.016763,0.026006,0.425479,0.222266
0.453559,-0.013955,0.138234,0.194373,0.344829,-0.169844,0.047389,0.014777,-0.043582,0.096948,0.397367,-0.279613,0.103392,0.416485,-0.151497,0.043917,-0.149781,-0.302707,0.111198,0.064336
0.236673,-0.273085,-0.250342,-0.297462,-0.173820,0.100626,-0.203940,0.138237,0.303012,0.122011,-0.277202,0.018156,0.294725,-0.006628,0.322567,-0.307102,-0.164585,-0.184936,-0.279009,0.094547
0.105111,-0.166640,-0.187200,-0.232082,-0.281191,-0.024362,-0.192177,0.312778,-0.289299,-0.322103,0.310206,-0.257111,0.273190,0.111422,-0.094975,0.329110,0.093204,-0.200242,0.037969,0.231233
0.127582,-0.495417,0.045449,0.025955,0.276022,0.100416,-0.125306,-0.124998,-0.017257,0.332653,-0.179456,0.144760,-0.032581,0.052340,0.441378,-0.227218,-0.375764,-0.107813,-0.209085,0.083959
0.112276,-0.018393,-0.013008,0.094900,0.191177,0.290016,0.118051,0.302525,0.242708,-0.280993,0.275670,-0.301984,0.229560,0.091023,0.259226,0.293961,0.339458,0.106432,0.300060,0.124594
0.125063,0.000982,0.133463,0.197398,-0.006336,0.073240,0.113354,-0.397500,-0.010907,0.254360,0.191710,-0.336825,0.084190,0.277354,0.118975,-0.372281,0.494274,0.045091,0.107997,0.203797
-0.225611,0.156589,-0.212100,0.150192,-0.168328,0.302127,-0.063073,0.180429,-0.161116,0.118457,0.268639,-0.294781,0.299779,-0.304378,0.237961,-0.237894,0.175854,0.125985,-0.290283,0.273936
0.156282,-0.104928,-0.070879,0.079200,0.603561,-0.026832,0.134952,0.259493,-0.016709,0.150774,0.193818,0.001487,-0.101676,-0.352373,0.308912,0.057886,0.179814,0.249785,0.277181,0.193129
