-0.294736,-0.186506,0.347110,-0.332501,-0.000918,0.024477,-0.178759,0.145648,0.036571,0.140108,-0.267719,0.129072,-0.391551,0.223910,0.432029,-0.017576,0.072311,-0.151764,-0.217717,-0.134786
0.307942,0.283005,-0.478818,0.011982,-0.189068,0.155514,0.223389,0.089396,0.127058,0.198826,-0.242246,0.308557,0.215210,0.000079,-0.128908,0.202121,-0.160309,-0.064732,0.108955,0.350331
0.388695,0.113034,0.379655,-0.048175,0.068230,0.118392,-0.229335,0.072677,0.298690,0.221928,0.421070,0.356336,0.091062,0.123171,0.108074,0.006107,0.165854,0.004324,0.035962,-0.326173
0.336669,0.036412,0.127942,0.127562,0.013806,0.095938,0.320268,0.087022,-0.319935,-0.288769,0.370983,0.133174,0.070857,0.255840,0.030194,0.087278,-0.335050,-0.267877,-0.335118,0.129280
-0.203410,0.318852,0.346510,0.166368,0.009653,-0.339270,0.093331,-0.023480,0.066803,-0.079910,0.308958,0.199081,0.341773,0.031881,0.063351,0.150401,0.395549,0.014336,-0.331075,-0.167573
-0.217836,0.271025,-0.301091,-0.134981,0.042467,0.099435,0.352546,-0.140246,-0.113373,-0.226950,0.285691,0.288805,0.316078,-0.246989,0.289703,-0.313680,-0.008958,-0.148594,0.042059,-0.134237
0.164223,0.005324,-0.101073,0.052080,0.224215,0.314717,0.352826,0.105298,0.109991,-0.010603,0.186423,0.398414,-0.064597,-0.252714,0.265346,0.004038,-0.459120,-0.153580,0.050233,0.306792
0.246271,0.009720,0.146434,0.126648,-0.312507,0.040787,0.060345,0.095166,0.462815,0.447895,0.226744,0.286192,-0.008218,-0.036242,0.389058,0.050386,0.104507,0.073756,0.024299,0.263412
0.121051,0.110039,0.205406,0.089811,-0.176631,-0.421554,-0.017462,-0.064596,-0.400973,-0.289623,0.027796,0.128636,0.049157,0.033035,0.076629,-0.353357,-0.246109,0.327619,-0.311542,-0.220029
-0.303916,-0.279688,-0.191766,-0.246923,0.207033,-0.123387,-0.008814,-0.086899,-0.219846,0.131702,0.225738,0.269439,-0.225968,-0.262218,0.295436,0.257958,0.310648,-0.021298,0.182160,-0.270063
-0.229529,-0.008708,0.048835,-0.083520,0.136469,-0.103197,-0.262655,0.303447,-0.290118,0.242535,-0.312962,-0.107533,-0.211260,0.282447,-0.141657,-0.133830,-0.187212,0.332804,0.306574,-0.304729
0.146607,0.416718,-0.371920,0.055071,0.086827,0.050738,0.112976,0.040423,0.270185,0.114845,-0.320063,0.126627,0.032295,0.253999,0.451010,-0.228658,0.045440,0.135221,0.042088,-0.301573
0.184422,0.051315,0.229807,0.410513,-0.116737,0.180965,0.050668,0.325894,-0.082006,0.464399,0.080843,0.140456,0.053236,-0.318258,0.132285,0.433582,-0.120737,-0.079275,-0.007033,0.087709
0.598773,0.142381,0.158246,-0.348463,0.035098,0.066712,0.158413,0.076730,0.076129,0.170463,0.286701,0.185195,0.070985,0.396636,0.030111,0.168538,0.071035,-0.184257,-0.116858,0.205900
-0.305553,0.301849,-0.182408,-0.286874,0.209880,-0.098216,0.273298,-0.282007,-0.236633,0.208547,-0.241457,0.187979,0.288660,-0.075233,-0.185670,-0.231288,-0.144346,0.171573,0.132238,-0.232816
0.086253,0.287700,0.024625,0.347114,-0.458550,-0.035336,0.086233,0.393201,-0.010701,0.101440,0.205837,-0.297453,0.078755,0.083655,-0.149555,0.218700,0.382445,0.173298,0.115974,-0.027214
