0.307386,0.298062,-0.103922,0.145353,-0.000084,-0.074258,0.061197,0.052942,-0.250704,0.001451,0.261136,0.276556,0.022104,-0.402625,0.147052,0.033591,0.357996,-0.400417,0.016812,0.301709
0.417198,0.095626,0.093724,0.087860,0.013710,-0.243631,0.055642,0.396327,-0.028991,0.157887,0.418120,0.271116,0.152087,0.115872,0.091587,0.022458,0.253979,-0.172116,0.111613,0.393002
0.395487,0.173044,0.132577,0.268571,-0.096799,0.117820,-0.428149,0.204232,0.088642,0.275453,0.103835,0.307008,0.074078,0.250557,0.300943,0.260332,0.050487,0.049748,-0.014477,0.234647
0.330871,0.054374,0.134592,-0.094692,-0.011567,0.109458,0.103385,0.164262,-0.163817,0.396209,-0.424519,0.125602,0.434023,-0.070972,-0.405225,0.208476,0.003601,0.108320,0.022619,0.132478
0.241960,0.331649,0.190294,0.070051,0.197869,-0.012559,0.068658,0.116264,-0.000406,0.037957,0.283047,0.206154,0.042323,-0.553668,-0.528889,0.008413,-0.034420,-0.013178,-0.005545,0.138655
-0.287095,0.232658,-0.217580,0.311748,0.221434,-0.086477,0.303121,-0.233720,-0.305204,0.177980,-0.254973,0.219402,0.127626,-0.131916,0.144792,-0.260503,-0.121177,-0.196312,-0.269777,0.171486
0.266588,0.001428,0.001738,0.048899,-0.448959,0.179722,-0.021902,0.344636,0.204852,-0.415668,0.225962,-0.297175,0.178078,0.181113,0.090374,0.359606,0.125194,0.027853,0.005201,0.028755
0.346188,0.143376,-0.152022,0.478693,0.118769,0.095265,0.143016,0.306010,0.431267,0.181259,0.081564,0.265646,0.096328,0.003562,0.099635,-0.079829,0.054829,-0.012471,0.268648,-0.270317
0.083635,0.074801,0.084866,0.218770,0.164784,0.056547,0.407935,-0.121340,-0.345499,-0.142193,-0.080320,0.226036,0.001669,-0.333111,-0.328862,0.381877,0.123045,-0.355156,0.127919,-0.033812
-0.327574,-0.268321,0.289116,0.091034,0.052580,0.315384,-0.259287,0.094064,0.049656,-0.278989,-0.183422,0.262544,-0.139420,0.163631,-0.152341,-0.153356,0.165927,-0.258149,-0.275988,-0.323048
-0.176050,-0.228200,0.166512,-0.083706,-0.031285,0.293922,-0.236990,0.304148,0.214824,0.233165,-0.165859,-0.299356,0.058623,0.033217,0.318783,-0.317542,0.091163,-0.189080,0.307302,0.288148
-0.342108,0.065828,-0.271888,0.095593,-0.360790,0.046845,0.130055,-0.349988,0.045286,0.299192,0.256596,0.194363,-0.241425,0.057205,0.022920,-0.014299,-0.212093,-0.363889,0.282313,0.096047
0.474137,0.270137,0.124688,0.191438,-0.134064,0.020693,0.275292,0.219496,0.346042,0.110748,0.221088,0.104608,0.108052,-0.020272,-0.178580,0.123839,-0.444649,0.077115,0.128253,0.190799
0.551722,0.095608,0.082905,0.135437,0.005661,0.020391,0.083071,0.104778,0.061229,0.328749,0.281563,0.150786,0.056147,0.437627,0.460777,-0.008690,0.083112,-0.024954,0.003397,0.120318
0.121883,0.294604,0.211598,-0.209265,0.217910,-0.028220,-0.133825,-0.261545,-0.288166,-0.243790,0.173152,-0.254177,-0.130628,-0.162621,-0.303636,-0.232751,0.202624,-0.232966,0.268395,-0.284406
0.186433,0.016545,0.175540,0.060850,-0.379601,0.036679,-0.269959,0.321250,0.261214,0.062673,0.362120,0.097385,0.268928,0.354262,-0.150965,-0.141844,0.295158,0.132821,-0.023744,0.223825
