0.101563,0.049697,-0.261790,0.154433,-0.113204,0.232253,0.144218,0.242299,0.356500,0.139432,-0.387607,0.040928,-0.225364,0.126902,0.065534,0.414713,-0.208034,-0.388700,0.052766,0.098971
0.248801,0.260860,0.299408,0.015534,0.048943,0.103963,-0.295096,0.271562,0.063058,-0.245145,0.250773,0.000460,-0.040881,-0.028872,-0.010676,0.393150,0.241027,-0.251781,0.345340,0.285026
0.377586,-0.007777,0.181058,0.208092,-0.306274,0.146516,0.153665,0.224324,0.315627,0.019614,0.164019,-0.197743,-0.344857,0.156537,0.248986,0.150605,-0.193812,0.347659,-0.101550,0.170941
-0.367294,0.033212,0.282966,0.148606,0.064892,0.043136,0.196442,0.385044,0.155276,0.071159,0.107767,0.056046,0.289242,0.483694,-0.316656,0.147685,0.084121,-0.024388,0.125749,0.248602
0.063288,0.047966,0.070917,0.367604,0.430521,0.053065,0.121628,-0.373738,0.029564,0.085378,-0.383541,0.020452,-0.214652,0.305862,0.030362,0.286052,0.120866,-0.164189,0.225865,-0.200633
-0.249233,-0.163747,0.126823,0.026270,0.266738,0.331281,-0.292191,0.011801,0.001514,-0.196803,-0.189165,-0.224461,0.297708,-0.131463,0.215500,0.130273,-0.220554,0.322900,0.285088,0.315401
0.169734,-0.137640,0.124678,0.410855,0.196764,-0.060395,0.246542,0.336454,0.228329,0.360418,0.213747,0.207671,-0.166946,0.133787,0.202418,0.364421,0.032876,-0.191496,-0.151115,0.023820
0.082515,-0.047949,0.428498,0.213102,0.053198,-0.120976,0.113904,0.491913,-0.297282,0.064540,0.126969,0.014126,0.004357,0.350379,0.057842,0.173603,-0.045119,-0.348333,0.257190,0.186554
0.040203,-0.170693,-0.058487,-0.275401,-0.020386,0.059687,0.017286,-0.207382,0.210839,-0.186872,0.362513,0.044083,-0.359453,-0.329188,-0.281601,0.217869,-0.305386,0.171992,0.355416,0.128312
-0.186350,0.217935,0.252196,-0.100441,-0.246307,0.246972,0.151159,0.237062,0.151835,-0.158469,0.269316,-0.238308,-0.256911,-0.105387,0.282031,0.155110,0.261397,0.293757,0.283361,-0.224195
0.188879,0.242190,0.057135,0.173033,0.262613,-0.175712,0.345125,-0.283898,0.246164,-0.181571,0.061299,-0.232447,-0.012047,0.276218,-0.295469,-0.361168,0.293091,-0.100816,0.174454,0.029564
-0.267779,0.081912,-0.286517,0.260032,0.082998,-0.128203,-0.288728,0.260538,-0.304609,0.088360,-0.266997,-0.053193,-0.278509,0.353437,-0.265910,0.333637,0.001285,0.028644,0.190558,0.030909
0.269746,0.217289,-0.178531,0.094174,-0.131019,0.329856,0.255255,0.442175,-0.030019,0.349969,0.202199,-0.074047,-0.028307,0.069782,-0.113028,0.252224,0.129872,0.132163,0.154617,0.377604
0.057071,0.009626,0.534180,0.011559,-0.002776,0.285588,0.057294,0.406618,0.086033,0.133632,0.405158,0.054101,0.394206,0.173987,0.007337,-0.203251,0.059504,-0.008396,-0.121883,0.152117
-0.288822,0.315443,0.304992,-0.163821,0.181359,0.282147,-0.161539,-0.012414,0.042442,0.129227,0.278079,0.313307,-0.265577,-0.265579,-0.138853,0.088114,0.169726,-0.143255,0.245119,-0.294895
0.012338,-0.021355,0.136330,0.276992,-0.217392,0.289897,0.325292,0.241868,-0.099542,0.392337,-0.109293,-0.133850,-0.155225,0.166252,-0.138697,0.301669,0.415841,0.212243,0.127862,0.135921
