-0.283907,0.003432,-0.239149,0.092528,-0.005941,0.476316,0.053475,0.027653,-0.265052,-0.069354,0.144649,-0.255205,-0.017063,0.277380,0.185908,-0.045096,0.015156,0.431257,0.069849,-0.396309
0.051944,0.078749,0.120778,0.325863,0.034123,0.126285,-0.104871,0.052720,0.162001,0.203758,0.401398,0.112811,0.280878,0.069126,0.069958,0.468960,-0.330743,-0.019916,0.395555,0.151949
-0.370495,-0.039267,0.119749,0.009899,0.149682,0.184224,0.179851,0.663641,0.073875,0.077003,0.294431,0.207595,0.030341,0.133363,-0.008204,0.286282,0.089007,0.000139,0.215876,-0.145658
-0.257749,0.485139,0.107423,-0.106582,0.033571,0.186899,0.280220,0.343441,0.064831,-0.073533,0.194862,0.048934,-0.024959,0.017731,0.463584,0.161673,0.199779,-0.329315,0.048229,-0.011189
0.145148,-0.160181,0.505014,0.081302,0.012256,0.094390,0.178174,-0.423908,0.060269,0.257875,0.362672,0.298137,-0.037858,0.043824,-0.011066,-0.105425,0.172818,0.051282,0.123212,0.343956
-0.257492,0.303528,-0.153225,-0.154895,0.075747,-0.309863,0.022482,-0.224107,0.254452,0.339062,0.170516,-0.256901,-0.335466,0.246763,0.192950,0.226512,-0.273868,-0.025540,0.081382,0.150290
0.007094,-0.165730,0.187057,-0.138302,0.030926,-0.148639,0.158881,0.044393,0.278606,0.241441,0.394982,0.051943,-0.042897,0.008889,0.009887,0.568012,0.102328,-0.135067,0.406592,0.234078
0.118148,0.094902,0.163903,0.008766,-0.098649,0.163513,-0.049804,-0.316205,0.404775,0.197368,-0.000499,0.267339,-0.028254,-0.327789,0.058539,0.228379,0.215954,0.214886,0.101752,0.519518
-0.044796,0.318628,0.241660,0.263275,-0.049239,-0.164619,-0.193127,0.082648,0.072747,0.347324,0.362970,0.203589,0.008451,0.299963,0.378798,0.055205,-0.044026,0.180595,0.323967,0.141032
-0.014367,0.377449,0.039871,-0.010364,-0.048936,-0.265157,-0.289382,-0.246128,-0.381477,0.163929,-0.272951,0.157166,0.192979,0.127975,-0.272240,0.075866,0.178595,0.047862,0.254225,0.367011
-0.016956,0.258536,0.048690,0.150441,-0.138399,-0.287023,-0.316803,0.187624,-0.212302,0.244963,-0.147547,-0.137763,-0.232900,0.205797,-0.205596,-0.303879,0.208185,-0.288215,-0.229822,0.338384
0.064213,0.032699,-0.345412,0.085832,0.336093,-0.155356,-0.120639,0.048699,-0.362674,0.005852,0.293844,0.200623,-0.136649,0.414422,0.200517,0.260228,-0.139060,0.048428,0.365785,0.046103
0.403857,-0.209670,-0.207725,0.037784,0.194799,-0.003013,0.064240,0.244174,0.282608,0.316178,-0.091886,0.094915,0.329697,0.007076,-0.115362,-0.198713,0.117445,-0.095529,0.491535,0.152637
0.186759,0.341901,0.192339,0.036485,0.006180,-0.108748,0.195127,0.115243,0.086648,0.135243,0.421517,-0.199912,-0.500064,0.072593,0.047903,-0.117782,0.407293,-0.208719,0.112141,0.098550
0.190469,-0.258126,-0.280273,-0.133958,-0.172573,-0.355669,-0.122067,-0.274502,-0.131107,-0.219955,-0.329817,0.237294,0.088944,-0.310826,-0.172681,0.070174,0.301557,-0.175080,-0.203033,0.146031
0.018888,0.037595,0.504075,-0.013850,0.184582,0.117088,0.005392,0.221811,-0.288227,0.008770,0.163408,0.092836,0.242351,-0.002569,0.231676,0.029678,0.576689,0.244079,0.151696,-0.003600
