0.181979,0.064789,-0.349735,0.297328,0.349246,-0.329273,-0.123664,0.166743,0.150016,0.089395,-0.089001,0.321279,-0.145454,0.391206,-0.002060,0.251372,-0.000459,-0.007661,0.307163,0.070999
0.205501,0.554299,0.092100,0.409053,0.167041,-0.141503,-0.070692,0.132419,0.009358,0.026151,-0.185520,-0.299919,0.156741,-0.004344,-0.049896,0.456727,0.051222,-0.026773,0.172881,0.101056
-0.222238,0.572869,0.184561,0.108361,-0.194538,0.081193,-0.106276,-0.424313,0.065630,0.045241,0.260188,-0.045430,0.377080,0.007963,0.049145,0.174706,0.118704,0.040660,0.128220,0.239506
0.123877,0.315176,-0.342512,0.327988,0.520934,0.084417,0.073584,0.113511,0.018887,0.102775,0.072435,0.149797,0.133885,0.090524,0.386204,0.100410,-0.020976,0.029799,0.337864,0.155526
0.160862,0.358393,-0.322166,-0.267769,0.190003,-0.494978,0.086310,0.206113,-0.013797,0.069911,0.104098,0.404158,0.172134,0.085385,0.188350,0.191253,0.038819,0.025168,0.134762,-0.174978
0.128118,-0.225446,0.097993,0.128113,-0.294015,0.050958,0.310310,0.337049,-0.204816,-0.292605,-0.044087,0.226132,-0.131029,-0.335366,0.306927,0.012294,-0.207048,-0.215793,0.013476,-0.336972
0.305974,0.621431,-0.040388,0.082894,-0.273378,-0.146799,0.240572,0.089814,-0.104800,0.205044,-0.004971,-0.129726,0.272592,-0.050552,0.257533,0.238928,0.139007,-0.170158,0.044897,0.170380
0.116067,0.336234,-0.344853,0.055824,0.000632,0.365367,0.048799,0.089062,0.471480,0.129752,0.112090,0.000661,-0.085306,0.129765,0.007741,0.537151,0.016908,0.063701,0.161876,0.112605
-0.083681,0.261331,-0.351302,-0.153233,-0.054761,-0.345607,0.323233,0.421419,0.056397,0.069834,0.197943,0.378833,0.145976,0.033719,-0.002589,0.186681,0.255220,-0.076619,0.084465,-0.217017
0.281281,-0.300333,0.046098,0.207995,-0.009085,0.280732,-0.154036,0.307766,-0.314623,0.113860,-0.061314,0.334373,0.132118,-0.147281,-0.061640,0.260895,-0.319410,-0.199915,-0.316206,0.086314
0.147719,-0.205982,-0.014347,-0.277094,-0.221061,-0.256015,0.256793,-0.159783,0.285057,-0.164716,-0.271607,-0.161629,0.276220,0.267946,-0.256398,-0.252049,0.265550,0.092688,-0.083513,-0.284871
0.114720,-0.227772,0.202320,0.208718,-0.038048,0.155343,-0.244888,-0.036857,0.190941,0.392386,-0.189540,-0.133329,0.143327,-0.434466,-0.013025,0.352288,0.335338,-0.255211,0.050397,0.075655
0.342878,0.589381,0.246969,0.289741,-0.194565,-0.122727,0.131064,0.108186,0.151118,0.197612,0.130333,0.253726,0.267796,0.142040,0.051678,0.201972,0.101276,0.138651,0.009291,0.012267
0.196763,0.303507,0.125183,0.092036,-0.631161,0.054496,0.092612,0.176365,0.004160,0.053372,0.310827,0.063934,0.183690,0.048636,0.015568,0.176300,-0.457160,0.044638,0.026691,0.145985
0.033274,-0.224411,-0.140581,0.285116,0.237187,0.264965,-0.287374,-0.141440,0.027117,0.211749,-0.238216,0.246851,0.264825,0.304660,-0.273135,-0.082646,-0.226366,0.220906,-0.301203,-0.141506
0.146029,-0.244384,0.249515,0.294544,0.389083,-0.017087,0.383564,0.033005,0.211670,0.012099,0.012810,0.230350,0.206511,0.003858,-0.151661,0.514469,0.185643,0.056861,-0.054555,0.029328
