0.097446,0.002809,0.396112,-0.369871,0.003756,0.255776,0.191576,0.021237,-0.107266,-0.234458,-0.205948,0.323902,-0.306834,-0.039091,0.140135,0.257021,-0.310808,-0.011197,0.071689,0.311699
-0.026234,-0.053102,0.229070,0.350307,0.104619,-0.281790,0.222256,0.059294,0.084139,0.210041,0.367321,0.250623,-0.338050,0.163106,0.047586,0.383221,0.126074,-0.091061,0.155490,0.301229
0.197396,0.131269,0.063453,0.077072,-0.435389,0.132724,0.161310,0.153287,0.106535,-0.274866,0.389041,0.183533,0.040968,-0.303371,0.067668,0.362759,-0.050000,-0.403939,0.089839,-0.039733
-0.155876,0.138688,-0.394321,-0.283708,0.039362,0.350713,0.097179,0.191078,0.296094,0.200934,0.215188,0.024925,0.024331,-0.331005,-0.280282,0.288011,0.281832,-0.016157,-0.151264,0.027867
-0.085525,0.355377,0.137734,-0.258565,-0.069175,0.125555,0.274405,0.106243,0.218874,0.099754,0.294424,-0.228188,0.030243,-0.459386,0.108571,-0.316178,0.139889,0.353391,-0.050689,0.078036
0.074663,-0.230504,-0.231980,0.312060,0.322266,-0.286457,0.214996,-0.313291,-0.046798,-0.266445,-0.123453,-0.280288,0.262852,0.104962,0.048693,-0.067746,-0.349087,-0.085855,0.252298,-0.113439
-0.193109,0.133686,0.486068,0.128087,0.237215,0.048304,0.330706,0.292647,0.168635,0.015753,0.093536,0.203473,0.027010,-0.006270,-0.218782,0.217501,0.053940,0.052069,0.388849,0.327040
0.066377,-0.018810,0.200176,-0.287937,0.059155,0.072324,0.177787,0.138382,0.119048,0.108966,0.318393,-0.198262,-0.398863,0.490704,-0.133615,-0.319517,0.104850,-0.005039,0.315997,0.123883
-0.251637,-0.010848,0.338750,-0.261742,0.005269,-0.435196,-0.114969,-0.241214,0.011329,0.108770,0.472378,0.217756,-0.154074,0.319287,0.032556,0.223013,0.058354,0.089529,-0.147102,-0.020500
0.043703,-0.311924,-0.176295,-0.231349,0.196448,0.296516,-0.324930,-0.245531,-0.212938,0.290713,-0.243244,0.083985,-0.246327,-0.032916,-0.190383,0.138953,0.105561,0.140817,0.293962,0.305014
0.169252,0.034065,-0.268740,0.312693,0.124603,0.150589,0.246314,-0.044536,0.252065,-0.271980,-0.000234,0.253915,0.304400,0.293777,-0.284207,-0.331439,0.175878,-0.098132,-0.188114,-0.227631
0.035368,-0.042657,0.209689,-0.042101,-0.155781,0.427078,0.285147,-0.073759,0.179151,0.422282,-0.182393,0.116889,0.097592,-0.210975,0.055019,-0.265731,0.116072,-0.349985,-0.019125,-0.369358
0.034624,0.029926,0.197421,0.257670,-0.097646,0.179280,0.134063,0.288192,-0.065538,0.042548,0.231608,-0.263158,-0.010008,0.025321,-0.136043,0.488935,-0.178655,0.155292,-0.268582,0.484105
0.117199,0.079637,0.173737,-0.004824,-0.145308,0.143868,0.174411,-0.024383,-0.234986,0.106685,0.278771,0.082511,0.025224,0.017303,0.010748,0.601931,0.116953,-0.542183,0.231524,0.033929
0.315462,-0.309423,-0.290089,-0.315993,-0.104028,-0.067088,0.274852,-0.323201,0.065815,-0.289991,0.008662,0.076606,0.046261,0.129548,0.184335,0.283485,-0.102617,0.330678,0.278517,-0.018102
0.237761,0.075567,0.405242,-0.099268,0.292957,0.218997,0.407968,0.006993,-0.133681,-0.068522,-0.023082,0.005250,-0.106554,0.089966,0.141026,0.388470,0.433650,0.099008,0.181926,-0.138169
