0.279109,0.214215,0.189230,-0.369860,0.115580,0.230952,0.097605,-0.033311,0.033227,-0.054184,0.452774,0.416689,0.052961,-0.231231,0.194281,0.194101,0.133659,-0.288288,0.067845,-0.079542
0.260548,0.112057,0.083046,0.299301,0.065515,0.555274,0.064496,0.337862,-0.014017,0.168965,-0.235931,0.356964,0.113593,-0.122765,-0.052822,0.212281,0.221608,-0.009303,-0.152852,0.178684
0.251507,-0.636934,0.086752,0.027809,0.010964,0.180468,0.149537,0.233943,-0.201912,0.080922,-0.356731,0.264267,0.071818,0.096409,0.013897,0.058897,-0.171896,0.164821,-0.121735,0.280930
0.632411,0.347740,0.095552,0.266025,0.037464,0.034443,0.088464,-0.225012,0.071338,0.196750,-0.357502,0.105843,0.025263,0.021109,-0.228907,0.080286,0.120690,-0.155321,0.044208,-0.234104
0.232333,-0.486428,0.075910,0.066880,0.030101,-0.189107,-0.027348,0.141133,0.305768,0.162742,-0.349594,-0.101123,0.013264,0.010305,0.083699,0.074622,0.258420,0.015467,-0.323222,0.452847
-0.069214,-0.201558,-0.105063,-0.234623,0.302048,-0.286206,-0.037085,0.161412,0.218116,-0.186885,0.121779,-0.331136,-0.329636,-0.193598,0.186953,-0.126620,0.328221,-0.016910,0.322928,0.267428
0.304729,0.012621,0.283373,0.377299,0.107328,0.340638,0.043334,0.422332,0.024093,0.247531,0.095224,0.203987,-0.094059,-0.210008,0.079477,0.044301,0.323116,-0.081861,0.179143,-0.244076
0.326753,0.085460,0.103770,0.124410,-0.016388,-0.014801,0.066700,0.184416,-0.326270,0.435627,-0.381437,-0.084366,0.027104,0.203978,0.481657,-0.026600,0.071332,-0.224295,-0.007954,0.203468
-0.160816,0.242127,0.356803,-0.046295,-0.023668,-0.115235,0.156104,0.210040,-0.015030,0.194568,-0.309550,-0.237115,0.467493,0.045885,0.190829,-0.455116,0.103891,-0.114425,0.070971,0.143123
0.302626,-0.292973,0.339390,-0.181493,0.340044,-0.011024,0.229764,-0.166534,0.102918,-0.023680,-0.216750,0.104817,0.292207,0.053781,-0.025817,-0.247500,0.263544,0.208563,0.355542,-0.139637
0.238763,-0.320262,-0.293711,-0.176665,-0.239848,0.009985,0.107643,0.331261,-0.313565,-0.250932,-0.190663,0.252096,-0.039609,-0.329014,-0.330197,-0.045665,-0.023566,-0.180336,-0.126512,-0.113094
0.151654,0.075920,0.135111,0.123798,-0.086414,0.042084,-0.019850,0.127786,0.098631,-0.468631,0.107803,0.208366,0.198081,-0.512245,0.444991,0.105456,0.022674,0.095105,-0.129512,-0.300355
0.183714,0.111309,0.056125,-0.000391,-0.438309,0.109982,0.199209,0.114913,0.311107,0.522533,0.225289,0.147711,-0.269105,-0.322998,0.182237,0.089477,0.124131,-0.069377,-0.018670,0.112584
0.324729,0.082878,-0.284065,0.058093,-0.036327,-0.291196,0.125223,0.371686,0.053574,0.161557,0.028512,-0.008795,0.024665,0.072087,0.048232,0.039812,0.071624,0.424598,0.023965,0.581466
-0.138297,0.013458,-0.279326,0.258136,-0.230500,-0.191597,-0.178013,0.277333,-0.214998,0.316807,-0.216394,0.319641,0.302618,-0.025516,0.215255,-0.107169,0.299461,-0.047963,-0.273233,0.159138
0.217298,0.082498,-0.174739,0.426843,0.145987,-0.111779,-0.091010,0.019563,0.005705,-0.208382,0.333472,0.529817,0.299819,0.204595,-0.114004,-0.134503,0.266242,0.003095,-0.106103,0.102073
