0.316379,0.066645,0.223081,0.103592,-0.176525,-0.293911,0.352176,0.109287,0.219327,0.154726,0.218382,0.247095,0.338489,-0.183783,0.072512,0.257405,0.233471,0.184877,-0.218595,-0.210527
0.280280,-0.010735,0.215238,0.147825,0.036226,0.174432,0.113155,0.064307,-0.033931,0.217198,0.126301,0.386059,0.150737,-0.314389,0.246067,0.082843,0.435548,0.389454,0.246340,0.010765
0.147633,0.201908,0.186374,-0.096482,0.233435,0.083698,-0.427421,0.268850,0.207914,0.358328,0.231613,0.295208,-0.132416,0.098428,-0.198346,0.113945,-0.250626,0.122665,0.285800,0.159435
0.209763,-0.014679,0.405700,0.079268,-0.385085,0.090195,0.094033,0.161144,0.058430,-0.450361,0.368275,0.065035,-0.070659,0.068683,0.121822,0.057939,-0.293763,0.169134,0.178236,-0.270182
0.270624,0.361278,0.408457,0.148872,0.355517,0.102102,0.077117,0.087036,0.023205,0.155159,0.157272,-0.097607,0.063280,0.343908,0.328011,0.261795,0.189391,0.144721,0.196762,0.063982
0.065442,0.290795,-0.241841,0.211996,0.066113,0.280717,-0.287327,0.275548,-0.168737,0.003012,-0.205219,0.286905,0.262556,-0.290891,-0.297134,-0.194757,-0.192119,-0.280657,0.080586,0.105898
0.076793,-0.052703,0.512442,0.016643,-0.103269,-0.029329,0.343375,0.136243,-0.144791,0.135655,0.083545,0.309494,0.308229,0.093111,0.117522,0.361677,0.250838,0.317190,0.028159,0.160332
0.182534,0.063756,0.233057,0.299510,0.004597,0.028746,0.370417,0.059969,0.028090,0.092923,0.236440,0.133334,-0.010188,-0.370838,-0.146712,0.057875,0.223947,0.069802,0.063669,-0.610131
0.071044,0.259575,0.051886,0.087511,-0.240132,-0.398318,0.104088,-0.215674,0.060866,0.126074,0.418322,0.044196,-0.215527,0.045633,-0.280281,-0.169633,-0.032717,0.188036,-0.299389,0.406298
0.043472,-0.293130,-0.029392,-0.278722,-0.293504,0.022879,-0.018868,-0.293088,0.009621,-0.311111,0.322623,0.254510,0.032314,-0.132143,-0.298603,-0.161046,-0.224304,0.246124,0.254312,-0.292911
-0.290215,0.082502,-0.317885,0.309649,-0.297012,0.148156,0.393794,0.166347,-0.181207,0.205083,-0.081463,0.259741,0.183334,0.033505,-0.202502,-0.208022,-0.245647,0.048458,0.070672,-0.288839
-0.067947,0.186390,-0.179015,0.349489,-0.292221,0.208073,0.088815,0.217321,0.334597,0.417792,0.192243,0.129468,0.236390,-0.144198,0.088545,0.233950,-0.142879,0.326322,0.109536,0.065412
0.140848,-0.071861,0.359276,0.273071,0.177359,0.244561,0.269744,0.043621,0.163734,0.350497,0.024069,0.300585,0.085045,-0.171007,-0.032418,0.030589,0.082650,0.315113,0.396512,-0.251038
0.134625,0.076423,0.172064,0.059404,-0.294867,-0.138134,-0.408516,0.106947,-0.021019,-0.024413,0.165620,0.124211,0.353481,0.548328,0.096246,0.052418,0.362814,0.116651,0.164690,0.068311
-0.263974,0.047455,0.279957,0.205574,-0.339288,0.293835,-0.138494,-0.181533,0.050206,-0.353505,0.064569,-0.230459,-0.310017,-0.297363,-0.238973,-0.221757,0.113285,-0.087801,0.201747,0.130419
0.173431,-0.345952,0.123229,-0.455081,0.094570,-0.125124,0.239632,-0.023498,0.208534,0.100693,0.198429,0.013755,-0.035847,0.110954,-0.072676,0.326830,0.548910,0.071747,0.132247,0.050554
