0.102797,-0.308492,0.279978,0.114558,0.004938,0.079182,-0.223595,0.063101,0.093821,-0.158494,0.049489,-0.065229,0.361810,0.335302,0.356409,0.317723,-0.372613,0.027916,0.174610,-0.245844
0.271891,0.308429,0.114570,0.036241,0.103031,0.043848,0.231402,0.108099,0.179804,0.333004,-0.140997,0.375790,0.112557,-0.056320,0.088700,0.087449,0.332064,-0.428263,0.230537,0.237146
0.185291,0.363869,-0.044434,0.091060,-0.049522,-0.035864,0.301346,0.172484,0.094743,0.438551,0.215168,0.234854,0.039314,-0.168771,0.341449,0.423893,0.067646,0.075623,0.242733,-0.020703
0.186127,0.255528,0.088060,-0.059366,-0.315489,0.035420,0.015554,-0.072762,0.354483,0.062506,0.171905,0.033761,-0.484129,0.491398,0.127414,0.255848,0.090212,0.004907,0.200632,0.127445
0.061425,0.133027,-0.361360,0.079048,0.296820,0.142709,-0.199346,0.464526,0.048566,0.140345,-0.410910,0.026016,0.029625,0.076879,-0.181342,0.437727,0.124385,0.145825,-0.133432,-0.017654
-0.195113,0.166620,0.040154,0.271460,0.294570,0.164949,-0.080680,-0.135881,0.247178,-0.228723,-0.166199,-0.246982,-0.300394,0.280763,0.239535,0.224279,0.247524,0.250904,0.255821,-0.226876
0.148860,0.150358,0.101339,0.170988,-0.246697,-0.073536,-0.395939,-0.069744,-0.164477,0.144668,0.261871,0.100131,0.304424,0.040435,0.445819,-0.071509,0.479429,-0.140444,0.109157,0.039685
0.218537,-0.100491,0.184016,0.083996,0.000460,0.067041,-0.413045,0.082192,0.084229,0.051282,0.206251,-0.406591,0.146374,0.258660,-0.506517,0.128070,0.255231,0.009027,0.195008,0.192993
-0.201134,-0.027559,-0.290689,-0.078989,-0.121997,0.442594,0.204321,-0.269265,-0.110657,0.042337,-0.027319,0.312007,0.009716,-0.364967,-0.017751,0.406139,-0.117008,0.033160,-0.238952,-0.245851
0.324216,0.172966,-0.182634,-0.106157,-0.269084,-0.298810,-0.116681,-0.251971,0.044901,-0.143109,0.132335,-0.296506,0.092755,0.282621,-0.233298,0.317079,-0.277320,0.197782,0.285942,-0.111302
-0.092500,-0.214759,0.277916,0.233401,0.105609,0.181779,0.334335,-0.208830,0.284907,0.249291,-0.147593,0.012933,-0.270075,0.237217,0.309245,0.050997,-0.306201,-0.225567,0.199120,-0.192404
-0.133551,-0.158919,-0.019079,0.090126,-0.003495,-0.266608,0.062900,0.128763,-0.143190,-0.328646,-0.235849,0.183177,0.250084,-0.161617,-0.276969,0.469239,0.173538,-0.372413,-0.269530,0.109959
0.470772,-0.004543,0.409203,0.318929,0.125958,0.326693,0.041787,0.195478,0.181522,-0.076929,0.245747,0.105962,-0.079006,0.091032,0.210392,-0.071594,0.151082,-0.076901,0.360527,0.116241
0.436152,0.279412,0.153868,0.093228,0.235607,0.278590,-0.099440,0.210514,-0.035629,0.184622,0.205789,0.380247,0.332284,0.156059,0.147936,-0.232154,0.155552,0.027921,0.168353,0.160771
0.164652,-0.298148,-0.300184,-0.282901,0.024613,0.120969,0.287133,0.064744,0.263098,0.231424,0.068633,0.275105,-0.194355,-0.285143,-0.100573,-0.289086,0.250810,0.209493,0.263217,0.141296
0.343348,-0.162994,0.288063,0.384220,-0.103131,0.104060,0.122692,0.095349,0.233588,-0.008904,0.228427,0.365842,0.255658,-0.018272,0.151671,0.088961,0.404206,0.203827,0.176261,0.077846
