-0.107517,-0.155385,0.139186,-0.130122,0.230003,-0.089129,-0.324796,-0.214543,0.262025,0.246039,0.369434,0.211093,0.267815,0.152763,0.146661,-0.165020,0.156529,0.287344,-0.189968,0.344140
0.389683,-0.092247,0.021425,0.111110,0.100007,0.056889,0.107936,0.218152,0.008572,0.272323,0.315800,0.230237,0.060246,0.049300,0.118738,0.374174,0.246239,-0.048655,0.283768,-0.472963
-0.161647,0.075604,-0.045633,0.102133,0.038979,0.182433,-0.286768,-0.241091,0.032292,0.177726,0.354447,0.310564,0.030977,-0.373647,0.005224,0.377652,0.242123,0.117172,-0.343485,0.228502
0.265919,0.027223,0.083120,0.209275,0.030221,0.228176,0.276856,0.408962,0.055630,0.064921,0.446357,0.166837,-0.118326,0.189744,0.228692,0.399312,-0.205528,0.006205,0.203688,0.032606
0.306557,0.286370,0.110170,0.087968,-0.187450,0.093211,-0.212859,0.114845,0.331675,0.302315,0.013798,0.244410,-0.001632,0.303054,0.232920,0.040362,0.363954,0.045160,0.396132,0.036586
-0.233497,-0.220030,-0.257437,0.254976,0.004116,0.287710,0.307188,0.283762,-0.312349,-0.248179,-0.182889,-0.182344,-0.203626,0.243525,-0.003836,-0.204643,0.112800,-0.320934,-0.138059,0.069305
0.385841,0.006218,-0.025269,-0.029579,0.208546,0.163459,-0.030157,-0.329620,0.175757,0.113767,0.177819,0.516845,0.317896,0.073897,0.110032,0.108233,-0.128304,-0.101656,0.097945,0.400619
0.202661,-0.012733,0.017592,-0.592263,-0.028366,0.023712,0.181694,0.095563,-0.021750,0.171580,0.220562,0.206576,0.089567,0.058348,-0.548248,0.122237,0.067401,0.061922,0.327243,0.022935
-0.140364,0.014703,-0.166913,0.186201,-0.296479,-0.177185,0.163817,-0.165411,-0.372218,0.202119,0.377898,-0.077138,0.358063,0.375525,-0.142208,0.178736,0.198287,0.041568,0.176028,0.149917
0.202806,-0.068459,-0.217564,-0.043001,-0.306251,0.332334,-0.208397,0.318137,-0.202706,0.217984,0.074682,0.136254,0.192788,-0.256323,-0.262764,0.073123,0.314062,-0.294587,0.179635,-0.220064
0.106112,-0.310812,-0.212271,0.103238,0.237098,-0.212523,0.285917,-0.326139,0.140926,0.324992,0.124104,-0.144414,0.322100,-0.131515,-0.191910,0.266047,-0.290963,0.127321,-0.088513,-0.218691
0.101246,-0.006040,0.147655,-0.040385,-0.070465,0.263017,0.072127,-0.037689,-0.083989,0.352252,-0.266702,0.283025,-0.333419,0.131742,-0.365904,0.165550,-0.403928,0.013850,0.296617,0.248991
0.336810,0.200998,0.132110,-0.249024,0.110025,0.395885,0.301829,-0.026399,0.165713,-0.092672,0.213996,0.182295,0.201104,0.268666,-0.074559,0.280841,0.124698,0.037313,0.267713,0.324535
0.158664,-0.041854,0.102223,0.048992,0.001353,0.052291,0.164828,-0.056317,0.264865,0.609602,0.218155,0.199931,-0.044202,0.138950,0.062792,0.579785,-0.133665,0.011167,0.113972,0.074036
0.268891,-0.112785,-0.200326,-0.261555,0.160694,-0.117565,-0.139694,-0.336129,-0.187938,0.322727,0.112471,-0.187490,-0.265581,-0.069517,0.346380,-0.273871,-0.204526,0.302862,0.112281,0.174657
0.227903,-0.139677,0.177563,0.089532,-0.335409,0.140435,-0.326074,0.049795,0.193055,0.126128,0.376275,0.468956,-0.054620,0.337140,0.036966,0.064569,0.195788,0.238421,0.083611,0.094598
