0.064286,-0.012854,-0.490576,0.129330,-0.090163,0.331744,0.083049,0.317371,0.476930,-0.014838,0.242464,0.164382,-0.154847,-0.223497,0.101887,0.078383,0.003531,0.031024,0.299067,0.134696
-0.015886,0.273343,-0.196669,0.349018,-0.041443,0.133849,0.068265,0.089415,0.228442,0.270053,0.294441,-0.151390,0.284807,0.150127,-0.027525,0.114571,0.059460,0.130809,-0.302158,0.517725
0.088934,-0.042482,0.164642,0.350530,0.047852,0.298581,0.077580,-0.436930,-0.006526,0.400638,0.348552,0.162316,0.211005,0.161798,0.270854,-0.139850,0.090104,0.209427,0.012666,0.166712
0.052185,0.035224,0.118522,0.117239,0.022535,-0.386161,-0.012323,0.079903,-0.258639,0.010531,-0.246433,0.071542,0.042470,0.109185,0.494151,-0.076610,0.337615,0.045289,0.545107,0.047639
-0.351162,0.076818,0.144032,0.076467,0.127839,0.176526,0.249057,0.309038,0.045578,0.412672,0.305997,0.168687,0.006428,0.073577,0.085239,0.384121,-0.006833,-0.270450,-0.314089,0.112146
0.303736,-0.095745,0.262938,-0.142367,-0.211855,-0.171568,0.252993,-0.209039,-0.211565,0.170005,-0.260616,-0.283260,0.205961,-0.316390,0.308294,0.262915,0.028252,-0.236703,-0.046075,-0.199227
0.105926,0.281556,-0.017421,-0.206813,-0.142399,0.331641,0.146404,0.032018,-0.147520,0.376011,-0.160276,0.109588,-0.266908,-0.118308,-0.040593,0.293724,0.337666,0.265858,0.247522,-0.306169
-0.062788,0.343332,-0.275775,0.076769,0.314298,0.469916,0.182932,0.039623,0.303981,0.114826,-0.469485,0.025533,0.050261,0.088977,0.094142,0.099959,-0.248614,0.058517,0.069460,0.124837
-0.319352,0.195439,0.168235,0.140225,0.350380,-0.312429,0.095032,0.029881,0.307707,-0.201085,0.290506,0.408250,0.034519,0.085374,-0.102261,0.228553,-0.097764,0.232328,0.139551,0.202946
0.097999,0.247761,0.152629,-0.280631,0.194653,-0.318849,0.313324,-0.271467,0.208371,-0.220840,-0.133067,-0.173289,0.231751,0.283741,0.046040,-0.186709,-0.255106,0.214901,-0.063027,-0.298636
0.245965,-0.364096,0.088538,-0.008341,-0.335735,0.342572,-0.132660,0.291381,-0.327243,-0.231376,-0.123633,-0.144301,0.021225,-0.227372,-0.040233,0.028608,0.308484,0.149467,0.309682,-0.041578
-0.172730,0.002109,0.052054,0.104590,0.002181,-0.302166,0.488145,-0.193878,-0.445994,0.129329,-0.155101,0.148142,0.071406,0.279876,0.072599,-0.393887,0.069115,-0.206708,0.047459,0.184623
0.018991,0.020133,0.011837,0.414803,0.130165,0.156181,-0.197137,-0.038031,-0.048795,0.425793,-0.120185,-0.402148,-0.344777,0.051993,0.031125,0.197932,0.192740,0.245639,0.302473,0.186662
0.011954,0.084640,0.145265,0.108744,-0.372857,0.146052,-0.167452,-0.029583,0.206438,0.119494,0.553059,0.470393,0.097509,0.105973,-0.171145,0.126439,0.106620,0.301320,0.082818,0.106873
0.175910,-0.205693,0.042713,-0.195272,0.198279,-0.092873,-0.185018,0.090112,0.206899,-0.285246,0.012523,-0.343229,0.357750,0.283783,-0.249750,-0.228229,-0.323761,-0.297409,0.143745,0.132080
0.307642,-0.125766,0.006917,0.002036,0.238938,0.342561,0.004133,-0.117868,0.312394,0.060165,0.384647,0.113467,0.221689,-0.108718,-0.018923,0.410545,0.173865,0.385674,0.167781,-0.045889
