-0.404982,0.190581,0.105643,0.344805,-0.088236,0.454320,0.295663,0.001250,0.053568,-0.301427,-0.213358,-0.261546,-0.204055,0.015349,-0.116379,-0.005364,0.292239,-0.008854,-0.139122,-0.008166
0.594519,0.261930,-0.014625,0.039430,-0.032395,-0.227171,0.219362,-0.064953,-0.238699,-0.172903,0.276476,0.400502,0.012282,-0.037844,0.022414,0.337105,-0.022669,0.008134,0.176502,0.002432
0.671748,0.030419,-0.110345,0.166125,-0.110297,0.249482,0.301894,0.062530,-0.172616,0.201053,0.352747,-0.113848,-0.003418,-0.103981,0.142405,-0.005407,-0.004975,0.054354,-0.048227,-0.307494
0.546883,0.030774,0.180835,0.087501,-0.072737,0.444995,0.118485,-0.337655,0.075863,0.254817,-0.019183,0.143469,-0.359077,0.107983,0.232162,0.144926,-0.028505,-0.096232,0.104246,-0.013234
0.231792,-0.053216,0.023295,-0.441596,0.031007,0.087279,0.307242,0.059665,-0.171121,0.122455,0.210721,0.173210,0.253554,-0.278493,-0.398964,-0.353140,0.245138,0.025443,0.084857,0.170300
0.226187,-0.287762,0.087730,0.278257,-0.270334,0.199793,-0.124162,-0.157856,0.063179,-0.278859,-0.134052,0.330360,0.033940,0.188099,0.305151,-0.110090,-0.332382,-0.339260,0.101136,0.202833
0.597046,0.275280,-0.002309,-0.043875,0.226540,0.324487,0.152471,0.174441,-0.144523,0.030788,0.301789,0.127153,-0.001706,0.112070,0.241567,0.221604,0.076904,0.124365,-0.097221,-0.274954
0.747261,0.137708,0.091304,0.006451,0.062377,0.284799,0.212655,0.065972,0.026278,0.244754,-0.082659,0.142093,0.099865,0.047128,0.140709,0.084104,-0.259037,0.015024,-0.291973,-0.020629
0.266234,-0.267958,0.431629,0.160664,-0.167145,-0.246995,0.203702,-0.013346,0.066206,0.112000,0.421619,-0.223570,0.281854,0.193650,-0.249291,-0.126010,-0.059061,-0.034393,0.150034,0.218548
-0.315589,-0.317215,0.312728,0.107655,-0.256943,0.165201,0.090381,0.069997,-0.252198,-0.343273,0.181879,-0.035468,0.008453,-0.045837,0.088219,-0.292071,-0.243118,0.301190,-0.325656,-0.130762
0.186663,-0.112292,-0.038492,0.216465,-0.162743,0.162349,-0.234009,0.111517,-0.264915,0.202767,-0.249746,-0.332747,-0.189697,0.348248,0.241819,0.241595,0.028245,0.296706,-0.300896,-0.215185
0.348155,-0.215796,-0.249060,0.110315,0.044939,-0.236244,0.149447,0.072673,0.002270,0.043872,-0.257255,0.414385,0.014942,0.016893,0.238052,-0.188161,0.247760,-0.271890,-0.300064,-0.338850
0.366295,0.030395,0.032568,-0.009488,-0.130039,0.304226,0.422849,-0.007818,-0.000487,0.191218,0.188605,0.301514,-0.328664,0.327176,0.078848,-0.036372,0.370914,-0.223811,0.028681,-0.035855
-0.324508,0.098228,0.065574,0.643135,-0.004678,-0.526762,0.096284,0.009110,0.211673,0.165074,0.183199,0.130310,0.069841,0.076030,0.126803,0.125274,0.011135,0.061654,0.085436,0.063372
-0.253995,-0.213882,-0.230721,0.274425,-0.256555,0.219810,-0.188645,0.228594,-0.188034,-0.262195,0.141394,0.100096,-0.272527,0.249222,-0.282329,-0.236219,0.302274,0.122458,0.205624,-0.067595
0.317554,0.255374,-0.129004,0.271214,-0.102462,0.221668,0.285672,0.097701,-0.125763,0.244675,0.127779,0.328314,0.311296,0.066057,0.039868,0.389312,0.228421,-0.126088,0.234948,-0.124332
