-0.219095,0.019600,0.104467,0.182101,-0.404073,0.124514,0.088130,-0.093858,0.289785,0.063440,-0.369757,-0.142175,0.104603,-0.247539,0.146080,0.390842,0.025032,0.006129,0.390526,0.260311
0.082550,-0.050393,0.064508,0.229985,0.381718,-0.355739,0.084123,0.103348,0.120010,0.149831,0.492973,0.334050,0.009979,0.214919,0.224891,0.043596,0.128716,0.032651,0.137684,-0.341694
0.285849,-0.194385,-0.059065,0.273591,-0.269423,0.012972,-0.107093,0.253462,0.114184,0.311374,0.341644,-0.153779,0.210864,0.248707,0.149322,0.369763,-0.085993,0.159861,0.321637,0.039930
0.118994,-0.294512,0.155131,0.119282,0.035900,-0.099578,-0.337735,0.020560,0.051473,0.201148,0.558614,0.121032,0.019807,0.372531,0.112865,0.108284,0.285193,-0.316634,0.133542,0.047418
-0.258640,-0.176910,0.452041,0.299881,-0.011199,-0.011091,-0.269432,0.038146,0.010617,0.197171,-0.006419,0.315259,0.064900,0.098367,0.118870,0.409458,-0.284393,0.253106,0.217217,0.083809
0.261698,-0.022188,-0.233383,0.025840,0.039469,0.117954,0.288291,0.207464,0.294139,-0.194294,0.268069,0.234433,-0.183491,-0.295476,0.265586,-0.286421,-0.142715,-0.197585,0.271728,0.276377
0.435097,0.156685,0.017860,0.005286,-0.066361,0.268815,-0.230791,0.007936,0.202403,0.040951,0.257113,0.043947,0.289283,0.295985,0.198793,0.384247,-0.033299,-0.271562,0.211518,0.258973
0.475658,-0.007594,0.013901,-0.359612,0.064028,0.218651,0.081922,0.008612,-0.021565,0.082564,0.329701,0.049376,0.472275,-0.465022,0.067438,0.104159,0.041645,0.051188,0.080214,0.039832
0.310942,0.304282,0.261995,0.234301,0.032763,0.113954,0.092932,-0.329542,0.300770,-0.118022,0.305787,-0.254901,-0.063614,-0.050425,0.144780,-0.276242,-0.302620,0.294538,0.006699,0.103864
-0.255362,-0.045890,0.254469,-0.272915,0.259890,-0.208420,0.181692,0.285318,-0.033328,-0.242860,0.269749,0.276171,0.235324,-0.130709,0.251167,-0.270434,0.179986,-0.161683,-0.265160,0.146264
-0.274503,0.186684,-0.175805,0.317713,-0.165104,-0.365420,-0.142750,0.277661,-0.252222,-0.073709,0.070684,-0.142372,-0.200777,-0.363434,0.212030,0.127426,-0.156872,-0.219027,-0.314905,0.005667
0.092085,0.191598,-0.014778,0.276487,0.032137,0.287571,0.132238,-0.137711,0.404431,0.293467,0.030311,0.141080,0.312525,0.090645,0.169345,0.076379,0.367034,-0.110168,0.440339,0.079412
0.199561,-0.026787,0.012041,0.290735,-0.302455,0.068666,0.248090,0.223626,0.193102,0.352115,0.370755,0.142260,0.295719,0.116715,0.013320,0.328206,-0.008524,0.099975,-0.359185,-0.003787
0.462594,-0.001699,-0.154406,0.105039,0.052786,0.100686,0.140836,0.031625,0.551185,0.090017,-0.327950,0.068164,0.060174,-0.255961,0.103731,0.069826,0.058558,0.034345,-0.435417,0.119567
0.043105,0.270935,-0.278329,-0.270961,-0.122005,-0.089951,0.332760,-0.298039,0.013156,0.284507,-0.065441,0.307892,0.163233,0.040779,0.265984,0.109701,0.341314,0.267484,-0.066330,0.259975
-0.057774,0.235187,0.241182,0.346598,0.111634,0.104649,0.109366,0.120683,0.419716,0.062261,-0.333787,0.057823,0.300362,0.192953,-0.017558,0.361072,0.099934,-0.036562,0.044372,0.383268
