0.040815,0.007686,0.241435,0.354294,-0.360690,-0.089917,0.080171,0.067426,0.020386,-0.189040,-0.072711,0.189477,0.329588,0.011617,0.263643,-0.342320,0.089536,-0.330468,-0.413607,0.064910
-0.353168,0.352663,-0.023345,0.219128,-0.054487,0.254656,0.178073,0.011397,0.036085,-0.006370,0.353000,0.136384,0.051668,-0.038469,0.204014,-0.431547,0.325594,-0.011334,0.038803,0.344209
0.090868,-0.042175,0.270369,0.104017,0.322884,0.097685,0.249217,0.185033,0.054374,0.100356,0.468544,0.186250,-0.004498,-0.251089,0.084761,0.339258,0.137847,0.335982,0.333639,-0.010306
0.476898,-0.384918,0.201810,0.055214,-0.162939,0.183348,-0.118816,0.042148,-0.012471,-0.044412,0.553200,-0.051278,0.095912,0.030874,-0.107435,0.177911,-0.058913,0.006984,0.040621,-0.367786
0.209754,-0.228240,-0.182857,0.104863,0.024861,-0.187581,-0.329865,0.089659,-0.009683,-0.389543,0.084952,-0.224768,0.060814,0.013375,0.273952,0.449397,0.118941,0.064880,-0.223799,-0.384603
0.005941,0.179228,0.320892,-0.332789,-0.068819,-0.301389,0.240470,-0.149445,0.010153,-0.242627,0.250510,-0.222059,-0.082539,0.009270,-0.269154,0.286159,-0.289931,-0.141573,-0.241656,0.289179
-0.020201,0.069583,0.230338,0.197545,0.149233,-0.031720,-0.102995,0.210321,0.180461,0.233826,0.316731,-0.290172,0.002267,0.111426,0.283447,0.470456,0.230582,0.161494,0.043571,0.396930
0.191078,-0.035318,0.084371,0.071172,0.068151,0.183226,0.005362,0.043196,-0.025379,0.051797,0.609214,0.113088,0.018992,0.087877,0.075876,0.081231,0.137466,0.020995,-0.451960,-0.527868
0.061133,-0.154031,-0.266098,0.207882,-0.446869,-0.061348,0.114821,0.302565,0.013259,0.254849,0.070814,-0.342905,-0.160152,0.366602,0.243956,0.028724,0.069968,0.051738,-0.044407,0.364249
0.296528,-0.057607,0.276808,0.266335,0.262798,-0.212916,0.294644,-0.238082,-0.070572,-0.089575,0.156237,0.211868,-0.258353,0.279674,0.092318,0.229652,0.056819,0.280392,-0.262567,0.252948
-0.046583,-0.140574,0.187976,-0.195703,-0.031371,-0.098602,-0.313456,0.251863,0.337227,-0.093371,-0.287007,-0.234286,-0.284180,0.312795,-0.232744,-0.319734,-0.028002,0.184311,-0.180977,0.264252
0.056326,0.003030,-0.051912,0.232745,0.030025,-0.107044,-0.325596,0.496254,-0.331400,0.238889,-0.202284,-0.032318,0.036602,0.480239,-0.106146,0.006287,0.146636,0.026913,-0.317648,-0.007248
0.005264,0.130626,0.010557,0.178146,0.194857,0.225124,0.033764,0.134626,0.160262,0.159805,0.462910,0.250280,0.028761,0.340218,0.263244,0.466952,0.269630,0.017985,0.027427,0.193151
0.404862,-0.038407,-0.662374,0.069986,-0.024740,0.190541,-0.115433,0.092133,-0.007509,0.117365,0.275350,-0.016325,0.028813,0.193503,0.100651,0.109738,0.117540,0.225179,0.077962,0.333589
-0.169412,0.181868,0.269059,-0.273578,0.213276,-0.227880,0.236751,0.205336,0.242966,-0.230102,-0.281408,-0.256980,0.148442,-0.276463,0.213356,-0.202079,-0.259643,0.077635,0.145627,0.242228
0.266170,0.108305,0.099059,-0.269851,0.154123,0.407118,0.191320,0.278964,-0.251226,0.364789,0.228041,-0.107403,-0.060222,-0.167665,0.019722,0.047527,0.412151,-0.168352,-0.185515,0.064283
