0.203443,-0.323625,-0.118792,-0.042582,-0.205573,0.119066,-0.277075,0.445958,-0.067386,0.207941,0.169131,-0.097851,0.252437,-0.303417,-0.142032,0.185157,0.326663,-0.108851,-0.190090,-0.234461
0.288922,-0.585336,0.249446,0.241078,0.043860,-0.011188,0.012397,0.238548,-0.000579,0.178125,-0.017830,0.341145,0.031168,0.108199,0.203077,0.186103,-0.142691,0.079966,0.122401,0.340206
0.250114,0.296731,0.264689,0.219882,-0.037124,0.083191,0.050668,0.191946,0.226164,-0.091752,0.346765,-0.205379,-0.221449,0.109879,0.352879,0.172027,0.190127,-0.042290,0.147697,0.431624
0.236020,-0.001770,0.066620,0.067675,0.564225,0.021035,0.021408,0.078971,0.273900,-0.140129,-0.576986,0.056096,0.027527,0.029693,0.174041,0.178312,-0.257575,0.041645,0.104684,-0.190544
-0.342831,0.045088,0.131796,0.060474,-0.005790,-0.109325,0.024711,0.106541,-0.062532,0.141854,0.311137,-0.134170,0.029069,0.153070,0.411078,-0.421385,0.115437,0.404559,0.228930,-0.310469
0.200122,-0.256582,-0.229457,0.291841,-0.009493,-0.237734,-0.318781,0.033728,0.081504,-0.134541,0.033477,0.260431,-0.311732,0.033393,-0.078010,-0.287724,-0.324340,0.045765,-0.313264,0.332643
0.327489,0.175347,0.190574,0.323606,-0.159146,0.039962,0.088731,0.128050,-0.090323,0.311262,0.353007,0.309234,0.228191,0.232713,0.209465,-0.016933,0.244685,0.185410,-0.124133,0.290592
0.229603,0.223633,0.039200,0.417276,-0.028632,0.071478,0.095056,0.510391,-0.210691,0.136411,0.076397,0.116457,0.099510,0.501825,0.158851,0.180400,0.107422,-0.012872,0.101623,0.149042
-0.203220,0.020912,0.183690,0.383770,0.316584,0.151451,-0.039771,0.145457,0.103173,0.268112,-0.273578,0.179706,0.261258,-0.249699,0.152860,0.384402,-0.102713,0.094851,-0.062895,-0.341224
-0.130580,0.286205,0.282892,-0.249806,-0.144125,0.012912,0.028103,-0.009472,0.038047,0.273945,-0.293248,0.253242,-0.185398,-0.253377,0.263858,-0.191302,-0.251124,-0.266544,0.300344,0.284713
-0.178802,0.272156,0.306344,-0.169707,0.240100,0.121113,-0.328012,-0.252808,-0.040816,0.294427,0.126327,-0.193316,0.018761,0.318428,-0.203093,-0.302443,-0.159153,0.310947,-0.007196,0.171096
0.385482,0.156817,0.103970,0.157061,-0.088941,-0.098885,-0.091054,0.215880,0.046038,0.354111,0.062952,0.069827,0.012434,-0.365154,-0.032578,-0.272538,-0.326522,0.381508,0.011881,0.348225
0.310144,0.064131,0.037192,0.173841,0.104172,0.151598,-0.046840,-0.209844,0.225030,0.089144,0.298170,0.329741,0.177779,0.249740,0.383585,-0.070815,0.314665,-0.030822,0.014681,0.430703
0.190088,0.165315,0.451278,0.446370,0.100412,0.344213,0.058255,0.154589,0.025454,0.436698,-0.262215,-0.137342,0.024393,0.043512,0.123173,0.158344,0.158718,-0.062160,0.101823,0.129051
-0.008169,-0.300984,0.037762,-0.088994,-0.145913,0.008360,0.064288,0.371334,0.348145,-0.220350,0.018690,-0.224070,-0.321194,-0.107345,0.179429,0.309730,0.348432,-0.300290,-0.204747,-0.141360
0.391350,0.386255,0.334996,0.090751,-0.303838,0.013529,0.212199,0.028322,0.228490,0.024938,0.224620,0.080576,0.216423,0.008859,0.012874,0.403314,0.158557,0.205470,-0.054745,0.221326
