0.037340,-0.294864,0.044253,0.263642,0.199740,-0.206933,0.000878,0.063214,-0.098293,-0.222823,0.380839,0.344156,0.435438,-0.227288,0.379951,-0.042905,0.023876,-0.038148,0.162727,-0.121296
0.147298,0.079599,0.116898,-0.052486,-0.061516,0.029203,-0.232294,0.219136,-0.384145,0.306297,0.437126,-0.402696,-0.026604,-0.088432,0.011382,0.214602,0.107189,-0.082529,0.273831,0.326046
0.288234,0.060332,-0.369518,0.249601,0.032235,0.154380,0.246755,0.292469,0.128124,0.242416,0.344779,-0.027561,0.058251,0.075928,0.148239,0.343420,0.273055,0.032071,0.345542,0.065336
-0.289742,0.014408,-0.335489,-0.007908,-0.011785,0.353028,0.016071,0.274317,0.059605,-0.166524,-0.139149,0.032320,0.087716,0.115489,0.081838,0.603831,0.119372,0.304419,0.224471,-0.040157
0.126869,-0.366947,0.312936,0.214039,-0.019202,-0.081436,0.040448,0.160677,0.025520,0.175551,-0.352579,0.032379,0.232314,0.136070,-0.202632,0.147977,-0.248585,-0.290396,0.444094,0.188265
0.281060,0.308922,0.154727,-0.039237,0.240277,0.212841,-0.337414,0.256917,-0.032414,-0.229734,-0.096704,-0.117718,0.270166,0.328768,-0.014725,-0.239749,0.170982,0.269411,-0.299470,0.099459
0.016736,0.088358,0.170166,0.001456,-0.175804,0.244270,-0.081373,0.503862,0.202920,0.251250,0.418612,0.043811,0.014417,0.334428,-0.141401,0.100900,0.321059,-0.071347,0.102162,0.263800
0.088647,0.002334,0.054378,0.054304,-0.010510,-0.067462,0.046039,0.185412,0.074770,-0.580202,0.674007,-0.032630,0.035818,0.089094,0.006298,0.206340,0.248962,-0.022789,0.181749,-0.011217
-0.002119,-0.241817,-0.352529,0.139932,-0.116028,0.187466,-0.426156,0.375698,0.135962,0.139007,0.000631,-0.037603,0.086927,0.101803,0.197845,-0.168827,-0.313273,0.092609,-0.426798,0.112418
-0.260186,0.311208,0.225156,0.212586,-0.259745,-0.282868,0.204258,0.072630,0.323835,0.176251,0.177217,0.224556,-0.240912,-0.274167,-0.068907,-0.088626,-0.263326,-0.034674,0.198377,-0.267613
-0.291435,0.010295,-0.299220,-0.038448,0.257384,0.309247,0.016184,-0.176461,-0.099890,0.307597,-0.239984,-0.184256,-0.188365,-0.239507,0.071742,-0.334176,-0.159982,0.186549,0.297594,-0.275515
-0.173408,-0.181417,0.147823,-0.398872,-0.278811,0.103307,0.060792,0.241300,0.088300,0.245247,-0.335910,0.155967,0.390093,0.263472,-0.082839,-0.187730,-0.143724,-0.001062,-0.297089,0.167389
0.266360,-0.001937,0.263370,0.034111,0.013519,-0.027667,0.079309,0.038798,0.245141,0.057351,0.489990,0.182340,0.163672,0.005188,-0.151628,0.070261,0.061351,-0.113180,0.330968,0.576368
0.422402,-0.232153,0.084019,0.063403,-0.081457,0.098301,0.040074,0.372589,-0.008658,0.066222,0.218786,0.012396,-0.421504,0.197858,0.009190,0.562923,0.062621,-0.033441,0.009969,0.092055
0.191680,-0.240237,0.094228,0.292493,0.324300,0.098628,-0.155781,0.328000,0.085210,-0.303581,0.198155,-0.321883,0.211483,0.330339,-0.114948,0.014804,0.162963,-0.240397,0.009455,0.265235
0.027643,-0.175979,0.079352,0.358438,-0.180887,-0.013291,-0.153391,0.555515,0.076842,0.125210,0.425804,-0.178984,-0.183166,0.200071,0.035764,0.044014,0.314046,0.026547,-0.116215,0.209555
