-0.006585,0.023362,-0.058996,0.063616,-0.423042,0.257725,-0.351416,0.077524,0.392680,-0.297283,-0.065445,0.185711,0.009314,0.265666,0.020409,0.239953,-0.047165,0.070413,0.127846,-0.428323
0.119388,0.083660,0.172600,0.055070,-0.081105,0.186817,0.111383,-0.480106,0.037230,0.090525,0.295287,0.127567,0.068308,0.389213,-0.061164,0.371968,0.409241,-0.274473,0.071978,0.047337
0.024875,0.039741,-0.121961,0.396192,-0.056118,0.170866,0.285013,0.479118,0.306467,0.005091,0.334855,0.251708,0.039958,0.092652,-0.020520,0.287177,0.093302,0.068653,0.326398,0.019205
0.197183,0.071304,0.080886,0.045396,-0.027083,0.198466,0.471121,0.038847,-0.315588,0.102628,-0.122475,-0.452570,0.521517,-0.015297,0.000691,0.116234,0.167669,0.161154,-0.118060,-0.012245
0.446012,-0.007525,0.234510,0.084438,0.120878,0.167463,0.181123,-0.044912,0.436603,0.116171,0.316657,0.207731,0.308885,0.125581,0.261637,0.065986,0.247279,0.037030,0.255367,0.046411
0.299826,-0.286629,-0.275110,-0.031912,-0.036852,-0.218189,0.266759,-0.214233,0.121183,-0.182449,-0.297405,-0.123015,-0.306856,0.094651,-0.262781,0.182442,-0.304573,-0.107424,-0.288943,-0.201039
0.170980,0.024496,0.335422,0.055794,0.135466,-0.174049,0.210245,0.071370,0.334176,0.113421,0.381607,0.037907,0.315520,0.067130,0.037485,0.139948,0.337681,0.233941,0.307249,0.311122
0.174131,0.090880,0.131361,0.005741,-0.339780,0.163741,0.110076,0.119148,0.051533,0.478416,0.279988,0.125111,-0.110681,0.477413,0.040923,0.395156,0.167606,-0.013253,0.142028,0.059477
-0.134540,0.044616,0.322606,0.040674,-0.351822,0.117983,0.083655,-0.220951,0.117101,0.059703,-0.242465,0.206821,0.365718,0.137100,-0.122417,0.276642,-0.169545,-0.401232,0.357458,-0.015830
-0.249538,0.051926,0.349506,-0.243555,0.180280,0.251939,0.142987,0.336306,-0.028603,-0.124438,-0.081599,-0.193055,-0.243768,0.245389,0.268167,-0.283549,-0.145636,0.257330,-0.232976,0.223943
-0.322737,-0.013865,-0.250493,-0.277582,0.121503,0.305648,0.178180,0.065152,-0.338212,0.196151,0.251986,-0.052603,-0.129930,-0.249523,-0.274308,0.106987,-0.268234,0.236204,0.114170,0.293148
0.162280,-0.320829,0.152814,0.309373,-0.386459,0.129531,0.096483,-0.335711,0.074480,0.054719,-0.265948,0.135976,0.008631,-0.249946,0.348394,0.171714,0.125945,-0.112089,-0.341804,-0.084284
0.124991,-0.130013,0.158097,0.343387,-0.025199,-0.089418,0.362082,0.316169,-0.052599,0.018632,0.261685,-0.295822,0.178120,0.296703,-0.178633,0.315743,0.090893,0.176756,0.081116,0.358214
0.230331,0.001857,0.348047,0.038603,-0.031154,-0.220200,0.145066,0.380133,0.063131,0.199079,0.343657,-0.291697,0.035555,0.402108,-0.103594,0.034091,0.236219,0.109827,-0.334600,0.088545
0.138772,-0.253171,-0.239889,-0.260509,-0.268344,-0.312238,-0.238633,-0.160051,-0.269891,0.212421,-0.278266,0.297461,0.075717,0.300153,-0.151177,-0.159103,0.247351,-0.028929,0.026650,0.220386
0.141452,0.213225,0.472624,0.189365,0.016714,-0.094408,0.289189,-0.225277,0.234521,0.299754,0.196665,0.045606,-0.191749,0.074385,-0.115940,0.111584,0.384688,-0.334109,0.122360,0.057722
