0.089991,0.092433,-0.356088,0.174734,-0.330268,0.068116,0.101392,-0.201397,-0.356644,0.099320,0.336393,0.328163,-0.164735,0.082533,-0.273532,-0.234861,0.051626,0.350965,0.055755,0.103341
0.270079,0.083032,0.303615,0.198266,0.064804,0.288609,-0.036794,0.431242,0.006321,0.031517,0.122371,0.091655,0.322506,0.263203,0.195922,-0.469885,0.213969,0.061142,0.081359,-0.029001
-0.180993,-0.004769,0.205168,-0.147563,0.018239,-0.119342,0.090654,0.545887,-0.363936,0.136959,0.370141,0.106808,0.135387,0.362493,0.114543,0.032711,0.139857,0.040920,0.163869,0.266338
0.112121,0.313153,-0.048829,0.126992,0.003057,0.442400,0.305250,0.052212,-0.097120,0.095184,-0.092896,0.029875,0.057491,0.132253,0.386178,0.041324,-0.426736,-0.032883,-0.236668,-0.374666
0.072313,0.119736,0.476113,0.126567,-0.021894,-0.227764,0.322021,0.214182,0.078081,0.092263,0.201336,0.453216,-0.414418,0.116777,-0.038184,-0.172205,0.113596,-0.027360,0.169121,0.128481
0.296520,0.293657,-0.205703,0.035268,-0.140289,-0.264169,0.275628,0.216044,-0.102427,0.211579,0.246887,0.221312,-0.322118,-0.191030,-0.270623,-0.266449,0.159887,0.256329,-0.027306,0.168773
0.408746,0.000119,0.001231,-0.008594,0.173920,-0.103540,-0.201518,0.319116,-0.021608,0.305452,0.210959,-0.109621,0.123265,0.426494,0.169570,0.352587,0.313528,0.161883,-0.114212,0.106942
0.100343,0.013355,0.541395,0.222784,-0.064892,0.009635,0.039659,0.433759,-0.337913,0.142878,0.060892,0.103751,-0.166724,0.057675,-0.410068,0.131263,0.074187,-0.105260,0.055821,-0.260209
0.089064,0.200089,0.318914,-0.228537,0.137730,0.325136,0.096790,0.087406,0.085888,0.056485,-0.003471,-0.433572,0.511002,0.277883,0.171450,0.235075,-0.061761,0.011019,0.126800,0.121775
0.186340,-0.181474,-0.193532,-0.256643,0.155470,-0.028753,0.327494,-0.269931,0.100702,0.314682,0.211619,-0.006299,-0.275501,-0.318318,-0.253820,0.248681,0.133170,-0.269600,-0.185668,-0.203811
-0.232752,0.159005,0.145286,0.279146,0.250977,-0.155234,-0.232017,-0.327054,0.279628,0.175612,0.108953,-0.264959,0.097438,0.253149,-0.324914,0.258000,-0.115898,-0.283183,-0.133372,-0.159371
-0.241431,0.189832,-0.132814,-0.085895,-0.061689,-0.352542,-0.317589,0.221353,-0.165187,-0.243421,0.089959,-0.219457,0.365424,-0.302523,0.038601,0.194492,0.113228,0.376568,-0.183046,0.086080
0.116959,0.259242,0.104856,0.203443,0.095949,0.151444,0.044381,0.275745,0.235081,0.136306,0.263106,0.268688,-0.358160,-0.228033,-0.255310,0.159220,0.117758,-0.192115,0.289567,0.368629
0.142994,-0.025655,0.450513,-0.241128,0.165047,0.091602,0.097309,0.387768,0.065696,0.152192,0.385291,0.009889,0.135959,0.282771,0.047832,0.195660,-0.354046,-0.199222,0.159867,0.129191
-0.164656,-0.003277,-0.310347,0.172622,0.256331,-0.253144,-0.324482,0.165707,-0.136194,0.180506,-0.273267,0.248814,-0.241699,0.019328,0.034870,0.023583,-0.309744,-0.308306,-0.219863,-0.310832
0.197432,-0.129875,0.216803,-0.177760,0.075126,0.116347,0.310578,0.288476,-0.064511,-0.068969,-0.069387,-0.285162,0.297776,0.405454,0.173575,0.099536,0.006697,-0.011840,0.369591,0.376512
