-0.355043,0.419107,0.115985,0.377409,-0.000314,0.170392,-0.029557,-0.331790,0.052763,0.111596,0.094626,-0.129725,0.025677,0.127887,0.173140,-0.335780,0.149883,-0.008116,0.312064,0.285899
0.113456,0.245268,0.296292,-0.064878,0.066379,0.266690,0.282722,0.288858,0.207673,-0.238144,0.408446,-0.179626,-0.009501,0.297485,-0.032727,0.057441,0.375218,0.066954,0.191334,0.149332
-0.023584,0.107071,0.302597,-0.340690,0.058589,0.093419,0.148291,0.229928,0.052108,0.325397,0.348999,0.081957,0.073032,-0.082481,-0.316101,0.336837,0.203664,0.428184,0.074765,0.016914
0.189885,-0.108025,-0.412474,-0.341157,0.401031,0.055679,0.047635,0.055589,-0.122532,-0.100299,-0.413407,0.063130,0.011323,0.056089,0.365404,0.211699,0.095330,-0.010859,0.198406,0.257527
0.128301,-0.413175,0.169207,0.412209,0.374709,0.108006,-0.046009,0.107998,0.192472,0.085879,0.087311,0.062828,0.169077,-0.103312,0.067329,0.119175,0.408987,0.231514,0.280410,-0.186921
-0.148673,0.308656,-0.115635,0.116699,-0.024770,0.270804,0.358091,-0.213891,-0.316914,0.259594,0.302044,-0.087031,-0.238181,-0.171793,0.277676,0.225006,-0.213205,0.160683,0.182163,-0.150497
-0.457802,0.409559,0.202513,-0.053313,-0.137109,-0.057162,0.127965,-0.078802,-0.062472,0.180393,0.015514,-0.046575,0.366511,0.160742,0.322477,0.354436,-0.143922,0.284148,0.063380,-0.008021
-0.013079,0.049777,0.190418,0.146905,0.015747,-0.530595,-0.012179,0.113228,-0.027624,0.095092,0.222970,-0.226802,-0.331331,-0.404321,0.108883,0.170504,0.164778,-0.016424,0.099975,0.426854
0.045236,0.059956,0.491052,-0.093841,-0.208600,-0.016154,0.531016,0.092696,-0.326564,0.402504,0.175070,0.090908,-0.161255,0.058175,-0.192688,0.027535,0.162630,0.031099,0.023006,0.085377
-0.276733,-0.262427,-0.298765,-0.048742,-0.297590,0.159993,-0.034450,-0.275770,0.204132,0.232931,0.162702,-0.311397,0.289913,-0.191452,0.122391,0.144417,-0.251364,0.214420,0.022040,0.293204
0.308293,-0.314192,-0.172822,-0.213234,-0.304248,-0.252888,0.300703,0.305904,0.010643,0.162543,0.130461,0.222732,0.269388,0.013577,-0.315696,0.285039,0.022180,0.021571,0.130475,-0.159921
0.137258,0.093183,0.119125,0.235051,0.250196,0.085502,0.069168,0.358505,0.357634,0.225985,0.340976,0.119678,0.036142,-0.020440,-0.182618,-0.317245,0.328512,0.276184,-0.251593,0.083941
0.200719,-0.173422,-0.254103,0.349702,-0.157951,0.302649,0.339247,0.263631,-0.062208,0.083715,0.192398,0.142708,0.214983,0.114977,0.120364,0.250109,0.004718,-0.056491,0.260830,0.407009
0.222970,0.165989,-0.479972,0.103730,0.007803,-0.135077,0.285530,-0.124307,0.091626,-0.314547,-0.190759,0.096352,0.013953,0.259706,0.133939,-0.379756,0.360111,0.032630,0.210760,0.091343
0.228296,0.021669,-0.306087,-0.206199,0.260157,-0.220954,0.283245,0.262957,-0.208365,0.102213,-0.211318,0.222790,-0.065745,-0.226387,0.273939,-0.248054,-0.210633,0.241468,-0.231716,0.220594
-0.198087,0.138283,-0.047616,0.178067,0.008112,0.056694,0.230466,0.013832,-0.203394,0.377548,0.101854,0.133989,0.317436,0.428267,-0.136277,0.253869,0.212344,0.255793,-0.099562,0.388853
