-0.257368,0.012381,0.117874,0.389028,0.015725,0.291723,-0.300081,-0.360015,0.018161,-0.163315,0.016433,0.068442,-0.337618,0.233804,-0.165057,0.280883,0.103653,0.017565,-0.327270,0.196107
0.062786,0.020418,0.132781,0.217063,-0.034149,0.087012,-0.000202,0.297417,0.066993,0.193606,0.390357,0.066171,0.104680,0.093294,-0.323671,0.165289,0.247796,0.167427,0.567581,0.267662
0.224280,-0.045887,0.331091,-0.230205,0.061355,0.150229,0.020541,0.233415,0.122692,0.024647,0.544629,-0.218730,0.083369,0.011935,0.101593,0.352684,0.131658,-0.138360,0.400492,0.070318
0.344553,-0.122441,0.069152,0.082982,0.011394,-0.423866,0.047914,0.266950,-0.195989,0.010826,0.397255,-0.029382,0.397716,0.024326,0.029200,0.170596,0.116375,-0.285238,-0.267588,-0.220989
0.283367,0.107577,-0.259380,0.123130,0.004795,-0.354953,-0.229782,0.201559,0.002302,0.150933,0.365570,0.372014,0.056491,-0.387438,0.028214,-0.040268,0.061132,0.012418,-0.350389,0.170432
0.081166,0.018346,-0.176756,0.043563,0.019195,0.079562,0.311409,-0.354590,0.347446,0.092920,-0.191163,-0.212083,-0.137527,-0.309973,0.006457,-0.372712,-0.215323,0.045259,0.329441,0.329781
0.258827,-0.087008,-0.093974,-0.314869,-0.146981,0.398863,-0.170896,0.162162,-0.153136,-0.218051,-0.178581,0.272438,0.021654,0.192849,0.187481,0.250983,-0.317088,-0.210889,0.024051,0.350368
0.135436,0.069566,0.034377,-0.133920,0.074385,0.042230,-0.466928,-0.257779,0.445537,0.142056,0.480727,0.103357,0.079243,0.264746,0.097529,0.211672,0.142441,0.007964,0.203916,0.113260
-0.007389,-0.123253,0.146305,0.128195,-0.055978,0.129190,0.049126,0.253728,0.213849,0.165844,0.232923,0.397225,-0.074545,0.242936,-0.485930,-0.190104,0.018576,0.161989,0.433008,0.155237
-0.162409,0.188742,0.332600,-0.260497,0.149149,-0.169450,0.279101,0.194186,-0.032855,0.320180,-0.208309,0.082745,0.319773,0.205670,-0.252213,0.142738,-0.228420,0.251107,-0.197631,-0.237258
0.196534,0.028805,-0.166065,0.168825,0.266016,-0.212946,-0.307059,-0.043379,-0.262309,0.184850,0.314008,0.256870,0.058519,0.300693,-0.258912,0.025117,0.070765,-0.309553,0.276275,0.293195
0.312796,0.301324,-0.219896,-0.105227,0.005990,0.112626,-0.194986,0.271952,0.090256,0.170982,0.414840,-0.302614,-0.122754,-0.261627,0.067930,-0.118027,-0.183992,-0.192375,-0.070517,0.385088
0.050995,-0.072547,0.141911,-0.421739,0.088181,0.272707,0.077664,0.167510,0.116641,-0.487605,0.285332,-0.216550,-0.035208,0.232005,0.281293,0.171741,0.278477,0.095637,-0.181990,0.121335
0.139388,-0.450667,0.083669,0.060968,-0.067682,-0.076361,0.393838,0.185479,0.010541,-0.246250,0.612516,0.180097,0.066323,0.072631,0.091187,0.143332,0.121315,0.063625,0.075795,0.188215
-0.193415,-0.209708,0.266540,0.319899,-0.183869,0.257916,-0.138912,-0.134406,0.101192,-0.112420,-0.253618,-0.334275,-0.196792,0.279404,0.300377,-0.143535,-0.233305,-0.240210,-0.098762,-0.243097
-0.248624,-0.216548,0.303608,0.411853,-0.107511,0.032731,-0.005695,0.526716,0.035504,0.102146,0.314120,0.186764,0.051078,-0.009905,-0.021190,0.287767,0.252017,0.194914,0.009234,0.081232
