0.218721,-0.172527,0.071691,0.192487,-0.559103,0.299562,0.030428,0.250216,0.043706,0.098738,0.194590,0.119111,0.118294,-0.132350,0.048215,0.112549,0.092251,0.124486,0.517569,0.110622
0.137151,0.121556,0.496336,0.194711,-0.048896,-0.136310,-0.007484,0.132176,-0.057370,0.472447,0.178433,0.217736,-0.123754,0.133058,0.023084,-0.176814,0.398614,0.156050,-0.000564,0.299750
0.347173,0.036269,0.174507,-0.282389,0.054667,0.301186,0.330369,-0.229336,0.084963,0.312098,0.214548,0.123272,-0.105942,-0.003712,0.132751,0.194954,0.239513,0.320240,0.342539,0.050479
0.322196,0.193765,0.313103,-0.222841,0.034869,0.012840,-0.076193,0.095937,0.103932,0.548850,0.275609,0.436965,0.029379,0.011405,0.095330,0.056621,0.155071,0.238958,-0.141285,-0.035061
0.121817,0.224120,-0.191011,0.121612,0.018983,-0.346435,0.184862,0.010543,-0.210207,0.149102,-0.078233,0.103251,0.248848,0.037192,0.048805,0.378848,-0.328017,-0.048054,0.173215,0.544674
-0.097667,0.248359,-0.142788,-0.325933,-0.002740,-0.021693,-0.333391,-0.128047,-0.295553,0.182214,0.196085,0.243072,0.207207,0.321296,0.264957,-0.039016,0.218599,-0.311293,0.200283,0.230988
0.260508,-0.107309,0.275979,0.438329,-0.133118,0.211892,0.076091,0.325206,-0.322766,0.103362,0.056246,0.025808,0.010833,-0.105862,0.213396,0.097873,0.436421,0.188201,0.119316,0.230010
0.065922,0.048564,0.131548,0.074646,0.042709,0.296775,0.088760,0.077992,0.083179,0.163250,0.113295,0.067246,0.013263,0.061699,0.029424,0.009613,0.283563,0.174099,0.110850,0.829267
-0.414904,-0.273675,0.265969,0.091044,-0.015443,-0.032487,-0.115290,0.211789,0.304807,0.282522,-0.105418,0.142695,-0.049480,0.349949,0.030086,-0.342644,0.130315,0.163248,-0.325046,-0.133333
-0.166260,-0.220169,0.120993,0.296089,-0.107865,-0.276352,-0.193692,-0.279847,-0.140917,-0.219578,0.187871,0.282892,0.173584,-0.267287,-0.305547,-0.131872,0.307185,0.125173,0.189903,-0.275547
0.122018,-0.182798,0.157323,-0.232433,-0.027738,0.244714,0.169890,0.328235,0.364712,0.101142,-0.133931,-0.288779,-0.168992,0.353417,0.018444,0.161984,0.030889,-0.219407,-0.302963,0.331917
0.054678,0.080744,0.208417,0.212029,-0.363758,0.027870,0.432591,-0.358464,0.100357,0.150576,0.127038,-0.193674,0.029618,0.179072,-0.084692,0.024195,0.152025,-0.139330,-0.327139,0.420392
0.410886,0.262364,0.123477,0.298711,0.021602,0.354124,0.107070,0.093194,-0.100535,0.353722,0.159160,-0.222344,-0.011481,0.120439,0.450590,0.135356,0.219355,0.092812,0.093787,0.018207
0.581646,-0.416795,0.195265,0.213506,-0.034315,0.078933,-0.499680,0.103174,0.099595,0.096438,-0.008820,-0.146422,-0.001324,0.057649,0.084628,0.037785,0.159776,0.210660,0.117693,-0.010782
-0.270148,0.260998,-0.321079,0.289408,-0.279069,0.246669,0.151774,-0.326104,-0.198578,0.251189,-0.164617,-0.158582,0.102166,0.049846,0.275217,0.194333,0.194789,0.198620,0.211824,0.021824
0.181572,0.099972,0.191363,0.425625,0.205917,-0.118334,-0.153346,-0.099501,0.239721,-0.296318,0.258137,0.052068,0.004095,0.112063,0.335981,0.171732,-0.015723,0.264446,0.439303,-0.129263
