0.265153,0.194631,0.416168,-0.351354,-0.002773,0.021673,0.075945,-0.092053,0.019880,-0.317233,-0.057377,0.296840,-0.046219,-0.013522,0.126256,0.028827,-0.016445,-0.436716,0.196716,-0.373138
0.149160,0.412592,0.241767,0.220722,-0.234267,-0.026095,0.060527,0.298491,-0.040590,0.157333,0.350888,0.026737,0.296548,-0.000385,0.008103,0.357974,0.299593,0.261232,0.095026,0.136413
0.219091,0.265932,0.390015,0.340100,-0.012416,0.313650,0.190930,0.299394,0.202331,0.250018,0.321230,0.200477,-0.170188,0.085812,0.062534,0.164677,-0.197926,0.103085,0.143132,-0.066384
0.114331,0.199658,0.084645,0.145055,-0.247482,-0.066979,0.123962,0.142676,0.142566,-0.129321,0.111756,0.030449,-0.353796,-0.377953,0.114835,0.125960,-0.315910,-0.291437,0.499958,0.187540
0.169201,0.317967,0.021962,0.159163,-0.008655,0.061278,-0.148225,0.127734,-0.374249,0.449747,-0.149697,0.071865,-0.080413,0.090856,-0.370970,0.136958,0.148695,-0.355623,0.023735,0.334948
-0.074576,0.247071,-0.134684,-0.287820,0.052677,0.230472,0.242507,-0.300487,-0.273088,0.342111,-0.251200,-0.303660,0.244672,0.250484,-0.220572,-0.115833,0.041571,0.235814,0.189575,0.050411
0.419330,0.178978,0.040519,-0.202114,-0.149005,0.060261,0.401432,0.237080,0.367978,-0.244950,0.097621,-0.147963,0.181287,-0.013039,-0.351425,0.173120,-0.011461,0.063194,-0.247217,0.166948
0.212747,0.343968,0.102605,0.208843,0.000890,0.005034,-0.342478,0.226089,0.342095,-0.149850,0.431592,0.052236,0.259860,0.066154,0.145432,0.218618,0.129540,0.059379,0.347884,-0.056445
-0.054511,0.103844,0.010826,0.443949,-0.172667,0.036440,-0.174152,0.479375,-0.189081,0.408883,0.238673,0.260728,0.163731,-0.002765,-0.303465,-0.144853,-0.122414,-0.108044,-0.033515,0.047060
-0.228244,0.289622,-0.135795,-0.177875,0.145934,0.117541,-0.234355,0.103254,-0.275797,0.311886,0.226095,0.250383,-0.180538,-0.255136,-0.221649,-0.203278,-0.285396,0.297381,0.238451,0.105910
0.001692,0.283046,0.253636,0.199045,0.315276,0.048375,0.152968,-0.286272,0.253481,-0.305474,-0.153131,-0.000666,0.122103,-0.265648,0.215058,0.281461,0.125499,-0.213285,-0.277887,-0.280028
-0.338824,0.411106,0.030180,-0.238794,-0.076794,-0.115219,0.100744,0.214167,0.016891,0.004823,0.210865,0.023109,-0.333868,-0.019160,0.372256,0.044817,-0.329938,-0.337769,-0.241955,-0.062069
0.210639,0.500476,0.016238,-0.148138,-0.070996,0.233049,0.125992,0.055110,-0.102506,-0.004547,0.174294,0.399684,0.336721,0.065910,-0.001613,0.175205,-0.056429,-0.084347,-0.315765,0.381573
0.117358,-0.024309,0.275767,-0.056803,0.020168,-0.004822,0.150886,0.154838,-0.431846,0.123564,0.199197,0.039068,0.211909,0.085378,-0.399217,0.278893,0.229049,-0.088821,0.165540,-0.488999
-0.228606,0.321092,-0.162217,-0.228908,-0.372953,-0.109154,-0.077766,-0.074468,-0.107287,-0.229256,-0.028482,0.334094,-0.174241,0.057214,-0.335355,-0.323006,0.245286,0.019764,-0.001736,-0.340351
0.059724,-0.114491,0.221906,0.194978,0.168145,0.213112,0.290748,0.343209,0.348437,-0.012763,0.106966,-0.040933,0.287039,0.079890,-0.314113,0.399854,-0.043053,-0.170627,0.195088,0.262699
