-0.238377,-0.069928,-0.147624,0.055523,0.005570,0.022233,-0.332468,-0.431384,-0.298788,0.078753,0.000461,-0.117171,0.009457,-0.005343,0.501439,-0.450559,-0.161032,0.014182,0.014237,-0.161727
0.563765,0.136894,0.002741,0.213957,0.072695,0.334070,0.071346,-0.113138,0.068870,0.131192,0.078967,0.261085,0.120831,-0.062364,-0.127119,0.505282,0.215792,-0.069111,0.038999,-0.209017
0.505361,0.279411,0.029734,0.051743,-0.373925,0.172420,0.111323,0.316660,-0.009727,0.222696,-0.005108,0.300188,0.068248,-0.055010,0.230932,-0.054592,0.214892,-0.010269,-0.210100,0.294138
-0.218158,-0.002006,-0.431503,0.101174,-0.442560,0.435279,0.162842,-0.036311,0.140251,0.146806,0.045084,0.145721,-0.035194,-0.013166,0.257600,-0.444916,0.084699,0.036599,-0.015951,-0.061901
0.274107,0.006826,0.218187,0.095431,0.022655,-0.295525,0.048588,0.160755,-0.021374,0.403004,0.000947,-0.489151,0.074841,0.435759,0.117294,-0.038061,0.139151,-0.325389,0.019414,-0.116639
-0.002766,0.037600,0.333919,-0.126906,-0.044750,-0.047537,-0.255724,0.164854,-0.306934,0.285663,-0.235244,-0.268321,0.224474,0.296423,0.311907,0.002040,-0.226176,0.277839,-0.211841,-0.249436
0.297810,-0.099505,0.002941,0.031536,-0.153936,0.313897,0.224888,0.134526,0.338088,0.240832,-0.034101,-0.508900,0.040973,0.063267,0.033661,0.277149,-0.358189,0.176046,0.054038,0.176698
0.147525,-0.000416,0.098417,-0.074103,0.061578,0.221444,0.021774,-0.011418,-0.055510,0.306308,0.133836,0.168974,-0.040813,-0.269809,-0.459802,0.273329,0.626695,-0.085563,0.056773,0.048727
0.014836,0.233639,0.120112,0.065647,0.006495,-0.073224,-0.111349,0.028759,0.224394,0.135259,0.216795,0.453614,-0.138865,-0.295177,0.456961,0.173226,0.022108,0.013054,-0.260074,0.415791
0.108917,0.282361,0.205693,0.083626,-0.278218,0.260888,0.195476,-0.219660,-0.134623,-0.301854,0.279862,-0.247554,-0.225987,0.257285,-0.142942,-0.104615,-0.289094,-0.201550,-0.318526,-0.063518
-0.232949,-0.170307,0.246783,0.346306,0.196010,-0.289406,0.098351,0.306554,-0.027353,-0.356894,-0.257003,-0.129116,0.041989,-0.312906,-0.323403,0.073185,0.023070,-0.006772,0.109420,0.277603
-0.417836,0.198722,-0.256117,0.290328,0.005499,0.219106,0.242604,-0.325987,-0.001052,0.296158,0.008273,0.047498,-0.005512,0.245364,0.476312,0.148689,0.047969,-0.025608,-0.016873,-0.142767
0.539740,-0.140158,-0.152374,0.035504,-0.073111,0.179413,-0.098619,-0.080049,0.029587,0.214137,-0.096791,0.294470,0.182825,-0.154648,0.215305,0.403681,0.163723,-0.091480,0.145509,0.380890
0.691304,0.248062,0.009759,0.114334,-0.016800,0.221559,0.094633,-0.048737,-0.276751,0.250671,0.046482,0.197812,-0.152974,0.016116,-0.255822,0.187759,0.191200,-0.038389,-0.208702,0.005619
0.239325,0.056722,0.279399,-0.237033,-0.260899,0.279554,0.054830,-0.252541,0.270719,-0.179914,-0.214160,0.065838,0.227832,0.157177,-0.368814,-0.130981,0.197482,-0.003379,0.269178,0.308447
-0.334210,0.084616,-0.240327,-0.084834,-0.075860,-0.075762,-0.015300,-0.174448,0.109545,0.141042,-0.165906,0.167938,-0.250324,-0.130546,0.190601,0.622218,0.370778,-0.158238,-0.143836,-0.003967
