-0.274983,0.254267,-0.201859,0.343958,0.229723,0.261089,0.207504,0.217801,0.064737,0.100446,-0.018277,-0.340852,0.336423,0.120723,0.112650,0.168793,0.133985,-0.177875,-0.257860,0.270980
0.326279,-0.199385,0.214934,-0.339677,0.043787,-0.037671,0.218015,0.294507,-0.252487,0.031484,0.161681,0.162148,0.260602,0.178001,0.121964,0.359493,0.248622,-0.246499,0.239658,0.117120
0.177250,-0.066524,0.122998,0.180626,-0.323212,0.270234,0.199633,0.560983,0.094637,0.016554,-0.230603,-0.062997,0.378778,0.191984,0.081164,0.110357,-0.009450,0.042415,0.226973,0.255882
0.062028,-0.006024,0.126840,0.255475,-0.388248,0.083287,-0.351802,-0.329012,0.023885,0.388537,0.112862,0.036361,0.144350,0.117005,0.335112,0.323678,0.100498,-0.030834,-0.030642,0.309673
0.474477,-0.093723,0.418853,0.025176,-0.027109,-0.165192,-0.136192,0.411013,-0.283878,0.084591,0.157352,-0.307830,0.129869,0.038897,0.019032,0.284544,-0.133012,0.038859,0.170911,0.138316
0.286977,0.003962,0.239492,0.254569,-0.301166,0.079850,-0.315643,-0.223314,0.319010,-0.014360,0.223862,-0.327189,-0.004172,-0.288466,0.343272,-0.188138,0.107367,-0.160481,-0.123398,-0.027911
0.287208,0.111136,0.319023,0.171265,0.102146,0.271502,0.255362,0.440893,-0.085657,0.291429,-0.009217,-0.060067,-0.100261,0.026628,0.319205,0.200454,0.124284,-0.157012,0.372196,0.053710
0.077375,-0.221943,-0.039551,0.226282,-0.055386,0.001276,0.518360,-0.442227,-0.005482,0.046942,0.086870,0.001892,0.012900,0.079602,0.028151,0.235433,0.045234,0.563889,0.170075,0.056621
0.043620,0.305913,-0.318845,0.354260,-0.023153,0.174646,-0.167336,0.095673,0.193311,0.353155,0.190852,0.052854,-0.034763,0.132907,-0.000884,0.432315,0.147257,-0.159814,0.112997,-0.376950
-0.205343,0.272910,-0.088176,-0.271615,-0.159751,-0.301738,0.167243,-0.129816,0.303203,0.259491,0.283656,0.254335,0.171530,0.236241,0.282540,0.122953,0.198365,-0.259930,0.151814,-0.160817
-0.285877,0.191639,-0.236765,-0.197981,-0.153909,-0.093844,0.281342,-0.293496,0.268966,-0.057592,-0.199597,-0.336045,-0.074052,0.133012,0.248038,-0.038633,0.154638,0.281726,0.248164,0.330186
-0.386615,-0.158832,0.082433,0.165871,0.240220,0.302862,-0.378145,0.187657,0.052244,0.211780,0.108996,0.400238,-0.008154,0.100842,-0.039038,0.214657,0.099598,-0.084323,0.157309,-0.379589
0.122192,0.190182,0.117834,0.196136,0.127104,-0.006173,-0.001314,0.233233,-0.070807,0.374101,0.194095,-0.393608,0.103420,0.132571,0.031101,0.023240,-0.196424,-0.172336,0.613708,0.117004
0.154595,0.004946,0.026589,0.130557,0.004035,0.033814,0.154364,0.407073,-0.192917,0.094988,0.100102,0.102010,0.373620,0.489012,0.045772,-0.139245,-0.410652,-0.041822,-0.200719,0.300134
-0.271375,0.089126,-0.283152,-0.061738,0.252377,0.279030,-0.267262,-0.218120,0.164431,-0.263265,0.012828,-0.260735,0.045677,0.254911,0.282193,-0.240329,-0.275730,0.269644,0.034636,-0.234485
0.061015,0.197322,0.191385,0.051876,-0.212513,0.227444,0.260822,0.203459,-0.005109,0.382003,0.095255,-0.056763,0.263578,0.256500,-0.108578,0.286138,0.007370,0.245626,-0.385844,0.339508
