0.342229,0.005663,0.285090,0.236409,0.337416,0.062852,-0.259219,-0.285676,-0.100744,0.289062,0.183696,0.052250,-0.246406,-0.223990,0.284170,0.119250,-0.355055,0.006569,0.068672,0.110515
0.213413,-0.095185,0.122525,0.098558,0.006670,0.129613,0.144160,0.665394,0.092729,0.365290,0.153726,0.105873,0.066973,0.308669,-0.104103,0.112732,0.127666,-0.047912,0.280131,0.207467
0.143570,-0.021805,0.242260,0.276487,-0.058195,0.300050,-0.104161,0.282978,0.140035,-0.365248,-0.280061,0.278557,-0.077668,0.137858,-0.073433,0.428428,-0.229103,-0.025909,0.200875,0.207122
-0.128701,0.008279,-0.337801,0.117542,0.379892,0.051535,0.115781,0.418831,-0.162305,0.082706,0.073049,0.043662,-0.285223,0.338665,-0.069339,0.316505,-0.288688,0.031518,0.279068,0.126394
-0.006836,0.015587,0.104351,-0.018483,0.401169,0.442184,0.106884,0.139349,0.082156,0.116764,0.096557,-0.335502,0.360411,-0.082715,-0.445412,0.125205,0.078552,0.109771,0.283892,0.096363
0.353243,-0.350026,0.154623,0.369687,-0.054579,-0.342473,-0.131349,0.222364,-0.076814,-0.219959,0.075693,-0.040386,0.092191,-0.303469,-0.222476,0.311574,-0.054568,-0.201687,0.001985,-0.229546
0.005971,0.050727,0.307050,0.368661,0.141532,-0.061091,-0.081184,0.514121,0.019111,0.194313,0.281833,0.138737,-0.045479,0.285560,0.170714,-0.095726,-0.135188,0.079023,0.397045,0.177877
0.153788,0.050110,0.118556,0.194625,0.000394,0.036234,0.496791,-0.143685,-0.188787,0.426809,0.052982,-0.228491,-0.439209,0.221284,0.098809,0.207305,0.083096,0.033311,0.249655,0.123977
0.036419,0.045198,-0.400626,-0.262179,-0.101311,0.004661,0.055077,0.435163,0.057313,0.107440,0.098218,0.070754,0.001108,0.150092,-0.173461,0.392179,-0.189726,-0.376390,0.386536,0.041569
-0.162449,-0.271140,0.079044,-0.085539,0.179087,0.256436,-0.286032,-0.322632,-0.307094,0.151170,0.315893,0.061258,0.104417,0.135916,0.255943,0.068758,-0.289312,-0.238184,-0.311857,-0.211642
-0.301376,-0.245766,-0.110671,0.021383,0.265572,-0.174634,-0.270709,-0.242186,0.325151,-0.307203,0.244811,0.104085,0.003097,0.227914,-0.047819,0.275178,0.296654,-0.218055,-0.257759,0.016880
0.087461,-0.005365,0.093798,0.009749,0.103988,-0.038701,-0.092605,0.154235,0.054312,0.063752,0.196025,0.168197,0.499337,0.096053,0.208338,0.137731,-0.436350,0.519832,0.190870,-0.216860
0.216509,0.208971,-0.056558,0.163981,-0.094215,-0.109895,0.138050,0.344217,0.091646,0.335564,0.044437,0.037486,0.249564,0.176659,-0.158550,-0.164614,0.481524,0.432134,0.102511,-0.147128
-0.071331,0.013730,0.097350,-0.133351,-0.038642,0.097139,0.031289,0.344494,0.048863,0.069524,0.006488,0.024321,0.515034,0.097106,0.017523,-0.430626,0.152784,-0.366746,0.453466,0.071494
0.173858,-0.318989,-0.203470,-0.224620,-0.043424,-0.270682,-0.210322,0.194672,0.318305,0.325384,-0.221984,-0.157651,0.208336,0.064658,0.221688,0.107691,-0.196732,0.304668,-0.289578,0.117668
-0.280006,-0.086504,0.351248,0.114769,0.088956,-0.018053,0.165775,0.208117,0.312879,0.100065,-0.015782,0.005917,0.221850,0.224910,0.247189,0.287399,0.176834,-0.032033,0.472614,0.301962
