0.146690,-0.049856,0.322486,0.128009,0.233427,0.430942,0.044802,0.308071,0.033123,0.391338,0.359239,-0.044200,0.038122,-0.089537,-0.065306,0.045602,0.061039,-0.058868,-0.406865,-0.211436
-0.368280,0.308415,0.342991,-0.310496,-0.061739,0.165065,0.019272,0.206871,-0.064161,0.049475,0.302708,0.147166,0.228951,0.273654,0.127269,0.036291,0.011556,0.358129,0.139070,0.261858
0.171932,0.197491,0.109952,0.290128,-0.012819,0.021577,0.118670,0.320769,0.045599,0.362251,0.218741,0.154430,0.364828,-0.117006,0.191966,-0.195619,0.205939,-0.490645,0.053761,0.068000
0.315496,0.144410,0.105910,0.032339,-0.027492,-0.290939,0.117230,-0.098405,0.421423,0.085623,0.139619,0.078821,0.036288,0.033306,0.082343,-0.295188,0.495001,0.409185,0.145753,0.133559
-0.047488,0.159901,0.092143,-0.360398,-0.211542,0.049510,-0.112136,-0.533773,0.414032,-0.208646,0.308479,0.150605,0.268790,0.063452,-0.049645,0.091854,-0.152874,-0.065562,0.052617,0.196722
-0.281061,0.230425,0.078497,-0.273726,0.177882,-0.206596,-0.268558,-0.151757,-0.025440,0.206223,-0.209442,0.266149,-0.266295,-0.270601,0.159089,0.330041,0.272990,0.269528,0.051153,-0.176940
-0.262797,0.042596,-0.028418,0.390869,0.166420,0.007888,-0.215158,0.365607,-0.074311,0.267016,0.092043,0.457170,-0.117132,0.293279,-0.017780,0.265796,0.020619,0.185448,0.186914,0.181855
0.447897,-0.151369,0.032364,0.167012,-0.010997,0.079450,0.126338,0.408815,-0.025566,0.099964,0.066749,0.223100,0.093191,0.259399,0.088023,-0.518100,0.286590,-0.006129,0.116549,0.212678
0.011789,0.124548,-0.266068,0.307910,-0.003432,0.258163,0.263821,0.186253,0.075006,0.170960,0.228415,0.127831,0.234250,0.108510,0.140329,0.347403,0.274736,-0.358905,0.341319,0.128877
-0.051354,-0.153022,-0.269982,0.258250,0.273039,-0.133417,0.346744,0.104139,-0.234827,-0.026334,-0.187228,0.325806,0.279577,0.206894,-0.156645,0.299543,0.147636,-0.147153,-0.334784,0.152095
-0.304603,-0.291844,-0.186813,-0.183364,-0.287970,0.263919,-0.190041,0.309254,-0.271576,0.248304,-0.171232,-0.142339,-0.032239,0.276820,0.080185,0.073336,-0.068866,-0.236810,-0.287394,0.226510
0.132517,0.083365,-0.353859,-0.432283,0.012442,0.042090,-0.131892,0.133383,0.434593,-0.340154,0.064669,0.159928,0.197015,0.022157,0.152336,-0.045875,0.299613,-0.007324,0.110326,0.354044
0.230302,-0.290451,0.158652,0.339792,-0.385647,0.109347,0.148022,-0.371342,0.033874,0.203313,0.145596,0.275219,0.214405,0.227692,0.044290,-0.039722,0.349368,0.127980,0.089562,0.119356
0.269430,0.094964,0.171986,-0.215594,0.110831,0.378159,-0.053831,0.140389,-0.140424,0.185534,0.110748,0.458619,0.056284,0.031394,-0.211038,0.124375,0.478666,0.164957,0.100778,0.238849
-0.319654,0.134996,0.105861,0.216276,0.300430,-0.080443,-0.276258,0.123069,-0.243518,-0.272904,-0.257038,-0.198980,-0.239166,-0.267141,-0.274428,-0.060260,-0.208174,-0.280862,-0.240565,-0.079906
0.238626,0.016010,-0.258833,-0.161004,-0.124869,-0.119329,-0.328884,0.115363,0.299887,0.075831,0.471522,-0.055350,-0.001213,-0.311494,0.261818,0.261958,0.300094,-0.063977,-0.208314,0.075863
