0.150851,0.295667,-0.401093,-0.299581,0.231194,0.103500,0.128917,0.276109,0.301863,0.221591,-0.062713,-0.053704,0.111556,0.418122,0.002023,-0.001168,0.223543,0.302972,0.070673,-0.033267
0.404873,-0.161371,-0.364903,0.103135,0.055200,0.212075,0.118339,0.205148,0.035622,0.518107,0.276023,-0.173069,0.000874,-0.095035,0.203948,0.161210,0.029544,-0.048580,0.092425,-0.312886
0.602589,0.164655,-0.278232,0.092365,0.037853,0.133737,0.213366,-0.136692,0.357581,0.343633,-0.043271,0.001240,0.202530,-0.025895,0.101926,0.316721,0.023832,0.057758,-0.183874,0.048758
-0.023259,0.133119,-0.131826,0.073210,0.048568,0.544057,0.061807,-0.402367,0.181675,0.415227,0.363364,0.026833,0.112885,0.044685,0.097872,-0.359272,-0.024432,-0.014839,0.046901,0.018404
-0.322177,-0.405744,0.089375,-0.105786,0.152601,-0.139697,-0.010393,0.115338,0.137875,0.255157,0.331321,-0.415188,0.091511,0.000664,0.319020,-0.329498,-0.000865,0.044287,0.092824,-0.246203
-0.268146,-0.234218,0.222658,0.294450,-0.063886,0.173881,-0.281072,-0.256287,-0.069900,0.297663,-0.110678,0.260071,-0.235962,0.096136,0.263503,-0.252897,0.275010,-0.231077,0.013135,0.238906
0.329344,-0.378824,-0.048809,0.049428,-0.016373,0.002052,-0.059039,-0.244231,-0.047534,0.098516,0.477066,0.208671,0.045624,0.109817,0.167383,0.110256,0.280919,-0.428735,0.241905,0.145365
0.369536,0.505512,0.252063,0.090843,-0.039453,0.154377,0.128982,0.062141,0.070980,-0.256812,0.056479,-0.040463,0.030437,-0.013367,0.105526,0.137162,0.428706,-0.393280,0.050321,-0.205824
-0.122904,0.050805,0.320684,0.113239,0.446187,-0.096530,0.112990,-0.315488,-0.190250,0.238945,-0.107265,-0.035473,0.071949,0.048953,0.238742,0.402801,0.163253,0.417408,-0.091367,-0.062043
-0.289581,0.218886,-0.313922,-0.261695,-0.034152,-0.085061,-0.277119,-0.293157,0.289167,-0.127343,-0.292840,0.137574,-0.251925,0.058410,-0.100395,-0.016721,0.309013,0.241688,0.134402,-0.276305
-0.149477,0.023501,-0.283611,-0.263759,-0.146425,-0.138062,0.327262,-0.288434,-0.298984,-0.204499,-0.066930,-0.150183,0.044101,-0.337324,0.252251,-0.125811,0.271617,-0.314409,0.225662,0.138977
-0.247951,0.326958,0.085398,0.064303,0.152244,-0.230470,-0.284815,0.056077,0.378166,0.155491,0.000991,0.258850,0.082565,-0.172546,0.331838,0.199609,-0.316555,0.003707,-0.248118,0.277683
0.297276,0.163671,0.132916,0.336684,-0.052306,0.286784,0.120981,0.335823,-0.033945,0.029107,0.555067,-0.026863,0.165844,0.087032,0.124155,0.284798,0.177135,-0.061116,0.011268,0.252504
-0.226112,-0.364110,0.435184,0.075512,-0.030006,0.126798,0.093086,0.182359,0.017096,0.146328,0.325228,-0.010231,0.043564,0.049346,0.118822,0.145433,0.165959,0.035577,0.029754,0.604512
0.320600,0.254951,0.138033,-0.278248,-0.050940,0.245535,0.304152,0.121592,-0.250539,0.199492,0.059268,0.174063,0.280302,-0.054501,-0.111051,0.286233,-0.225582,-0.269501,-0.162715,0.321548
0.292718,0.294106,-0.130081,-0.065980,-0.034859,0.200259,-0.016445,-0.234880,0.005160,0.201870,0.503784,0.135037,0.130452,0.027432,0.207453,0.306910,-0.112963,0.269430,0.174091,0.355406
