-0.260633,0.351060,-0.336709,0.174173,-0.000488,0.076461,-0.110257,0.183794,-0.065582,-0.303152,0.115452,0.170193,0.363252,0.138928,0.381747,0.215584,-0.101214,-0.246762,0.212036,-0.123623
0.170906,0.197847,0.198753,0.037833,-0.026552,0.048543,-0.322132,0.280732,0.104719,0.222938,-0.016986,-0.269598,-0.247686,0.307535,0.147656,0.292564,0.199306,-0.317040,0.163321,0.375767
0.315005,0.377877,0.351132,0.163742,0.338323,0.087238,0.017834,0.154385,0.132704,0.305346,0.187667,0.077702,0.102806,-0.215641,0.363549,0.116848,0.217101,0.055442,0.204033,0.121738
0.159494,0.105845,0.081407,-0.412875,-0.020526,0.140890,0.082020,0.142519,0.066982,0.405025,0.179668,0.051083,-0.404447,-0.351306,0.128434,0.432262,0.141073,-0.007623,0.131038,0.089798
0.131290,0.150563,0.166614,0.233566,-0.247038,-0.257725,0.030551,-0.429090,0.242819,-0.160506,-0.051804,0.076383,0.129945,0.377848,0.150560,0.266738,0.113174,0.425656,0.133144,0.082743
-0.223934,0.104007,0.117371,0.313764,-0.070181,0.012016,0.085069,0.205477,0.190714,-0.273458,0.300102,-0.037330,0.320021,-0.282400,0.306985,0.289857,-0.192080,-0.305467,0.117847,0.255276
0.353524,-0.037210,0.216121,0.052169,-0.188087,0.292746,-0.107474,0.235872,-0.151380,0.042850,-0.340479,0.044668,0.310520,0.279549,0.068430,-0.028778,0.168356,0.151479,0.420228,0.292074
0.252857,0.135593,-0.074568,0.138581,0.269432,0.092239,0.450481,0.052471,0.102074,-0.037102,-0.325169,0.395598,-0.247139,0.139129,0.100379,0.121402,0.323095,0.082401,0.152249,0.304116
0.118765,0.133001,0.338947,0.355252,-0.294810,0.108914,0.072125,0.104662,0.204352,0.070751,0.256189,0.076517,0.354943,0.289825,0.162797,0.338445,0.047950,-0.082659,-0.365026,0.022942
-0.247240,-0.276685,0.278162,-0.169888,0.221555,-0.241262,-0.090958,0.287600,0.265328,0.247590,0.025015,-0.003117,0.150455,-0.201866,-0.241094,0.237359,0.235671,0.282883,-0.214975,-0.256585
-0.252955,-0.289215,-0.144855,0.225144,-0.005770,0.213035,0.145522,0.046176,-0.279048,0.071511,-0.213163,0.182692,0.352144,-0.299444,-0.350961,-0.324875,-0.154584,-0.272444,-0.001171,0.098292
0.113010,0.158141,-0.291288,-0.450219,-0.279314,0.054248,0.079045,-0.117755,0.253476,-0.171794,0.013442,0.102256,0.479660,0.207085,-0.011652,0.370748,0.113522,-0.076534,0.173923,0.098283
-0.195391,0.094707,0.400927,0.284308,0.095796,-0.275474,0.152746,0.310191,0.024536,0.250171,0.316881,0.489177,0.166482,0.062443,0.164218,-0.035643,-0.125673,0.103992,0.098431,-0.087302
0.152944,0.158759,0.133568,0.113429,0.282712,0.134108,-0.083997,-0.043003,0.050188,-0.432012,-0.367318,0.124362,-0.165984,0.083755,0.130222,0.102541,0.557632,-0.022917,0.117812,0.294862
0.283095,-0.056098,0.229091,0.215946,-0.011598,-0.118635,-0.140449,-0.292769,-0.300155,-0.289560,-0.278407,-0.255222,0.022442,-0.196043,0.202174,-0.290207,0.260766,0.248280,-0.123937,0.268935
0.151470,0.031579,0.306109,0.128813,-0.264281,0.056619,-0.120162,0.238390,-0.270471,0.030167,0.149684,0.102768,-0.170682,0.461083,0.178531,-0.003747,0.197643,0.102563,0.389025,0.373999
