0.102916,-0.125668,-0.312337,0.150506,0.051312,-0.307178,-0.295376,0.142247,0.017175,0.233642,-0.355828,0.095497,-0.281025,0.074035,-0.126091,0.201316,-0.315704,-0.289162,-0.153561,-0.332523
-0.430975,0.098161,0.093710,0.319323,-0.023894,-0.479400,0.179933,0.082331,0.140279,0.072733,0.276501,0.248613,-0.021565,0.224943,-0.341534,0.124668,0.183835,-0.068365,-0.037091,0.194939
0.324605,-0.056588,-0.036234,0.150919,0.425649,-0.083153,0.165733,0.228358,-0.015249,-0.537378,0.404368,0.118982,0.103899,0.132852,0.186767,0.072272,-0.067975,-0.240910,-0.003382,0.041673
0.250546,-0.522797,0.121060,0.129547,-0.097349,0.033903,0.097786,0.412194,-0.057209,-0.299853,0.223357,0.116542,-0.001936,0.090061,0.323239,0.374747,0.012437,0.031089,0.070181,0.163233
0.248489,0.046981,0.435038,0.114716,-0.149072,-0.420576,-0.199113,-0.137857,0.167793,0.149186,-0.110374,-0.539334,0.048793,0.007640,-0.191917,0.243573,0.035202,0.025333,0.037735,0.143151
-0.212234,0.150831,0.309953,-0.119934,-0.047476,0.330788,0.313482,-0.178214,-0.149421,-0.097641,-0.192167,0.232892,0.289878,0.040702,-0.243518,-0.247363,0.281106,-0.039410,-0.310353,-0.271938
0.430895,-0.067238,0.059569,0.050476,-0.161233,0.452915,0.077367,0.167198,0.031280,0.376992,0.102784,0.149273,0.069534,0.206874,0.160899,0.331041,0.023045,0.047222,-0.157337,0.389963
0.556105,0.094851,0.146570,0.324255,-0.047686,0.030694,0.232125,0.579410,0.139870,0.141948,-0.132116,0.164520,0.080001,0.006375,0.088183,0.096400,0.145389,-0.016573,0.008723,0.181880
0.090671,0.341612,0.214727,-0.291442,-0.149107,0.018655,-0.386472,-0.334007,0.344989,0.139799,0.423021,0.125630,0.004795,0.077765,-0.027494,0.124607,-0.201958,-0.145283,0.053994,-0.200196
-0.011089,-0.195420,0.291480,-0.115229,-0.278926,-0.299366,-0.233373,0.269787,-0.122462,-0.134484,-0.077245,0.266547,0.212940,0.232743,0.022387,0.317447,0.288890,-0.290350,0.174447,0.244349
0.284911,0.142446,-0.252781,0.050672,0.232003,0.345025,-0.223640,-0.155114,0.210689,0.177022,-0.218356,0.237513,-0.069052,-0.333741,-0.219241,0.183763,-0.227908,0.334481,-0.003427,0.208543
0.245391,-0.021624,0.426390,0.145138,0.244329,0.195803,0.082375,-0.030554,0.165599,0.225798,0.247460,-0.141782,0.038435,0.072318,-0.387684,0.121822,0.178293,0.267658,0.431978,-0.095185
0.465965,0.211713,-0.192153,0.185469,0.215688,0.232335,0.128328,-0.280209,0.002226,0.170854,0.395207,0.113869,-0.071903,-0.327628,0.215692,0.233869,0.220091,0.040146,-0.074124,0.060182
0.496794,0.043995,-0.052212,0.009625,0.043803,0.147748,0.099175,0.179664,-0.007763,0.160931,0.282814,0.157872,-0.000142,0.039123,0.188390,-0.449928,0.043700,-0.000698,0.073073,0.552274
-0.258277,0.152331,-0.192196,0.099069,0.114521,0.258347,-0.101815,0.147026,-0.182903,0.184502,0.090144,0.259172,0.164045,0.052814,-0.349589,0.326073,0.360856,0.326967,-0.091772,-0.323913
-0.152291,-0.278171,-0.074284,0.289986,-0.322451,0.102339,0.190612,-0.222247,0.475616,0.113672,-0.148085,0.159721,-0.180701,-0.022622,-0.358294,-0.017326,-0.035799,0.174775,-0.352315,0.072656
