0.249380,0.099182,0.438797,0.131623,-0.154695,-0.379138,0.195564,0.414158,-0.165192,0.092175,0.178770,0.055442,0.003497,0.094696,0.123438,0.272476,0.056140,0.095358,0.381379,0.116984
-0.228243,0.304805,0.141467,0.137364,0.149444,0.117401,0.349971,0.114326,-0.136006,0.329873,0.128704,0.471580,0.180460,0.159548,0.124573,0.033697,0.092034,0.086839,0.116004,0.417182
0.357218,0.221606,0.316096,0.054686,0.000935,-0.193575,0.127870,0.149587,0.045014,0.327179,0.145408,-0.260603,-0.002552,0.179550,-0.187462,0.371387,0.154414,0.221090,-0.159065,0.377769
0.281379,-0.533214,-0.203686,0.028499,-0.023458,-0.082611,0.215759,0.163127,0.094746,-0.216318,0.168615,-0.152268,0.038207,0.162301,0.106450,-0.463789,0.116468,-0.314331,0.028489,0.197157
-0.278635,0.369988,0.129868,0.063941,-0.011899,0.061332,0.072243,0.358445,-0.059996,0.324213,0.089097,0.156487,0.061361,-0.197374,-0.384391,-0.328682,0.129960,0.034333,0.406426,-0.063346
-0.209677,0.145394,-0.213869,0.321066,-0.005478,0.223965,-0.204411,0.329262,-0.198452,0.255739,0.348999,-0.266136,0.112821,0.058681,0.006968,0.255567,0.331010,0.066584,0.132430,0.274221
0.129430,-0.198755,-0.198897,0.073804,0.162000,0.073370,0.069231,0.100684,-0.210478,0.293210,0.471878,0.107316,-0.399525,0.225129,0.347272,-0.123717,0.204705,0.279158,-0.120762,-0.084245
0.155634,0.076640,0.657394,0.041431,-0.002682,0.179134,0.026645,0.561520,0.036464,0.063954,0.133851,0.057827,-0.295070,0.013059,0.075822,0.150102,0.115710,-0.011723,0.080368,0.160402
0.145664,-0.451515,-0.296748,-0.116644,-0.116182,-0.116612,-0.399414,0.172153,0.259285,0.053964,0.304404,0.027054,0.037111,0.084422,-0.106198,0.442618,0.195889,-0.153256,0.124642,-0.019051
-0.280989,-0.315441,0.008287,0.259080,0.309502,0.160396,0.240598,-0.252487,0.126200,0.127331,0.036843,0.230218,-0.232025,-0.207647,0.315501,-0.312011,-0.204189,-0.184859,0.234491,-0.001048
0.117435,0.111711,-0.191803,0.215199,0.197834,0.315468,0.227681,0.049648,0.313548,-0.295752,-0.062812,-0.259094,-0.322739,0.114083,-0.332406,-0.166602,0.129180,-0.297904,-0.066367,0.274861
-0.083134,0.153315,-0.268336,0.162008,0.128816,0.198036,0.101015,-0.282282,-0.147713,0.034941,-0.336707,0.424113,0.022154,0.324965,0.138522,0.083421,0.284005,-0.325756,0.002540,0.300546
0.156653,0.326540,0.088854,0.230218,0.087263,0.252620,0.119873,0.052585,-0.065963,0.081223,0.131857,0.389250,0.282488,-0.005683,0.205091,0.217373,0.265571,0.134146,0.182756,-0.498449
0.694585,0.146960,0.161039,0.072337,-0.027669,0.045011,0.067855,0.077566,0.434564,0.163205,0.162872,0.140819,-0.214674,-0.106170,-0.014816,0.087200,0.196299,0.187853,-0.166265,0.151293
0.096030,0.119839,0.150148,-0.211601,-0.243625,0.365838,0.166330,-0.208166,-0.028484,-0.196772,0.312767,0.022588,-0.233771,0.110902,-0.133084,-0.330878,-0.276551,-0.205882,0.304130,0.318656
-0.049211,0.102881,-0.052199,0.100424,-0.203367,-0.136795,0.046047,0.389277,-0.052996,0.208771,0.407848,0.196954,0.039163,-0.185924,0.435753,-0.157772,0.134794,0.264998,0.094327,0.400957
