-0.031758,-0.365486,0.132451,-0.071088,-0.312158,0.030585,-0.344288,0.188720,-0.224316,-0.010679,-0.419057,0.021822,-0.020729,0.163137,-0.013373,0.316778,0.359420,-0.025481,-0.023184,-0.325317
0.100657,0.480927,0.191677,0.176113,0.035490,0.039164,-0.385727,0.252358,0.078668,0.158295,0.289291,0.084897,0.155384,-0.219128,0.120531,0.261273,-0.308356,0.062744,-0.000710,-0.315345
-0.413244,0.200439,0.185473,0.159385,0.305242,0.325466,0.023623,0.229502,0.183792,0.191602,0.283670,-0.007066,0.065920,0.028466,0.046136,0.185324,0.273881,-0.218558,0.133606,0.379013
-0.056337,-0.324482,0.088005,0.090117,-0.008131,0.178162,-0.296946,0.191959,0.041845,0.171593,0.430707,0.012285,0.070586,0.391730,0.030525,0.183773,0.034103,0.009462,0.037924,-0.553312
-0.263132,0.178047,0.325965,0.080609,0.244333,0.104866,0.405741,0.156027,0.066459,0.099107,-0.165795,-0.266062,0.105710,0.042371,-0.271725,0.441886,0.065025,0.244317,0.240624,0.101202
-0.248445,-0.143268,0.257493,-0.024835,0.277216,0.197042,-0.195120,0.260747,-0.197391,-0.273288,0.244624,-0.318544,0.078647,-0.290557,-0.291242,0.051982,-0.263202,0.161312,0.211279,-0.189911
0.456381,0.280645,-0.154017,0.044192,0.149436,-0.050705,0.021122,0.048317,0.149844,0.089899,0.181748,-0.105562,0.317954,0.349298,0.133851,0.345490,0.066815,-0.118873,-0.046769,0.451356
-0.152084,0.353595,0.122130,-0.039043,0.045944,0.119763,0.340161,0.140909,-0.117962,0.225987,0.282330,0.308235,0.158729,-0.449584,-0.005959,-0.450517,-0.002646,-0.013373,0.079391,0.082865
-0.341637,0.400883,0.320186,0.107475,0.389238,0.228444,-0.268342,0.183161,-0.111225,-0.160852,0.186535,0.007659,0.117068,-0.123544,-0.283215,0.256020,0.117596,-0.041939,0.058680,0.180014
-0.130252,-0.279398,0.265932,-0.196048,-0.266634,-0.223433,-0.229601,-0.220787,0.123830,-0.288757,-0.213870,0.060733,-0.182195,0.294150,0.285732,-0.030203,-0.167743,0.291439,-0.287028,-0.165715
0.308253,-0.120709,0.116683,-0.310604,0.205595,-0.011291,0.158106,-0.148339,-0.200245,0.150329,0.207588,0.288100,0.197532,0.296946,0.313858,0.244106,-0.164080,0.281119,-0.046848,0.329687
0.083251,0.260812,0.217213,0.267669,0.009937,-0.251623,-0.175740,0.245950,0.253137,0.281374,0.368628,0.056380,0.305016,0.019819,0.013842,0.449034,-0.119373,-0.150504,0.162507,0.102729
0.438106,0.521793,0.150079,0.017081,0.114005,-0.063080,0.119336,0.138485,0.233476,0.087203,0.240123,0.100636,-0.199849,-0.479856,-0.072891,0.111842,0.163853,0.105038,-0.082214,0.004366
0.209180,0.215086,0.062391,-0.447253,0.011591,0.320677,0.474199,0.412486,-0.175416,0.083018,0.278197,0.035036,-0.030544,0.107787,0.030616,0.244899,-0.015384,0.006035,0.091964,0.097970
-0.256899,0.294940,0.162834,0.188930,-0.184013,-0.155058,0.263061,0.302808,-0.120722,-0.218920,-0.211542,-0.231770,-0.232067,-0.217186,0.308506,0.247004,0.248568,-0.129001,0.001368,0.263437
0.356178,0.333041,0.324949,0.119262,-0.191471,0.206239,0.299080,0.133280,-0.050878,0.314133,0.141891,0.085713,0.037135,-0.028949,-0.121753,0.400290,-0.180687,0.256603,0.214001,-0.075421
