-0.154270,0.252508,0.346029,0.099153,-0.176381,0.055854,-0.249520,0.091885,0.116689,0.109918,-0.200817,0.243318,0.458103,-0.019066,0.213200,0.103176,0.080300,-0.327596,-0.406640,0.085239
0.047393,0.289729,0.211550,0.307898,0.019515,0.054837,0.212628,0.141965,0.209119,0.310205,0.303388,0.049148,0.399739,-0.242154,0.368337,0.182481,0.034255,0.028828,-0.162368,-0.235195
0.164625,0.211395,-0.448847,0.048188,-0.025071,-0.159181,0.345824,0.107193,0.387655,0.247865,0.296047,0.027956,-0.025464,0.165039,0.277427,0.128277,-0.009342,0.068585,0.132398,-0.351576
0.144566,-0.055136,0.107630,-0.392384,-0.004649,0.084657,0.071389,0.127092,-0.006562,0.109215,0.264033,0.467485,0.098166,0.201932,0.388471,0.031153,0.022628,0.022663,0.525670,0.046905
0.143235,0.240476,0.076358,0.141027,-0.204442,-0.164798,-0.230347,0.144581,0.030764,-0.246541,0.258687,0.391014,0.389552,0.135507,-0.326859,-0.207395,-0.368747,0.031407,0.091962,0.078090
0.222969,-0.157144,0.203910,-0.220099,0.218229,-0.326904,0.307798,-0.115388,-0.268167,0.155209,-0.209782,0.274287,-0.188874,-0.294121,-0.095844,-0.222196,0.271978,-0.235403,-0.202090,0.082545
0.175685,0.171127,-0.211244,0.271623,-0.173330,0.307369,-0.193485,0.314672,0.280521,0.054675,0.166094,0.319838,0.384762,0.115045,-0.058423,0.107365,-0.011576,0.120037,0.051774,0.394293
0.113064,-0.027569,-0.137131,0.171810,0.028338,0.030143,0.169142,0.160929,0.080502,0.044651,0.758457,0.098869,0.004921,-0.093819,-0.316103,0.083202,0.121166,0.010637,0.355024,0.178611
0.041520,0.388970,0.122870,-0.251537,0.029643,-0.021184,-0.405484,0.144657,-0.014808,-0.384939,-0.338442,-0.273502,0.146203,0.125578,-0.267618,0.323284,-0.014067,0.006407,-0.154501,0.082528
0.107364,0.056158,0.071424,0.361529,0.237681,0.252886,0.074522,-0.047038,0.248858,-0.348056,-0.175612,0.090406,0.326441,-0.143019,0.288629,0.083352,0.079792,-0.284667,-0.285431,0.336264
-0.227523,-0.293999,-0.279990,-0.231765,0.326762,-0.027093,0.061634,-0.092195,-0.229700,0.234337,-0.085369,0.176745,-0.297448,0.044778,0.303368,-0.078130,0.252227,-0.140052,-0.356893,-0.253885
0.121976,0.014807,0.039279,-0.067022,0.025476,0.433826,0.163014,0.043281,-0.354460,0.093775,0.251697,0.078695,0.134182,0.472276,-0.378703,-0.063492,-0.221814,0.326056,0.054905,0.102772
0.096271,0.312625,0.047931,0.376279,-0.032596,0.203388,0.038386,0.007176,0.311674,0.284542,0.454092,0.136631,-0.300826,0.096144,0.230618,0.283902,-0.017327,0.002565,0.213194,-0.151340
0.190518,0.077412,0.394556,0.174186,0.012273,-0.058448,0.115908,0.051369,-0.009293,-0.098124,0.356964,0.066776,0.437925,-0.196996,0.162172,0.362055,0.407674,0.080661,0.114030,0.191783
-0.296800,-0.263349,0.080379,0.270376,-0.243074,-0.240789,0.135842,0.204724,-0.014159,0.267596,0.280342,0.147548,-0.267791,0.135302,0.063727,0.281094,0.144618,-0.275484,-0.293536,0.239437
0.083022,-0.234750,-0.098781,-0.408867,0.050993,-0.057860,0.098752,0.156779,0.334596,-0.029222,0.157185,-0.017236,0.094662,0.463624,0.013170,-0.028745,0.097536,-0.479643,0.020763,0.343611
