0.086993,0.358230,0.243863,0.401683,-0.098525,0.058068,0.161691,0.308163,-0.357151,-0.110799,0.259180,-0.160609,0.060169,0.076541,0.010771,0.205036,0.234336,0.380458,0.102150,0.120684
0.165713,0.132837,-0.360821,0.136075,0.226479,-0.093246,0.163355,0.201476,0.184697,0.363154,0.367578,0.351108,-0.101026,0.215034,-0.005774,0.312082,-0.290190,-0.057823,0.090071,0.070675
0.105933,-0.056397,0.059836,0.153733,-0.042926,-0.044657,0.212158,0.219323,-0.001681,0.665607,0.293460,-0.272613,-0.396582,-0.009645,0.025001,0.236047,-0.138503,-0.033651,0.020069,0.153392
0.303795,0.113854,0.102728,0.019425,0.240016,0.049799,-0.118755,0.161376,-0.008181,0.132139,0.496133,0.087996,0.084715,-0.323233,0.000544,-0.202732,0.080020,-0.019363,0.051205,0.591614
0.264011,0.089871,0.072998,0.262624,-0.322691,0.023518,0.087421,0.256188,0.057425,0.155247,0.461320,0.099268,-0.227553,-0.314558,-0.118875,0.130714,-0.350292,-0.014367,-0.001568,0.339170
0.314765,0.086846,0.151914,0.074070,-0.362010,0.019031,0.289746,0.215275,0.322782,0.154756,0.004838,-0.085657,0.044707,0.289508,-0.176964,0.323858,-0.351896,0.026628,0.068325,-0.341155
0.606060,-0.155264,0.117067,0.419264,0.018723,0.055264,0.199873,0.010344,0.189008,0.225664,0.120035,0.132585,0.083269,-0.171654,-0.202592,-0.089010,0.123881,0.187795,-0.004419,0.347855
0.299763,0.138220,-0.262130,0.201565,0.346211,0.220636,0.070863,-0.385288,-0.028205,0.141808,-0.339790,0.485849,0.049778,-0.009172,0.031751,0.180922,0.047286,-0.003345,0.008884,0.220556
0.356023,0.161093,0.127909,0.112595,0.012313,0.023598,0.116486,-0.321016,-0.004022,0.139460,0.295597,0.207813,0.024489,0.063713,0.048782,-0.309543,0.444519,-0.019424,0.330434,-0.375344
-0.125224,0.255480,0.022862,-0.263131,-0.311953,0.068184,0.043629,-0.061898,-0.308640,-0.233457,0.121266,-0.238334,-0.316490,0.115297,0.125987,-0.232422,0.338771,0.319813,0.267564,0.219846
-0.368514,0.347355,0.132280,-0.069946,-0.026827,-0.090790,-0.213222,0.245964,-0.343139,0.060552,0.232182,-0.184120,0.349588,0.020166,0.251282,0.100072,0.219643,0.284049,0.213291,0.163745
0.282228,-0.003331,0.073838,0.128928,-0.114210,-0.340890,0.134359,0.059633,-0.317893,-0.365001,-0.151646,0.267506,0.173145,-0.251583,-0.222545,0.433388,0.068899,0.011581,-0.288157,-0.005043
0.424444,-0.078425,0.213925,0.325231,0.196253,0.226031,0.228896,0.121049,0.121016,-0.246224,0.406078,0.403281,0.145598,0.001520,0.191328,-0.132525,-0.022726,-0.096828,-0.082261,0.103297
0.337962,-0.260914,-0.265661,0.119987,-0.028103,0.091238,0.133472,0.200091,0.008862,0.192933,0.111873,0.571485,-0.276430,-0.296278,0.277698,0.066360,0.118416,0.000064,0.005656,0.172007
-0.298757,0.318648,0.289040,-0.202456,-0.301170,-0.033146,-0.203274,0.020928,0.280581,-0.182791,0.044287,0.221986,0.178030,-0.278757,0.156573,-0.260781,-0.255889,-0.298551,0.162541,-0.069167
0.532936,0.403907,0.138059,0.260032,0.034689,-0.133905,-0.024513,0.029560,0.220130,0.088443,0.139700,0.159953,0.335865,-0.001875,-0.171444,-0.287169,0.235979,0.232927,0.041783,0.088413
