0.249358,-0.001348,-0.271406,0.322655,-0.342850,-0.136826,0.201081,-0.145723,-0.010218,0.366866,0.108885,0.033908,0.424742,0.013883,0.051696,-0.016188,-0.385321,-0.007906,-0.195253,-0.210292
0.168433,-0.078772,0.093490,0.170203,-0.279097,-0.089180,0.243465,-0.026997,-0.057202,0.104498,0.305044,0.390088,0.238009,0.173104,-0.044187,0.202182,0.417860,0.187040,0.000888,0.428271
-0.149606,-0.058829,-0.031441,-0.263890,0.028547,0.517373,0.195255,-0.255887,0.054408,0.124150,0.624699,-0.037378,-0.000587,0.047355,0.110589,-0.046474,-0.104398,-0.032334,0.119760,0.280177
0.280516,0.076330,0.233067,0.097085,0.230234,0.182540,0.163719,0.002461,0.016354,0.068087,0.552325,-0.168238,0.051696,0.061030,0.011007,0.349461,0.075055,-0.066030,0.201999,0.469991
0.009954,-0.022960,0.299514,-0.228514,0.027382,0.113064,-0.127538,-0.376576,0.090698,0.116286,-0.065239,0.292828,0.542013,0.452912,0.002944,0.051933,0.092653,-0.231283,0.076161,0.067787
0.291922,0.286648,0.199348,0.049698,0.301006,-0.071800,-0.276019,0.006958,-0.295501,-0.213893,-0.286343,0.252176,-0.222861,-0.090932,0.146680,0.320611,0.283728,-0.126923,-0.240639,-0.054714
0.072662,0.125293,0.394187,0.147055,-0.178200,-0.037610,-0.151868,0.166585,0.068999,-0.045330,0.683706,0.243225,0.043601,-0.074041,0.148406,0.022594,0.243303,0.183330,-0.243857,-0.049105
0.273594,0.312876,0.233547,0.255029,-0.040910,-0.010729,0.060807,-0.236590,-0.043619,0.135280,0.379366,0.312841,0.467756,0.084144,0.010912,0.017391,0.061328,0.131916,0.029099,0.368661
0.396503,-0.031460,0.262512,0.408901,0.104365,0.075459,-0.028757,0.026743,-0.236420,-0.353533,0.009175,0.092912,0.221093,-0.021177,-0.322136,0.176764,0.010071,-0.173196,0.329271,-0.274031
-0.264014,0.041810,-0.153557,-0.297263,0.126224,0.330231,-0.173213,0.224736,0.308738,-0.060202,0.221544,0.195358,-0.276116,-0.307829,-0.272822,0.054439,-0.195457,0.277849,0.018096,-0.246566
0.308272,0.065962,-0.100256,-0.131831,0.294434,-0.090112,-0.320400,-0.202733,0.303293,-0.337437,0.061439,0.214218,0.272995,-0.122819,-0.186263,-0.118883,-0.321565,-0.010596,-0.355832,-0.102627
0.132870,0.215126,0.431432,0.210226,0.044344,0.456653,-0.356003,0.299191,-0.374443,0.125205,-0.058135,0.142153,-0.246049,0.065721,-0.008771,0.100145,-0.009023,-0.089296,-0.128098,-0.009188
-0.038637,-0.101860,-0.298240,0.196496,-0.187333,-0.042912,0.184450,0.151674,0.213316,0.313789,0.559146,0.274209,0.128243,0.132688,0.222898,0.142084,0.124197,0.147164,0.186090,0.243258
0.325663,-0.034026,0.523724,-0.064156,0.041345,-0.510669,-0.281654,-0.209484,-0.034025,0.168782,0.011277,0.344523,0.077171,-0.212585,0.036564,0.060180,0.099533,0.015322,0.101514,0.060473
0.099753,-0.113502,-0.271024,-0.229762,-0.276441,-0.055508,0.291921,-0.274487,0.204741,0.250353,-0.268608,0.289401,-0.280417,0.065157,-0.134350,-0.222220,-0.227551,-0.320189,0.191115,0.096049
0.273952,0.186058,0.178090,0.206572,-0.046388,0.070005,0.027210,-0.059656,-0.066043,0.269883,0.430260,0.557296,0.130740,0.295620,0.000623,0.149746,-0.226324,0.038302,0.003232,0.228218
