0.064648,-0.245908,0.362086,-0.036121,0.184915,0.004937,0.103367,0.066875,0.021229,0.185077,0.213266,0.093787,-0.348892,0.259161,0.346764,0.316740,0.266692,-0.248527,-0.028353,0.348465
0.125269,-0.286224,0.192842,-0.145868,0.270373,-0.060670,0.217213,0.036144,-0.023858,0.195587,0.172771,-0.110291,0.082792,0.014698,-0.239338,0.168131,0.512222,-0.087353,0.426891,0.304880
0.114127,0.106198,0.269819,0.242363,0.074069,0.164352,0.464476,0.037903,-0.159206,0.238658,0.261892,0.291098,0.098191,0.090606,-0.158338,0.087908,0.402202,0.212100,-0.312883,0.059617
0.384202,0.081279,0.135685,0.034803,-0.537922,0.191721,0.280478,0.069374,0.056703,-0.514611,-0.096300,0.039467,0.054146,0.075931,-0.178216,0.051088,0.098288,0.159450,0.213151,0.118765
0.111252,0.079208,0.027016,0.002777,0.039865,0.129156,0.180536,-0.404291,0.039394,0.171726,-0.160620,0.349885,0.109380,0.073986,-0.299628,0.022821,0.388582,0.291064,0.481207,0.109666
-0.076793,-0.173305,-0.087975,-0.291085,-0.322411,0.338199,0.242351,0.056135,0.339051,-0.181434,-0.225622,0.226044,-0.189257,0.014538,0.253312,-0.327866,0.123640,0.298652,0.084817,-0.148806
0.035385,0.171750,0.208494,0.110476,0.187048,0.099047,0.249483,0.000933,-0.116548,0.316282,0.076787,0.274964,0.213278,-0.041702,-0.593219,0.312454,0.127544,0.173992,-0.043410,-0.257348
0.098666,0.428590,0.224432,0.176968,-0.037121,0.070199,0.147173,0.048802,-0.349950,-0.125374,0.162104,0.040949,-0.017471,0.542642,-0.207673,0.255373,0.178561,0.277635,0.119828,0.044378
0.277310,0.151244,-0.108530,-0.068306,0.022841,0.180161,-0.203067,0.038969,0.082912,0.159500,0.061789,-0.418902,0.361158,0.069731,-0.357116,-0.168259,0.150055,0.065107,0.077999,-0.521971
-0.151790,-0.233352,-0.102632,-0.224414,-0.014421,-0.042460,0.328871,-0.180510,0.035123,0.278617,0.156762,-0.255845,0.004583,0.352078,-0.215660,0.275999,0.292494,-0.103700,0.293881,0.347321
0.167433,0.007067,-0.321467,-0.081710,-0.224383,-0.161954,0.289026,-0.304422,-0.173947,-0.289843,-0.203714,0.159079,-0.297983,-0.304923,-0.200132,-0.202273,0.335598,-0.124925,0.174141,-0.082126
-0.370593,0.038953,0.355238,0.007063,-0.001118,0.366428,-0.158800,0.062035,-0.255313,0.400288,0.121322,-0.110182,-0.257781,-0.046779,0.397722,0.065319,0.200320,-0.165933,0.103570,-0.099057
0.397870,0.153021,-0.220266,0.123529,-0.106286,0.160478,0.343828,-0.030700,-0.197004,0.174556,0.451272,0.200763,0.075599,-0.088640,-0.164070,0.273200,-0.352769,-0.020301,0.212181,-0.007531
0.152970,0.084150,0.155349,0.066993,0.042649,-0.003665,0.553122,0.409115,0.270937,0.179194,0.230810,0.008497,-0.296871,-0.270109,0.145516,0.098229,0.169352,0.065346,0.142792,0.248250
-0.319673,0.203235,-0.330493,0.197640,-0.170766,0.230796,0.325009,0.184270,0.177974,0.026029,0.177307,-0.287302,-0.228984,0.314009,-0.070365,-0.040625,0.011467,-0.320414,0.059182,0.275563
0.360653,0.258851,0.028138,0.504230,0.094394,-0.068585,-0.065403,0.178356,-0.054388,0.198725,-0.408032,0.293402,0.344322,0.156658,0.217027,-0.048727,0.072174,0.006671,0.055812,0.047082
