0.009809,0.120573,0.186795,0.456738,0.015748,-0.217507,-0.007391,-0.226415,0.050065,0.370713,-0.360385,-0.324358,0.026081,0.108482,-0.055242,0.473787,0.147062,-0.066772,0.042452,-0.010271
0.260122,0.071049,0.338449,0.064150,-0.072391,0.049817,0.168240,-0.516149,-0.004654,0.224470,0.247452,0.116966,0.037205,0.000934,-0.066757,0.374663,0.215022,0.039838,0.432095,0.011205
-0.093088,-0.240642,-0.028853,-0.329760,0.000708,0.154503,0.175933,0.166689,0.293145,-0.249527,0.304499,0.126626,0.251700,0.079923,-0.052380,0.494265,0.050166,-0.048142,0.323340,0.241094
0.163741,0.019561,0.105032,0.017485,0.031469,0.465533,0.191159,0.136432,0.066602,0.160239,0.063518,-0.045054,0.061990,-0.372182,0.081958,0.309404,0.267603,-0.273022,0.387964,-0.333087
-0.026275,0.300897,0.459049,0.068198,0.033057,0.095720,0.113111,-0.027624,-0.372530,0.120942,0.208030,0.044918,0.068057,-0.015558,0.540582,0.327123,0.116553,-0.003922,0.137394,0.185181
0.176121,0.105212,0.168522,0.004140,-0.239235,0.264395,0.166408,0.282259,0.315771,0.383907,0.030388,0.059779,0.182198,-0.155135,-0.285120,0.309003,-0.057081,-0.357090,0.063483,0.273060
0.261853,0.153487,0.296167,0.141912,0.195543,-0.104443,-0.050652,-0.435577,0.161209,0.146767,0.163209,0.318576,0.192172,-0.047647,-0.165571,0.358401,0.012613,0.140449,0.399824,0.090089
-0.301919,0.092651,0.188828,0.334648,-0.034814,-0.267693,0.115067,0.079180,0.035806,0.206547,0.292273,0.026327,-0.204535,0.013893,0.043020,0.375143,0.164912,-0.364789,0.230834,0.363334
0.033841,-0.017956,-0.278118,-0.213396,-0.287582,-0.132273,-0.307321,0.028116,0.155340,-0.288638,0.345556,0.055731,0.279608,-0.339931,0.066554,0.334065,0.210408,0.177158,0.047148,-0.250218
0.156373,0.322201,-0.031992,-0.011082,0.228949,0.070797,-0.271113,0.126119,-0.228928,0.034721,-0.259914,0.270370,0.303241,0.180296,-0.267698,0.229098,-0.323963,0.311838,-0.133644,-0.246607
-0.168290,-0.132702,-0.018541,-0.097208,-0.054293,-0.224479,0.359893,0.201154,-0.289248,-0.259696,0.117297,0.250243,-0.262877,-0.268486,-0.224944,0.038789,-0.165298,0.277596,0.313068,0.312694
0.015589,-0.005392,0.079648,0.075222,-0.380404,-0.383890,-0.212514,0.012096,0.089741,-0.224361,0.442710,-0.221912,0.064332,0.380808,0.151834,0.373332,0.054066,0.002902,0.176378,-0.032947
0.214949,0.140738,0.346852,0.180800,-0.076604,0.115899,0.267512,0.035710,0.043534,0.015522,0.436681,0.243798,0.208209,-0.042731,-0.093593,0.361706,0.071477,0.121035,0.372567,0.305385
0.144120,-0.262728,-0.167079,-0.030326,0.043988,-0.520133,0.568159,0.130315,-0.007219,0.077923,0.222540,0.040586,0.005244,0.054988,-0.001121,0.378930,0.160045,0.029026,0.176754,0.086457
0.289033,-0.298732,-0.088126,-0.212229,0.297873,-0.293835,-0.015977,0.156445,-0.165529,-0.291346,0.106384,0.078157,-0.177474,-0.245514,-0.301114,-0.240810,-0.032804,0.291691,0.169760,0.299155
-0.371891,0.125705,0.232804,-0.114286,-0.217334,0.073296,0.453285,0.041500,0.186876,0.083375,-0.316270,0.379088,0.112192,0.154492,-0.102348,0.252627,-0.004928,0.130642,0.176001,0.272788
