-0.293600,-0.163777,0.099028,0.242642,0.033895,-0.297224,0.065419,-0.048801,-0.032550,0.023405,0.379720,0.064535,-0.284784,-0.149119,-0.346179,-0.427143,0.204586,0.159197,0.315165,-0.005026
0.436428,0.044203,-0.275943,0.131074,0.074282,0.152542,0.066938,0.034657,0.144583,0.155887,0.479088,0.295432,0.092231,0.265240,0.083875,0.435149,0.052521,-0.010964,0.195939,0.035417
0.262496,-0.122387,0.189277,0.066974,-0.027064,0.194329,-0.225641,0.162879,-0.150318,0.142387,0.287620,0.337773,0.183669,0.239307,-0.063723,0.524391,0.224178,0.147175,0.253680,0.117744
0.378140,-0.287224,0.020008,-0.006413,-0.043648,0.289724,0.063628,0.129400,-0.023584,0.387023,0.273998,0.269721,-0.001878,-0.304780,0.440899,-0.244050,0.017146,-0.053542,0.092256,-0.103672
-0.183840,0.279950,-0.322174,0.431054,-0.036300,0.098231,0.098680,0.361246,0.039467,-0.024930,0.111901,0.279290,0.019495,-0.293648,0.114164,0.215870,0.113503,-0.230277,-0.369987,0.072652
-0.262281,0.296881,0.308522,-0.055898,0.152182,0.328526,0.290541,-0.252724,0.135724,0.234815,0.254352,-0.294280,0.043349,-0.069136,0.156480,0.217566,-0.270480,-0.025310,0.113419,-0.274572
-0.090966,0.268281,-0.025015,0.131942,0.050283,0.068995,-0.068072,-0.080467,-0.039229,-0.188421,0.370876,0.385851,0.277211,0.086277,0.248735,0.425463,0.356037,0.159287,0.151498,0.239967
0.485898,-0.426013,0.437245,0.044249,-0.065823,0.025026,0.075985,-0.005635,0.103810,0.044517,0.190555,0.353635,-0.105017,0.091415,0.030079,0.287029,-0.304645,0.057601,0.057486,-0.047712
0.258001,-0.061056,-0.108848,-0.384961,-0.043469,0.219245,-0.387459,0.043261,-0.139902,0.134367,0.479719,0.203975,-0.105544,0.036187,0.025640,0.256151,0.374542,-0.167598,0.106039,0.003555
-0.161888,0.269964,-0.303587,0.065775,0.279154,-0.267001,0.207207,0.195144,-0.048874,0.314215,0.251586,-0.173478,-0.137865,0.019481,-0.210904,0.295092,0.263910,0.296707,-0.262797,-0.044564
0.088440,0.291954,-0.309091,-0.100471,-0.123193,-0.104129,-0.215862,0.120251,-0.293362,-0.214561,-0.191951,-0.106344,-0.308201,0.334373,0.252615,-0.278086,0.029957,0.327115,-0.051980,-0.274660
-0.149901,-0.306177,0.053208,-0.139806,0.017475,0.253234,-0.002917,0.054550,-0.242177,0.060702,0.389310,0.244639,-0.407877,0.064566,-0.043780,0.149701,-0.365303,0.295453,0.318032,0.059191
0.502047,0.258296,0.069134,0.021462,-0.024575,0.162822,0.041041,0.084006,0.063963,0.410321,0.418344,0.255396,0.097244,0.358825,-0.177217,0.150028,0.033574,0.155114,0.095982,0.030266
0.415922,0.026305,0.046667,-0.005701,0.015779,-0.122323,0.109865,0.102833,0.007374,0.235500,-0.140021,-0.158579,0.395497,0.214115,-0.377814,0.269157,0.425639,-0.253667,0.127027,0.082938
-0.178506,0.023383,0.316058,-0.016891,0.225981,-0.309986,-0.261514,0.043091,-0.165699,0.221477,-0.176123,-0.284541,0.179417,-0.181155,-0.034201,-0.294993,0.333701,0.270375,-0.265414,-0.231112
0.468307,0.071271,0.029814,0.271823,-0.018579,-0.264915,0.110240,0.099401,0.235448,0.382702,0.321585,0.214621,0.190006,0.277043,0.213492,0.131166,0.068355,-0.014259,0.276017,0.014073
