0.314137,0.253661,-0.151291,0.251598,-0.264969,0.146958,0.041658,0.171235,0.068157,0.150734,-0.001463,0.092114,0.146288,-0.395927,0.365482,-0.303318,-0.125037,0.064049,0.404601,0.069943
0.314024,0.530313,0.234859,0.122647,-0.053840,0.064825,0.195693,0.074317,0.212844,0.076475,0.187715,0.040023,0.132980,0.283778,0.009976,0.433260,0.009390,0.233822,0.171244,0.202319
0.320986,0.507389,-0.218291,0.282907,0.014159,0.027707,0.180715,0.346595,-0.069090,0.142298,0.315358,0.001361,-0.050435,0.100687,-0.184267,0.385691,0.133009,-0.004675,0.036532,0.138447
0.135068,0.090223,0.094226,-0.571159,-0.180888,0.056960,0.011438,0.121937,-0.287508,0.057223,0.052138,0.019057,0.140586,-0.638153,0.061880,0.164051,0.070452,-0.000333,0.091051,-0.165936
0.331697,0.226585,0.113261,0.158711,0.456908,0.115502,-0.349636,-0.104992,-0.005842,-0.078904,0.127968,-0.336474,-0.180384,0.034813,0.005501,-0.201899,-0.165723,-0.274606,-0.125938,-0.340760
-0.244655,-0.283408,0.219290,0.255335,0.093109,-0.154572,-0.284419,-0.171892,-0.031116,-0.075765,0.264609,-0.267436,0.294029,0.179790,-0.205433,-0.244137,-0.283896,-0.174607,-0.258517,-0.238305
0.079193,0.560038,0.124813,-0.046284,0.404423,-0.043071,0.115703,0.020233,-0.007813,0.066777,0.290072,-0.142783,0.345442,0.158263,0.159983,0.362397,0.195899,0.084106,-0.073809,0.148005
0.189038,0.462337,-0.121324,0.021695,-0.305211,-0.358630,0.028747,0.244797,0.075741,-0.156565,-0.051951,0.074969,-0.462277,0.113932,0.076506,0.335797,-0.210139,0.002632,-0.109055,0.113481
-0.328229,0.434569,-0.087892,-0.078713,-0.135886,0.030856,-0.323585,0.135161,-0.309450,-0.087084,0.118326,0.376217,0.132984,-0.119350,0.157001,0.031871,-0.017515,-0.008087,-0.370405,-0.305046
0.280362,-0.030718,0.255415,-0.299518,0.304409,0.162880,0.102597,0.179961,-0.284631,0.258638,-0.255380,0.105782,-0.220793,0.109137,-0.160338,-0.263401,-0.241050,0.259645,0.065608,0.305790
-0.105010,-0.221697,0.010910,0.175101,0.030314,0.082638,0.330114,-0.158944,0.290830,-0.260815,-0.239107,0.203915,0.237861,0.374616,-0.309240,-0.263621,0.354029,-0.017031,0.007964,-0.167233
-0.168028,-0.287570,0.258407,0.316098,0.073838,-0.270932,0.087490,0.162424,0.016317,-0.235596,0.177574,0.113262,0.108492,0.132985,0.376315,0.255377,0.357572,0.173063,0.329616,0.081313
0.223029,0.366911,0.363368,0.113447,0.170361,-0.040224,0.222802,0.077143,0.215068,-0.051084,0.368488,0.005988,0.399827,0.008387,-0.120787,0.038241,0.285793,0.154382,0.180481,0.292820
-0.189194,0.386406,0.355475,0.089428,-0.142566,0.091591,0.046659,0.129312,0.390668,-0.144058,0.045847,0.012120,0.150649,0.295512,-0.215538,0.255971,0.438925,-0.033152,0.127369,0.159133
-0.153386,-0.354756,-0.170662,-0.380204,-0.035824,0.309468,0.054461,-0.136409,0.197401,0.167404,-0.113838,0.376119,-0.197427,0.137343,-0.053602,-0.323775,-0.102280,0.312390,0.144616,0.205891
0.419862,0.384811,0.058851,-0.023674,-0.185863,0.098141,0.068762,-0.023739,0.311139,0.003924,0.414633,-0.189941,0.153711,0.018609,0.035668,-0.243117,0.221286,0.063800,0.022589,0.423584
