-0.308722,0.124306,0.329522,-0.150767,-0.052792,0.377328,-0.235102,0.289553,-0.297285,-0.335269,0.125324,-0.152018,0.144449,0.002786,0.074574,-0.117449,0.143988,0.361484,0.120757,-0.166830
0.298261,-0.114330,0.287958,-0.009191,-0.007888,0.084657,0.059876,0.353932,0.204851,0.228557,0.091061,0.134628,0.094259,-0.347303,-0.003932,0.259203,0.322901,0.045495,0.384313,0.327913
0.211988,0.038428,0.105229,0.247098,-0.216349,-0.162854,0.322407,0.336739,0.090857,0.071234,0.210094,0.067875,0.082181,0.083287,0.300682,0.242233,0.099802,0.556577,0.214788,-0.007794
-0.395242,-0.007106,0.257813,0.081179,-0.095501,0.046396,-0.424106,-0.260342,0.098093,0.083805,0.053693,-0.012324,-0.576404,0.060440,0.039270,-0.288208,0.047289,0.007669,0.247454,0.089718
0.056903,0.020127,0.129361,0.153827,0.368958,-0.009423,0.049686,0.317366,0.010067,0.236474,0.055539,0.066852,-0.400438,0.143063,-0.004123,0.436027,-0.285716,0.016297,0.165170,0.415743
-0.095662,0.157315,0.277828,-0.071399,-0.364662,0.125591,0.064237,-0.393740,0.188894,0.072817,-0.161280,0.362397,0.131296,-0.041615,0.074436,0.349110,-0.267743,-0.049533,0.001639,-0.396292
0.285806,-0.140818,0.044290,0.340532,-0.094168,0.065197,-0.078617,0.319807,-0.075272,0.203121,-0.018252,0.067003,0.175949,0.085555,-0.343916,0.287282,0.417779,0.158458,0.314869,0.263368
0.105025,0.003926,0.104613,-0.192754,0.025708,0.021818,0.340117,0.572666,0.033464,0.054356,0.571925,0.023401,-0.014347,0.138331,0.036812,0.206641,-0.062379,0.045294,0.287865,0.110306
0.344066,-0.021347,0.097001,-0.246465,0.232657,0.178130,-0.364630,0.329616,0.356848,0.094421,0.099412,-0.221621,-0.035659,0.278907,-0.222837,0.121067,0.145184,0.014662,0.256679,-0.240295
-0.246481,-0.222329,-0.151048,0.097509,-0.209455,-0.255895,-0.056711,0.225751,-0.233429,0.215834,0.235966,0.248390,0.273905,0.255878,-0.230308,0.234346,-0.285098,-0.250074,-0.266026,-0.111642
-0.104648,-0.131011,-0.298953,-0.194116,0.169567,0.247957,0.296499,-0.024677,-0.315223,0.273707,-0.159560,-0.193915,0.233786,-0.208359,-0.329779,-0.021822,0.268246,0.286363,-0.131363,-0.224090
-0.059151,0.334898,0.203038,0.132202,-0.009856,-0.076648,0.056868,0.420762,-0.222875,0.088026,0.259697,0.203701,0.316779,-0.085623,0.359972,0.132207,-0.222722,0.178324,0.343374,0.137800
-0.040433,0.345229,0.282584,-0.240800,0.043186,-0.030817,0.096719,0.391376,0.019918,0.056648,0.358005,0.169675,-0.109034,0.328548,0.176847,0.086355,0.186075,-0.354365,0.302991,0.069787
0.098852,0.010099,0.543328,-0.063794,0.193362,0.041920,0.010333,-0.086754,0.108121,-0.288326,0.165324,-0.017994,-0.208754,0.388798,0.225695,0.047263,0.119888,0.023302,0.493617,0.122909
-0.308103,0.270083,-0.261156,0.290955,0.118221,0.177650,-0.368269,0.198215,0.078414,0.176088,-0.111018,-0.021111,0.285783,0.115454,-0.152052,-0.132561,0.017982,0.206828,0.364827,-0.311453
0.041030,0.260548,0.032922,0.347211,-0.251393,0.321235,-0.453304,0.356800,0.321601,0.185919,0.145733,-0.101872,-0.160346,0.249641,0.003425,-0.068335,0.009239,-0.190979,0.003995,0.103515
