-0.354021,0.129638,0.384563,-0.046242,-0.253453,0.037686,0.390830,0.131262,0.056342,0.156654,0.237304,0.027303,0.195708,0.134242,-0.282828,-0.068221,0.244101,0.002910,0.050492,0.429319
0.261631,0.416187,0.208529,-0.014980,-0.103181,0.025334,0.145807,0.299558,-0.009385,0.020055,0.179303,0.247338,0.431202,-0.306446,0.225447,-0.283460,0.026290,-0.200934,0.167677,0.135386
0.285322,0.144407,-0.200439,0.110137,0.377701,0.020377,-0.221350,0.255392,-0.117428,0.209491,0.282439,0.110344,0.331937,0.103950,-0.002529,0.099361,0.458066,0.097137,0.176918,0.238931
0.306457,0.211261,0.066989,0.412783,-0.012700,0.031235,0.152607,0.146077,-0.191963,-0.200596,0.222104,-0.193085,0.337632,0.128361,0.419425,-0.257042,0.097681,0.185046,0.097257,0.226734
0.157264,-0.250355,0.020975,0.146346,0.155522,-0.471738,0.023467,0.152107,0.066433,0.086860,-0.462360,0.026501,0.074478,0.138272,0.414124,0.116227,0.073930,0.407833,0.059030,0.094522
0.141134,0.260760,0.263377,0.278118,0.047066,0.315278,0.001864,0.233242,-0.166932,-0.250345,-0.224801,-0.194872,-0.285202,-0.140307,-0.185458,0.235295,-0.327811,-0.048403,0.185864,-0.308489
-0.032325,0.157145,0.190863,0.268276,-0.129276,-0.030255,0.034284,-0.047223,-0.262616,0.127211,0.556578,-0.021652,0.116509,0.451194,0.026468,0.303829,0.278349,-0.019923,-0.081237,0.234078
0.082708,0.252700,0.013534,0.157613,-0.250579,0.454978,0.145180,0.094569,0.002211,0.020076,0.133100,0.382627,-0.240657,0.162546,0.039220,0.523703,0.107427,0.016238,0.233299,0.116457
0.460911,0.159478,0.095978,0.111039,-0.007335,0.069001,0.347865,0.208207,-0.260980,0.343699,-0.040565,-0.157291,0.320842,-0.127825,-0.027365,-0.160546,0.388795,0.214927,0.089999,0.086769
-0.211249,-0.174002,0.053266,0.280592,0.160884,0.314867,0.372271,0.128314,0.266743,0.038730,0.195773,-0.075782,-0.257400,-0.065343,0.212271,-0.178729,0.207129,0.253869,-0.239348,-0.366829
0.002057,0.133046,-0.059680,0.249156,0.077691,-0.064614,0.269182,0.292587,0.291456,0.242852,-0.288824,-0.297534,0.079220,0.234829,-0.239794,0.250760,0.303895,0.195774,-0.271310,0.215448
0.005402,0.065384,0.157106,0.083457,-0.002194,-0.414083,0.464194,-0.309453,-0.102219,0.065932,-0.334907,0.022148,0.435422,0.074208,-0.379616,0.075324,0.026283,0.069766,0.038651,0.044274
0.279882,0.237024,0.167241,0.050926,0.121313,-0.081542,0.227261,0.338892,0.222856,-0.011783,0.266726,0.227182,0.098504,0.012334,-0.591596,-0.226756,0.075102,-0.113077,-0.057706,0.203685
0.092866,0.193574,0.024591,0.089471,-0.001427,-0.004990,0.254964,0.091595,-0.007898,0.043406,-0.487391,0.107841,0.216725,-0.302996,0.048760,0.126962,0.199070,0.012712,0.322562,0.565364
-0.306864,-0.164145,0.122916,0.295495,-0.158103,0.055739,-0.138540,-0.072188,-0.050267,0.184250,0.309680,0.193253,0.235634,0.276743,-0.306975,0.299163,0.238592,-0.311968,-0.208634,-0.201529
0.089734,0.421010,0.240869,0.142360,0.159844,0.122362,0.345746,0.284951,-0.092131,-0.061695,0.256294,0.014514,0.062658,0.312627,0.234399,0.332944,0.185730,-0.083950,-0.328309,-0.013247
