-0.151530,0.062516,-0.220027,0.122187,0.064363,-0.007107,0.120977,0.093629,0.263771,0.323348,-0.034668,0.496613,0.059048,0.086577,-0.462783,-0.254803,-0.223858,-0.114919,0.324048,-0.042872
-0.025233,-0.301694,0.198889,-0.027593,-0.125496,0.332350,0.408267,-0.091162,0.246544,0.221010,0.222403,0.135804,0.199584,-0.096320,0.285206,-0.288068,0.141883,0.175293,-0.150229,0.320044
0.171993,-0.062475,0.304716,0.283061,0.226466,0.102575,0.147069,0.205457,-0.277660,0.335102,0.268184,0.065029,-0.165505,0.263708,0.169976,-0.022976,0.310060,0.253419,-0.304490,0.151403
0.173588,0.076551,-0.157512,0.099378,-0.162069,0.023756,-0.403576,0.075708,0.367372,-0.368376,0.209017,-0.033219,0.045739,-0.324837,0.131391,0.026121,0.505200,0.117206,0.111367,-0.107271
0.234935,0.048837,0.182864,0.128041,0.397714,0.023751,0.102512,0.068120,-0.330958,0.157158,0.173257,-0.355135,-0.293509,-0.277345,0.108026,-0.245284,0.063429,-0.419486,0.111528,0.031536
-0.149776,0.314178,0.175831,0.021067,0.183258,0.295543,0.041677,-0.102906,0.296922,-0.013089,0.083751,-0.231135,-0.265110,-0.271051,0.299740,-0.294246,-0.255655,0.297963,0.301780,-0.009084
-0.435318,-0.033186,0.127910,0.041913,-0.174935,0.011593,0.058576,-0.050724,-0.226013,0.196306,0.056654,0.112305,-0.125628,-0.171020,0.091187,0.410404,0.122995,0.549647,0.235048,0.234168
0.079532,0.647930,0.189101,0.156870,0.075567,0.110670,0.055349,0.060959,0.019530,0.075079,-0.435314,0.031037,0.098388,0.358893,0.096367,0.291127,0.209109,0.085008,0.082617,0.044411
0.294131,0.023479,0.466953,0.192168,0.190005,0.046985,0.189613,0.404362,0.024038,0.441847,0.338405,0.074430,0.019433,0.115753,-0.031456,-0.047888,0.146215,-0.187315,0.118410,-0.129539
-0.261781,-0.169844,0.013229,-0.309841,0.204275,0.111932,-0.136651,0.277342,-0.255913,-0.004141,0.130828,-0.053186,0.272251,-0.227323,0.224480,0.296080,0.321870,-0.313573,0.308965,0.099527
0.186499,0.162559,0.113473,0.040766,-0.352205,0.252013,0.202231,0.147344,0.275243,-0.269721,-0.325118,-0.225571,0.110476,-0.223815,-0.246062,-0.111054,0.180100,0.069850,-0.335032,-0.290270
-0.194932,0.033310,0.031248,0.106917,0.253971,0.060324,0.118183,0.346397,0.283290,-0.165557,-0.140645,0.115151,0.316410,-0.340948,0.079624,0.102907,-0.343992,0.268319,0.078050,0.419493
0.227869,0.042727,0.146691,0.172455,-0.220875,0.060539,0.136841,-0.044116,0.179358,0.387557,0.178329,0.200692,-0.424933,0.158812,0.040746,-0.003507,0.429573,0.362093,0.145985,0.151665
0.149269,-0.325271,0.177592,0.145562,-0.000204,0.030851,0.142428,-0.286880,0.005704,-0.038460,0.170629,0.576869,-0.274392,0.083200,0.119450,0.052990,0.488454,-0.007071,0.103262,0.060487
0.293272,-0.216244,-0.033267,0.079018,0.215303,-0.316844,-0.275749,0.242600,-0.213762,-0.123104,-0.241590,-0.305970,-0.087440,-0.283185,-0.237183,0.106338,-0.050220,0.297501,-0.226581,0.260077
0.263151,0.299821,0.382187,-0.050330,-0.410194,0.167574,0.386657,-0.027466,0.049784,0.077368,0.020233,0.109250,0.119274,0.028921,0.092063,0.188114,0.195086,-0.390582,0.115482,0.248951
