0.170916,0.186583,0.216992,0.340800,-0.213970,0.126242,-0.307636,0.148862,-0.109069,0.156734,-0.235349,0.147466,0.239662,0.136298,-0.306739,0.271843,-0.194614,-0.356978,0.218262,0.153877
0.238010,0.237152,-0.363366,0.069148,-0.290244,0.148295,0.216941,0.327605,0.305951,0.335177,0.240340,-0.320688,0.125073,-0.016017,0.042790,0.311123,0.040200,-0.016191,0.052690,0.062730
0.281435,0.088950,0.177507,0.000483,-0.049569,0.355705,0.014517,0.124280,0.287498,0.280960,0.482769,0.010516,0.163364,0.072788,0.049305,0.357612,-0.152132,0.001086,0.156430,0.363379
0.121552,-0.176126,-0.330906,0.049199,0.003304,0.303562,0.059787,0.162696,-0.015177,0.124610,0.175022,0.346491,0.107621,-0.454321,0.064737,0.455041,0.332760,0.039793,0.087353,0.066679
0.423911,0.380331,0.100407,0.071428,0.040956,0.109847,-0.200561,0.146618,0.067235,0.016226,-0.064700,-0.216747,-0.467946,-0.087086,-0.239644,0.099545,0.020981,-0.011508,0.065177,0.479931
0.136420,-0.064293,-0.127528,-0.078360,-0.377154,0.328563,-0.200259,-0.182296,0.262835,-0.021569,0.294332,0.251553,-0.342971,0.270925,0.135601,-0.189764,-0.080092,-0.304481,-0.208964,-0.153765
0.581303,0.414416,0.264199,-0.052203,-0.187107,-0.012840,0.013482,0.097429,-0.063398,0.072988,0.141814,0.029793,-0.094968,0.019008,0.309820,-0.167491,-0.186109,-0.361038,0.153582,0.143640
-0.257569,0.345145,0.118049,0.110332,-0.005582,0.171833,0.072570,0.198962,-0.022251,0.462967,0.570503,0.044945,0.157225,-0.114855,0.063728,-0.250412,0.001934,0.210328,0.081230,0.127160
0.051212,-0.185750,0.205132,-0.006811,0.085260,-0.149951,0.065621,-0.096838,-0.252635,0.252016,-0.421333,-0.006828,0.196160,0.435512,0.373909,0.355184,-0.268322,-0.037683,0.058595,-0.037978
-0.275302,-0.179945,0.221564,-0.286209,-0.215482,-0.198681,-0.218097,0.213289,-0.051747,-0.237234,0.188309,0.279669,0.149164,0.164635,-0.273774,-0.202829,-0.243129,-0.066454,-0.291309,0.308852
-0.258159,0.224584,-0.009332,-0.208144,-0.323988,-0.116672,0.295944,0.117152,-0.240349,-0.034992,-0.302478,0.281693,-0.173289,0.261979,0.206557,0.129215,0.028653,-0.215725,-0.251107,0.348345
0.153559,-0.076011,0.068740,-0.022889,0.403099,0.420473,-0.261318,-0.115267,0.070629,-0.119028,-0.256365,-0.354383,0.073572,0.401996,0.014643,-0.094623,-0.344346,-0.092367,-0.000471,0.175440
0.585978,0.237561,0.271599,0.127002,0.136715,0.004595,0.039567,-0.167859,0.032594,0.097066,0.139877,-0.073683,-0.030880,-0.221103,-0.046563,0.383137,-0.181586,0.279315,0.207505,-0.271137
0.130083,0.507312,0.176045,0.105096,0.022613,0.119865,0.199032,0.258235,0.424056,0.281991,0.202808,-0.088368,0.065792,-0.255028,0.075056,0.055199,0.033943,0.401676,0.084407,0.080915
0.172382,-0.104284,0.193436,-0.103616,0.254407,-0.319697,0.320105,0.262305,0.030596,0.083106,0.269683,0.137714,-0.263858,0.101905,0.338610,-0.270387,-0.201799,-0.144314,-0.236201,0.297333
0.343673,0.237622,0.181902,0.263703,0.269555,-0.099898,-0.111836,0.175450,0.180905,0.067654,0.211757,0.018931,0.229987,0.369544,0.380849,0.226367,-0.183740,-0.203525,-0.079156,0.217189
