-0.359280,0.313319,0.081956,-0.320310,0.201327,0.007780,0.338430,-0.171476,-0.323168,-0.239000,0.198573,0.102676,-0.330599,0.072112,0.089404,0.148843,-0.126365,-0.221324,0.225232,-0.083932
0.343128,0.196921,-0.259423,0.331260,0.117228,0.029947,0.205725,0.232263,0.159959,0.243543,0.376456,0.347589,-0.019902,0.190582,0.038755,-0.251253,0.288355,0.146983,-0.008819,-0.043917
0.268926,-0.174057,0.201603,0.165206,-0.028112,0.021872,0.062886,0.032811,0.003129,0.215606,0.305629,0.485089,0.402425,0.149101,0.278613,0.072311,0.352446,-0.029252,0.032698,0.233999
-0.458006,0.008735,-0.034868,0.348787,-0.562121,0.068394,0.208876,0.175626,-0.232099,-0.155480,0.138097,0.323370,0.043178,-0.002674,0.083241,0.095842,-0.095852,-0.076712,0.046774,0.187687
0.323478,0.105422,0.124950,-0.252960,-0.006494,0.004461,0.029483,0.095434,-0.024405,0.410935,0.315061,0.184783,0.059858,-0.357716,-0.077775,0.066678,0.184903,0.043054,0.386083,0.405704
-0.245316,0.271348,-0.307742,-0.292723,0.266723,-0.160567,0.196897,0.237706,-0.208176,-0.267106,0.213316,0.229562,0.069176,0.032840,0.175188,0.212517,0.323649,-0.008637,-0.224726,-0.208983
0.444067,0.458036,0.397589,-0.006261,0.090692,-0.051406,0.289553,0.045633,0.216323,0.393027,0.049739,0.083657,-0.085475,0.038978,0.158119,-0.005301,0.245113,-0.079688,0.144909,0.077964
0.281670,0.106948,0.051972,-0.024267,0.029626,0.116724,-0.132810,-0.236392,0.509838,0.178961,0.228743,0.191484,0.401388,0.057173,-0.324992,0.096990,0.114008,-0.040121,0.072273,0.371107
0.151343,-0.082078,0.367654,-0.277643,-0.071975,0.035500,0.169960,-0.335247,0.043543,0.195643,0.222151,0.089022,0.108796,0.092575,0.326732,0.414432,-0.372746,-0.111011,-0.065538,-0.241794
0.320225,0.229210,-0.240497,0.157247,-0.038208,0.313752,0.157947,-0.185517,0.274518,-0.182894,0.189660,-0.300321,-0.303911,-0.098965,0.170238,0.207820,0.147172,-0.242024,0.288763,0.173694
-0.189701,-0.181317,-0.328232,0.278099,0.304390,0.313179,-0.040132,0.221096,-0.312342,-0.237510,-0.324824,0.222331,0.084880,0.262612,-0.130283,-0.047421,-0.166638,-0.175900,0.001640,0.204500
-0.306106,0.074927,0.083561,0.112862,-0.116872,0.013289,-0.182638,0.492763,0.033185,0.016418,0.159973,-0.321174,0.033833,0.050076,-0.499158,-0.169305,-0.390081,-0.003853,0.098196,0.132463
0.173888,0.042119,-0.050447,0.146428,-0.107661,-0.094160,0.313806,0.055215,-0.123895,0.496991,0.413334,0.397493,-0.095857,0.329581,0.074559,0.155813,-0.012401,0.222884,-0.071490,0.168038
0.318379,0.097221,0.068100,0.560279,0.339915,0.053793,-0.054463,0.088541,0.290256,-0.015912,0.309849,0.113191,0.024707,0.007517,-0.437079,0.125700,0.104805,-0.029022,0.076296,0.151386
-0.376316,-0.175461,0.069175,-0.256555,0.001687,0.177761,-0.160226,0.236030,-0.035524,0.328798,0.119584,-0.113959,-0.224388,0.278280,0.208261,0.298321,0.155746,0.322347,-0.305869,0.159611
0.341246,0.169783,0.332807,0.005553,0.262722,-0.170115,0.296205,-0.265351,0.034850,0.170733,0.172658,0.507820,-0.000415,-0.045728,-0.016844,0.010194,-0.228332,-0.291628,0.155071,0.077834
