-0.225786,0.176166,0.251210,0.183852,0.385330,0.084566,-0.204772,0.140887,0.002057,0.146307,0.363340,-0.131120,-0.003538,0.377540,-0.278326,0.103956,0.381206,0.219359,0.064875,-0.067688
0.326256,-0.393061,0.041178,0.031090,-0.040244,0.137260,0.107104,0.060877,0.372648,0.004327,0.210102,0.453985,0.059507,0.092726,-0.039299,0.505341,0.089029,0.151395,-0.065811,0.086018
0.670646,-0.159487,0.126362,0.156561,-0.004077,0.102333,0.123399,0.055640,-0.410949,0.151123,0.266264,0.173291,0.073224,0.112163,-0.143479,0.269197,0.063399,0.078815,0.142975,0.145586
0.276399,0.001826,0.036745,0.104536,-0.012035,0.029343,0.013924,0.548124,0.217743,0.410053,0.199958,0.072990,-0.187346,0.424445,0.049804,0.214201,0.072397,-0.098161,-0.247188,0.096032
-0.210859,0.070202,0.151221,-0.255909,-0.238781,0.078403,0.133996,-0.273160,0.031296,0.372268,0.446134,0.138908,0.384899,0.094827,-0.274806,0.172861,0.166701,-0.013780,-0.233880,0.058377
-0.294513,-0.356635,-0.248209,0.029336,0.097823,-0.344293,-0.311942,0.001138,0.004144,-0.200254,-0.248291,-0.009232,-0.409339,0.198961,-0.093575,0.081059,0.011178,-0.046007,-0.127411,0.394196
0.135318,-0.064401,-0.053153,0.393555,0.150573,0.344097,0.145720,0.202485,0.212758,-0.225623,-0.199847,0.029376,-0.143798,0.352848,0.055456,0.050615,-0.022742,0.488756,0.058131,0.293175
0.163657,0.114725,0.133225,0.117523,-0.118634,0.022936,0.099457,0.776885,-0.294886,-0.057371,0.332812,-0.162541,0.055588,0.052640,0.000885,0.224470,0.064270,0.026684,0.075880,0.078556
-0.110144,0.124708,0.163790,-0.348989,0.205588,-0.230376,-0.362465,0.273880,-0.168443,0.151391,0.244963,0.050543,-0.137831,-0.061201,-0.204469,0.302183,0.406754,-0.084623,0.255357,0.120124
0.300468,-0.207225,0.224928,-0.284822,0.234645,0.202319,0.324407,0.295552,-0.254558,-0.014489,0.283698,-0.147540,-0.279346,-0.171737,0.299628,0.037476,0.129187,-0.165348,0.144738,0.124614
0.073174,-0.297009,0.063742,-0.255266,0.282689,0.210872,-0.317951,0.278492,0.219191,-0.180686,-0.159413,0.318117,0.267113,0.232239,0.301608,0.133167,0.170229,-0.103875,0.183879,-0.138958
0.418617,-0.152714,0.133257,0.235675,-0.241257,0.083939,0.260767,-0.213023,-0.149604,0.182720,-0.176010,-0.195012,-0.256785,-0.037022,0.302780,0.039561,-0.183821,0.070716,-0.303936,0.364711
0.200497,-0.013483,0.052202,0.153050,0.398986,0.074824,0.031831,0.453767,0.001513,0.104419,0.494902,0.067356,0.199524,0.299270,-0.316982,0.107263,0.018933,-0.177311,-0.006151,0.167932
0.598278,0.098169,0.096936,0.169476,-0.035766,0.021742,0.094612,0.161849,-0.298564,-0.340399,0.168115,0.123999,0.071129,0.085739,0.486221,0.192015,0.085885,0.006978,0.086225,0.090598
0.312733,-0.215992,-0.296082,-0.230491,0.062119,0.099993,-0.313012,-0.074446,-0.249875,0.318700,0.254900,0.248005,0.202671,-0.153340,-0.246265,-0.146861,0.207049,-0.209678,0.070235,0.261382
0.093681,0.302242,0.309296,-0.141067,0.045557,0.334697,-0.022674,0.226931,0.123633,-0.255839,0.342911,0.086898,0.132621,0.190820,0.024586,0.382201,-0.220545,0.154263,0.261512,0.266110
