-0.358707,0.064239,0.188783,0.131617,-0.149739,0.000787,-0.427165,-0.282152,-0.241832,0.384050,0.413019,-0.033747,0.043932,0.132459,0.064155,-0.137581,0.216363,0.217365,0.108205,0.061227
0.036346,-0.067938,0.326568,-0.487008,0.153763,0.181933,0.089406,0.050840,0.455315,0.342471,0.130429,0.007337,-0.229635,0.120591,0.289440,-0.020463,0.102111,0.077916,0.267658,0.040587
0.019212,0.418530,0.171192,-0.257075,-0.210100,-0.065552,0.188269,0.167584,0.134343,0.123046,0.453459,-0.074513,0.159218,0.361497,0.190090,0.084328,0.110571,0.323991,0.055735,0.230557
0.112797,-0.048859,0.117111,0.103462,-0.132599,0.064439,-0.048552,0.063166,0.015695,-0.223767,-0.107000,-0.377880,0.001309,0.226658,-0.128344,0.038493,-0.703585,-0.367215,0.137324,0.098802
0.085983,0.076746,0.101440,0.075363,0.018483,0.097850,0.098140,0.072505,0.185651,0.109095,0.165084,0.656889,-0.036980,-0.231176,0.058733,0.053958,-0.374455,0.228384,0.426002,0.076126
-0.267124,0.041234,-0.085436,-0.280322,-0.173094,0.249683,0.091212,0.337259,-0.305357,-0.079420,-0.136061,-0.069521,0.152334,-0.270537,0.289768,0.304410,-0.327737,-0.239861,-0.114590,-0.229563
0.212121,0.214217,0.229675,0.087263,0.164898,0.050331,0.061983,-0.037314,-0.129513,0.492133,0.057745,0.485997,0.191329,0.438675,0.066596,0.019999,-0.184744,-0.028167,0.045597,0.210748
0.132086,-0.402337,0.203579,0.063320,-0.044760,0.066719,0.091333,0.318533,0.011926,0.091723,0.390168,0.359587,0.045148,0.005344,0.071642,0.025317,0.586806,0.056892,0.084167,0.079835
-0.111337,0.020912,0.252992,0.143895,-0.011076,0.239732,-0.256553,0.022709,-0.445870,0.186967,0.162351,-0.012495,0.055297,0.071639,-0.401026,0.085925,0.510264,0.095121,-0.185383,0.195134
0.013884,-0.013683,0.070314,-0.034016,-0.292966,-0.298133,-0.036426,-0.333104,-0.243200,-0.290190,0.280162,0.090705,0.252888,-0.065752,0.188429,0.329637,0.318921,-0.329844,0.066406,0.221559
-0.131534,0.253391,0.013741,0.339086,-0.094470,0.114232,-0.211701,0.355117,0.219027,0.051822,0.244028,-0.306881,-0.337731,-0.248347,-0.243336,0.083111,0.239184,-0.214883,0.232554,0.081957
0.208154,0.428358,0.251548,0.079455,-0.134593,0.302535,0.114186,-0.021535,0.423121,-0.072424,-0.111131,-0.103767,-0.023479,0.071973,0.280015,0.064418,-0.093585,-0.094504,0.220691,-0.467300
0.037338,0.032647,0.097050,0.047087,0.101148,0.629226,0.280671,0.006125,-0.056551,0.133730,0.439133,0.033368,0.306830,0.117586,0.341389,0.140871,0.150034,0.003672,0.137556,0.009675
-0.126547,0.107864,0.119765,0.118374,-0.020385,0.216388,0.122185,0.106972,-0.113455,-0.173948,0.167038,0.552882,0.075918,0.087963,0.047171,-0.323503,0.208402,0.209566,0.530831,0.064513
-0.173934,-0.241104,0.052520,0.311428,-0.042831,0.157070,-0.186887,0.367461,0.345453,0.199265,-0.159353,-0.111347,-0.343134,-0.037634,0.020673,-0.248449,-0.265792,0.315465,-0.245131,0.083723
-0.151908,-0.136222,0.434214,0.090471,-0.192516,-0.119689,0.256716,0.029490,-0.320274,0.090787,0.048921,0.112101,-0.056456,0.062290,0.356745,0.035432,0.519107,0.052388,0.132438,0.303901
