-0.064809,-0.082132,0.051239,-0.278893,-0.014652,0.150863,0.026580,0.379278,0.250149,0.186446,-0.050971,0.194952,-0.270794,0.290348,0.422254,0.052573,0.296397,0.404327,0.095865,-0.062915
0.379789,-0.093333,0.055629,0.215235,-0.415717,0.222179,-0.058280,0.133693,0.161220,0.168096,0.565024,0.190072,0.027956,0.004117,0.043794,0.205208,0.114559,0.010105,0.151825,-0.251880
0.314880,0.060352,0.209043,0.260460,0.012854,0.297572,0.168765,0.093605,0.069267,0.248075,-0.421531,0.105892,0.136263,0.123933,0.203351,0.269957,0.242685,-0.007625,0.432633,0.100949
0.437888,0.465100,0.097232,0.037864,0.017783,0.103196,0.067968,0.081644,0.015571,-0.351258,0.374013,0.121558,-0.120742,0.068047,0.083980,-0.094189,0.475129,0.015285,0.038287,0.133907
0.103245,0.082215,-0.086857,0.087304,0.045637,0.073285,-0.469503,0.037176,0.139792,0.166609,0.304667,0.440131,-0.279639,-0.207861,-0.057647,0.414363,0.076608,0.222284,0.068119,-0.219011
0.308851,-0.016745,0.236683,0.246384,-0.276166,0.167028,0.328404,-0.187751,0.103429,-0.169648,0.275071,-0.108880,0.268323,-0.062775,0.300065,-0.277027,-0.217874,0.066698,-0.174678,-0.296973
0.054626,0.150789,0.026137,-0.182117,0.055630,0.387234,-0.066822,0.209837,0.043416,0.475519,0.501732,0.071363,0.097268,-0.131520,0.027492,0.266572,0.155945,0.306246,-0.076332,0.177621
0.176637,-0.050214,0.181193,0.230788,-0.041769,0.177493,0.055299,0.042596,0.056030,0.184754,0.355187,0.048505,0.522208,-0.108182,0.071578,0.085083,0.482538,0.014830,0.034611,0.381118
0.103998,0.081310,0.201514,0.275291,0.262685,0.161232,-0.351940,-0.281155,-0.219564,0.445342,0.209247,-0.013609,-0.251233,0.158540,0.117878,-0.300784,-0.023590,0.236577,0.153669,0.070741
-0.178151,0.208418,0.271334,-0.293916,0.270369,0.131945,0.112630,0.204224,0.236844,-0.085658,-0.158615,0.240023,0.303901,-0.295656,-0.273880,0.137955,0.117815,0.271113,-0.164506,0.292329
-0.279380,0.214715,0.160454,0.194951,0.035355,0.125983,0.312130,0.293660,0.158394,0.124754,-0.188942,0.151743,-0.303826,0.041601,-0.162333,-0.302074,-0.291457,0.355365,-0.296311,0.035501
0.373123,0.055196,0.386081,0.355641,0.190510,0.142689,-0.189299,-0.222986,0.332687,0.166255,0.367987,0.001288,0.214206,0.005396,0.075445,0.094774,0.063566,0.235083,-0.202003,0.074489
0.064310,-0.167961,0.055842,0.212299,-0.059871,0.110670,0.049694,-0.150525,0.092189,0.356813,0.013817,-0.366358,0.044646,-0.315574,0.332114,0.446114,-0.014423,0.116368,0.206286,0.375606
0.463654,-0.145337,0.098365,0.077632,0.395657,0.019126,0.065868,0.041574,-0.016654,0.154836,-0.127895,0.083897,0.588219,0.081595,-0.042745,0.273103,-0.056093,0.279163,0.116476,0.117722
-0.086634,0.175243,0.031185,0.329839,0.259507,0.059021,-0.348298,0.143864,-0.159392,-0.059731,0.182399,-0.280597,-0.266293,-0.125678,0.325855,-0.166995,-0.345433,-0.239622,0.156177,-0.276217
-0.116813,-0.189271,0.148396,0.043653,0.376911,0.031200,-0.066294,0.169286,0.239531,0.137622,0.586931,0.301004,0.021888,0.175675,-0.075646,0.130714,0.350733,0.239864,-0.059090,-0.030328
