-0.247501,0.055082,-0.191384,0.033124,0.250181,-0.368641,-0.003514,0.383486,0.134674,-0.023367,0.153700,-0.391262,0.060692,0.376610,0.376707,0.249178,0.072382,0.008252,-0.020886,-0.042077
0.335353,-0.037830,0.268401,0.181918,-0.280158,0.187269,0.032634,0.168553,-0.021537,0.110280,0.264048,0.405749,0.097674,0.211748,-0.142834,0.198216,0.111329,0.088300,0.506126,0.023213
-0.001782,0.013739,0.206055,0.342803,0.008279,0.650321,-0.049972,0.115806,0.050775,0.226484,-0.127463,0.035980,-0.275785,0.004136,-0.037056,0.435865,0.175510,-0.030490,-0.144185,0.097871
0.295336,0.036304,-0.221606,-0.222939,-0.030571,0.105597,0.138983,-0.273417,0.075669,0.380095,0.210247,-0.006498,-0.004584,-0.224429,0.060222,0.336500,0.531896,0.018610,0.241137,0.058223
0.061813,0.056927,-0.398317,-0.006234,0.019137,0.236789,0.102699,0.065068,0.294897,0.111093,0.446698,0.194415,-0.176524,0.002567,0.050537,0.573495,0.018331,0.139578,0.202930,0.052621
-0.307916,0.071890,0.240559,0.268369,-0.146262,0.230534,0.324169,0.156139,-0.323267,0.165764,-0.196437,-0.241672,0.167304,-0.309808,-0.051499,0.243795,0.194493,-0.154546,-0.163133,-0.250537
0.332182,0.242017,0.153543,0.162005,0.110140,0.055562,0.137078,-0.376547,-0.271711,0.192980,0.212028,0.096884,-0.086403,0.141038,-0.225456,0.305879,0.026830,-0.155776,0.394489,0.296139
0.106475,0.130754,-0.593881,-0.011329,-0.002079,0.022606,0.143861,0.076130,0.089965,0.178175,0.129638,-0.008848,0.369411,0.479036,0.030748,0.380544,0.061137,-0.014387,-0.016087,0.138238
0.103268,-0.131930,-0.252839,0.104731,-0.021992,-0.397329,0.290084,-0.367989,0.405126,-0.286787,0.223943,0.203392,0.043727,-0.328422,-0.027708,-0.256874,0.065315,-0.001460,-0.005761,-0.019901
0.271639,0.159746,0.016695,-0.314016,-0.013121,-0.168287,-0.124538,0.315940,0.296237,0.354298,-0.157319,-0.270688,0.270907,0.058591,-0.223366,0.142349,0.340490,0.048684,-0.284284,-0.024162
0.236042,-0.121893,0.151939,0.302515,-0.147747,-0.301705,0.306847,-0.178694,-0.162188,0.101770,-0.297665,0.263848,-0.189205,0.088242,0.259383,-0.038693,-0.308356,0.250293,-0.062681,-0.327080
0.126051,0.344393,0.320360,-0.312774,-0.409730,0.218523,0.060114,0.194543,0.159719,-0.061163,0.208870,0.392959,0.103146,0.310915,-0.111461,0.049200,0.018815,-0.010515,0.229499,0.073313
-0.022039,-0.046158,-0.283811,0.133564,0.079018,0.065965,0.012572,0.189316,-0.047631,0.356856,0.546979,0.311579,-0.095446,-0.034138,0.035390,0.353924,0.355658,-0.044303,0.195394,0.151970
0.129754,0.016916,0.577664,0.080754,-0.032491,-0.157890,0.401852,0.093922,-0.084454,0.234809,0.224785,0.072604,0.156917,0.046657,-0.445073,-0.131359,0.154924,0.019214,0.224647,0.106395
0.126504,0.197497,-0.182885,-0.143456,-0.023261,0.296299,-0.287100,0.294534,-0.008923,0.011054,-0.280095,0.364422,0.224362,0.290379,-0.265722,-0.065132,-0.300018,0.012139,0.304721,-0.171679
0.127618,0.195885,0.279868,0.135335,0.198520,0.208062,-0.144033,-0.163233,0.227683,0.127660,0.320376,0.360997,-0.011935,0.242832,0.050163,0.367771,0.370163,-0.220366,0.184214,-0.033413
