-0.213614,-0.443788,0.263747,0.104422,0.096444,-0.003931,-0.424766,-0.137297,0.067983,0.069718,-0.439820,0.128199,0.037463,-0.002322,0.162547,0.104383,-0.066545,0.398083,0.201363,0.082656
0.002744,0.244360,0.422376,-0.381899,0.238101,0.149887,0.156318,0.145529,0.021407,0.167541,0.247285,0.154672,0.039721,0.200766,0.283926,0.096348,0.326383,0.219472,0.238964,0.184605
0.246224,-0.382733,0.207827,0.183518,0.019475,-0.008804,0.095855,0.133468,-0.405668,0.263165,0.142105,0.116357,0.173213,-0.380135,0.269697,0.187095,0.173629,-0.028862,0.191917,0.266355
0.019606,0.161001,0.515126,0.101138,0.014974,-0.181273,0.019304,0.048131,-0.232754,-0.445411,0.144433,-0.131390,0.081151,0.044882,0.129868,0.277881,0.080846,0.017385,0.287443,0.423676
0.143823,-0.043852,0.320608,0.125151,-0.040225,0.116267,-0.334058,0.070848,0.025781,0.470299,-0.432150,0.109470,-0.178865,0.258721,-0.374342,0.115365,0.084783,0.100160,0.150507,0.119848
-0.071249,0.284678,0.161204,0.259752,0.138217,0.307015,-0.224565,-0.196720,-0.274260,0.279866,-0.302637,-0.105221,-0.210263,0.162022,0.189160,0.237840,-0.044141,0.183482,-0.282750,0.288717
0.008543,-0.060531,0.294024,0.405793,0.048231,0.321017,0.396106,0.099991,0.176037,0.329180,0.039312,0.052269,0.104576,0.028547,-0.045306,-0.094981,0.381902,0.240275,0.071550,0.312598
-0.039196,0.198349,0.087952,0.102487,-0.229324,-0.135563,0.074077,0.151520,0.055529,0.255408,0.150723,-0.346501,0.107980,0.028569,-0.261607,0.187793,0.394276,0.333586,-0.491061,0.079483
-0.129289,0.240853,0.167965,0.120496,0.020831,-0.183651,0.103982,-0.379129,0.041551,-0.422717,0.170287,0.043642,0.330677,0.129010,0.296282,0.228477,-0.330715,0.252310,0.174290,-0.114571
-0.342832,-0.082105,0.336665,0.376734,0.048490,0.094184,-0.120956,0.085557,-0.185992,-0.236030,-0.315069,0.056203,0.230665,0.171192,0.194565,-0.188392,0.160619,0.337205,-0.237294,0.207064
0.130283,-0.093898,-0.333264,0.308243,0.026590,0.288540,-0.271023,0.027705,-0.341782,-0.115721,-0.293286,-0.356250,0.062048,0.219363,-0.183924,0.011639,0.195675,0.219591,-0.124990,0.280614
-0.212177,0.085049,0.500307,0.073366,0.012228,0.165754,0.240950,0.178328,0.222441,-0.109765,0.106288,0.123646,0.460612,0.049587,0.050975,0.095693,0.118844,0.009200,-0.373199,0.326494
0.352725,0.007527,-0.130475,0.325363,-0.037245,-0.013657,0.303351,-0.009990,-0.030865,0.145135,0.250369,0.181019,0.060939,-0.321649,0.076004,0.275284,0.470048,0.164552,0.265379,0.185206
0.147069,-0.009104,0.090368,0.134446,-0.643707,-0.020076,0.090776,-0.199304,0.061063,0.449327,-0.126148,0.041675,0.027523,0.037579,0.169463,0.256266,0.116129,0.058350,0.385400,-0.063759
0.203408,0.208290,0.201144,0.295544,0.205806,-0.332163,-0.245012,0.265041,-0.231490,0.267481,-0.118900,-0.281258,0.201577,0.248365,0.049816,0.210030,-0.279103,-0.215853,-0.084461,0.074528
0.009753,-0.090456,0.277153,0.409692,-0.127154,-0.015930,0.009476,0.097512,-0.128534,0.071709,0.505225,-0.010525,-0.060928,0.159055,0.091307,-0.002556,-0.466404,0.208917,0.250371,0.287744
