-0.142072,-0.215095,0.275258,0.303575,0.328048,0.203401,-0.041359,-0.086922,0.012600,0.136596,-0.342183,-0.360914,0.081710,-0.020838,-0.018457,-0.195923,-0.214106,-0.267196,-0.182388,-0.380615
0.250437,-0.154368,0.312384,0.127610,0.170695,0.063722,0.333815,0.223756,-0.128998,0.046096,0.611725,0.201122,0.019568,0.049498,-0.061606,0.304584,0.255679,-0.029076,-0.044585,0.062127
-0.104044,-0.123040,0.405739,0.392651,-0.020263,0.090114,0.263083,0.133012,-0.238252,0.146349,0.559780,0.219605,0.127822,0.128623,-0.021558,0.150290,0.242924,0.001828,-0.071236,0.003819
0.223135,-0.030048,0.191739,-0.225544,0.189741,0.456443,0.332781,-0.057726,0.031727,-0.250516,0.436379,0.269453,-0.055719,-0.003208,0.038528,0.038839,0.244326,-0.014747,-0.326855,0.060040
0.278857,0.135386,0.356410,0.260171,-0.043134,0.219718,0.248252,0.002216,0.001014,0.068830,0.442559,-0.209475,-0.327889,0.234121,-0.182534,0.087540,0.274212,0.028880,0.265777,0.054542
0.103492,-0.151625,0.061735,-0.114307,-0.329473,0.324187,-0.294267,0.317623,0.289693,0.001515,0.317650,0.312632,0.081864,-0.030064,0.178150,-0.283584,-0.244380,0.167556,-0.240922,0.011322
0.274525,-0.186734,0.147023,0.046606,0.250491,-0.218261,0.307152,0.042019,-0.095731,0.285213,0.652200,0.044130,0.126834,-0.170319,-0.095798,0.081026,0.208021,0.031239,0.177741,-0.070602
-0.062710,-0.005358,0.343770,0.264677,0.493299,0.080141,0.215355,-0.073279,-0.046036,0.076139,-0.199635,0.134295,-0.345426,0.057880,0.022816,0.530882,-0.063604,-0.148986,-0.022900,0.093250
-0.193831,-0.004073,0.415813,0.060980,-0.021455,0.382621,-0.072539,0.021388,-0.090487,0.058994,-0.191435,-0.331191,-0.013133,0.194712,0.388380,0.400517,0.061987,-0.095573,0.265942,0.205360
-0.281135,0.304964,-0.212529,-0.260847,-0.256551,0.185915,0.151480,0.263136,-0.160256,0.054455,-0.254895,-0.113355,0.216627,-0.245821,0.156852,0.301059,0.244618,0.155461,0.157322,0.290452
-0.189441,-0.015865,-0.197457,0.074023,-0.012673,-0.104045,0.134582,0.231694,-0.152330,0.353119,-0.384857,-0.016766,-0.354456,0.318944,-0.149093,-0.043172,0.356168,0.219192,-0.211424,-0.263174
0.007610,0.365485,0.402280,0.351786,-0.035367,0.417894,0.088895,-0.268744,0.006010,-0.272569,-0.126743,0.122713,0.101994,0.027703,-0.013167,-0.200616,0.096575,-0.073353,0.249609,-0.301189
0.196213,0.272593,0.300076,0.345816,-0.141375,-0.493536,0.166392,-0.124926,-0.079344,0.171819,0.223094,0.321167,0.156925,-0.037613,-0.012269,0.330917,0.068973,-0.021460,0.108339,0.171211
0.418762,0.144644,0.358837,-0.344815,0.367344,0.067569,-0.142447,-0.054989,0.047188,0.495899,0.123593,0.089549,0.201212,-0.013197,-0.028502,0.253930,0.097506,-0.031203,0.047777,0.055501
-0.294012,0.360891,0.114728,-0.349340,0.259048,0.044545,0.138730,0.016810,0.063660,0.105967,-0.292828,-0.194791,0.314548,-0.292828,-0.182596,-0.258970,0.014364,-0.281515,0.236574,0.001766
-0.227742,0.162775,0.131566,0.367954,-0.012514,-0.036408,0.283257,0.022424,0.056250,0.222183,0.519822,0.107060,0.287070,0.205502,-0.114728,0.284890,0.297395,-0.152699,-0.068700,0.130636
