-0.291413,-0.170816,-0.243500,0.047186,0.064189,-0.299151,-0.308943,-0.259635,-0.087492,0.179164,0.418405,0.344514,0.091266,-0.274882,0.328007,-0.135826,0.054817,0.074330,0.119619,0.040513
0.684295,-0.289802,0.081236,0.087818,-0.010633,-0.043063,0.228089,0.070085,0.012107,0.171305,0.425131,0.214584,0.013491,-0.019413,-0.074960,0.100207,0.000337,0.293022,0.127170,-0.003299
0.334637,-0.369438,-0.150307,0.113010,-0.715431,0.051027,0.090286,-0.109786,0.010572,0.150681,0.273056,0.186454,0.094207,0.096362,0.095819,0.129262,0.043119,0.002094,0.028894,0.051279
0.298220,0.117071,0.018593,0.466166,0.172060,-0.413316,0.108591,0.024155,0.555797,0.118534,0.308961,0.051732,0.006669,0.018530,0.163026,-0.088240,0.003065,-0.015145,0.102284,-0.018632
-0.063380,-0.132297,-0.256489,0.064415,-0.456428,0.078542,0.371654,-0.002073,0.044683,0.162854,0.315760,0.260181,0.013189,0.033922,0.368542,0.155446,-0.025939,0.388653,0.205219,0.069651
-0.296301,-0.082021,0.058422,0.282711,-0.219367,0.182229,0.292014,-0.225170,-0.113537,0.265414,-0.200099,-0.229034,0.268143,0.234078,-0.249621,-0.151925,-0.263308,-0.203402,-0.271615,-0.180117
0.422515,0.398852,-0.084974,0.234895,0.201031,0.062654,0.180973,-0.239009,-0.102411,0.388817,0.366986,-0.043444,-0.040669,-0.074548,0.200876,0.277850,0.018748,-0.083079,0.188419,0.005948
0.510422,0.143795,0.086242,0.054801,0.253533,0.048046,-0.409067,0.006681,0.020179,0.221066,-0.414610,0.116164,0.082849,0.017548,-0.002488,-0.085343,-0.029343,-0.168022,0.033205,0.441650
-0.106106,0.316697,0.296029,0.011521,0.046935,0.062768,0.169779,0.044284,-0.424416,0.178238,0.373533,-0.122389,-0.250731,0.007143,0.054593,0.297331,0.414685,-0.019510,-0.254195,0.077986
-0.102833,-0.247092,-0.244501,-0.141366,-0.165853,0.213781,0.183410,-0.254289,-0.273013,-0.289874,-0.248334,-0.196929,-0.260501,0.116763,0.049784,-0.217478,0.267731,-0.256028,0.280693,0.266070
0.001662,0.314014,-0.298521,0.244442,-0.291430,0.070833,-0.178498,0.270056,-0.289047,-0.162118,-0.234910,0.170762,-0.171219,-0.288860,0.052450,-0.098848,-0.170498,-0.304709,0.177189,-0.291584
-0.368815,-0.403036,0.052626,-0.167083,0.033093,0.060840,-0.101367,0.362336,-0.313298,0.137830,0.444728,-0.109455,0.027728,0.019601,0.093695,-0.033324,0.036239,-0.175597,-0.392159,0.024434
0.665347,-0.281558,0.114533,0.130339,0.009295,0.006660,-0.042810,0.144788,-0.045907,0.085819,0.439746,0.124132,-0.038872,0.083500,-0.284720,0.068776,-0.147006,0.116222,0.160472,0.227153
-0.233310,-0.008010,0.083235,-0.454834,0.007812,0.113569,0.087965,0.037154,0.044192,0.212459,-0.531949,0.102240,0.169330,-0.097053,0.215706,0.279621,0.041006,0.000606,-0.318987,0.320725
-0.323621,0.235129,0.323283,-0.114613,-0.113659,0.341835,-0.200952,-0.221964,-0.227705,-0.147359,-0.097521,-0.237939,-0.174608,-0.221982,-0.247497,0.029404,0.348079,0.016029,-0.141641,-0.282607
0.659076,0.173013,0.187892,-0.055019,0.104168,0.132498,0.308649,-0.005012,0.339999,0.075684,-0.279676,0.060391,0.250079,0.115974,0.132346,0.079063,0.085892,0.225319,0.050254,0.100189
