0.270154,0.317725,-0.224617,-0.096509,-0.010315,-0.387870,0.098377,-0.042313,-0.081183,-0.287676,0.230585,-0.208600,-0.304412,0.032862,-0.151178,-0.389687,0.070623,-0.064292,0.265592,0.264829
0.200928,0.059508,0.201134,0.075571,-0.238310,0.046125,-0.449515,0.179199,-0.238610,0.329295,0.398924,0.454976,0.118298,-0.112255,-0.027975,0.025996,-0.081254,0.151959,0.086625,0.141632
0.226403,0.336510,0.068596,-0.128074,-0.255299,0.058575,0.038317,0.234012,-0.038544,0.186975,0.557377,0.436440,0.039506,0.179677,0.099472,0.089059,0.129536,-0.021237,-0.045981,0.284511
0.279259,-0.401775,0.176901,0.101506,-0.005204,0.062290,0.082801,0.081405,0.218579,0.192654,0.323931,0.092106,0.004130,-0.373692,0.354053,0.065866,0.233528,0.008806,0.069492,0.417732
0.258592,0.101797,0.428135,0.123853,0.087534,0.053672,0.048999,0.352820,0.318040,0.230078,-0.283674,0.355546,-0.180959,-0.261152,0.045909,0.055771,0.188875,0.137970,0.203703,0.152857
-0.277271,-0.022310,0.163379,0.026302,0.313516,0.055726,0.334026,-0.057691,-0.151723,0.259484,0.090247,-0.312246,0.052932,-0.350102,-0.283717,-0.282787,-0.021707,-0.164310,0.337915,-0.235484
0.126570,0.006887,0.057796,0.025289,0.092244,-0.132678,-0.421813,-0.199009,0.272659,0.530424,0.180874,0.199355,-0.172616,-0.083606,0.364690,0.294369,0.014900,-0.046716,-0.202379,0.091425
0.011859,0.090859,0.342339,0.490587,0.015269,0.020588,0.040673,0.611062,0.026784,0.173366,-0.046799,0.234829,0.005467,0.038446,0.021662,0.084515,0.090513,-0.007170,0.201603,0.334526
-0.304700,0.112909,0.355602,0.080596,-0.026387,-0.437254,0.128422,-0.397706,0.270644,0.123300,-0.349556,0.121006,0.013740,0.021348,0.047106,0.126290,-0.355642,0.011116,0.077650,0.134839
0.304596,0.107839,0.063331,-0.210017,0.036901,0.173501,0.333383,0.318719,0.238394,0.072672,0.351378,0.145078,0.103069,-0.239995,0.234328,0.324174,0.125554,-0.180368,-0.007114,0.346540
0.145542,0.288217,0.108945,0.130974,0.294185,0.306160,0.078892,0.328606,0.027287,-0.075982,0.288943,-0.112582,0.247762,0.300603,0.125170,0.163650,-0.252506,0.301344,-0.259985,0.230659
0.156868,-0.027703,-0.385426,-0.056845,-0.008738,0.022425,0.083372,-0.351903,0.036235,-0.111891,0.370909,-0.106198,0.397325,0.052754,0.416923,0.104659,-0.372364,-0.161176,-0.011450,0.136380
0.203214,0.362229,0.065839,0.295349,-0.074067,0.195783,0.343015,0.120172,-0.072249,-0.191620,0.408813,0.208748,-0.068459,0.053150,0.081158,-0.059076,-0.428420,-0.059811,0.304477,0.099768
0.332403,-0.251292,0.131377,0.125263,0.143596,0.033817,0.073870,0.248795,-0.090536,0.180455,0.185314,0.605495,0.001301,0.424334,0.120039,0.221438,0.102045,0.035266,0.039794,0.076281
0.256569,-0.143063,0.233148,0.170387,0.279475,-0.145312,-0.265141,-0.196932,0.173228,0.308142,-0.240513,0.159549,0.215784,-0.258695,0.028317,-0.306298,-0.197456,0.291312,-0.197458,0.206889
0.300892,0.251390,0.146318,0.125345,-0.103664,0.110962,-0.101635,0.230681,-0.134305,0.285157,0.442536,0.203435,0.044225,-0.124204,0.105141,0.249083,0.375697,0.220945,-0.073774,0.316356
