-0.282888,-0.300137,-0.320826,-0.101229,0.010598,-0.176322,-0.055253,-0.317938,0.216469,0.042577,-0.169347,0.126291,-0.258699,0.262933,0.240070,-0.373348,-0.285199,-0.212070,-0.108127,0.130354
0.176747,0.475095,-0.012923,0.227222,0.113765,0.103518,0.005015,-0.026209,0.163242,0.331885,0.121343,0.167419,0.106826,-0.559228,-0.081881,0.103766,0.316636,-0.017429,0.098449,0.188293
0.399353,0.167430,0.152062,0.065862,-0.080167,-0.099456,0.061622,0.057045,0.091759,0.275004,0.077999,0.171154,-0.005654,0.165099,0.331129,0.159763,0.127608,0.621360,0.013496,0.277875
0.166365,0.165066,0.094781,0.052638,-0.158178,-0.194454,0.028702,0.045520,-0.298775,0.221299,0.169758,-0.260086,0.073947,0.332419,-0.180814,0.586064,0.058649,-0.325556,0.153376,0.088342
0.382441,-0.115452,0.108291,0.126494,-0.003129,0.104219,0.336315,0.123305,0.073577,0.109977,0.486394,0.058675,0.069251,-0.332644,0.168612,0.149369,0.224748,-0.310696,-0.123430,0.295807
0.170299,0.221028,-0.024006,0.120260,0.258259,-0.162761,0.268402,0.167852,-0.285942,0.267877,-0.185323,-0.328045,-0.121998,-0.320052,-0.152438,-0.065582,-0.271720,0.288897,0.258504,0.221931
0.339909,0.204803,-0.006190,0.019740,-0.162035,-0.286673,0.015673,-0.218027,-0.077995,0.271930,-0.329643,0.370003,-0.010050,0.308134,0.357127,0.244879,0.089229,-0.134651,-0.047060,-0.222296
0.162778,0.528112,0.103796,0.186234,-0.028452,0.361872,0.110005,0.144484,-0.019237,-0.030511,0.100281,0.027915,0.102624,0.019822,0.106051,-0.533192,0.152373,0.001622,0.175199,-0.334501
0.183924,-0.260400,0.417555,-0.244040,-0.061778,0.076135,-0.286677,0.278806,0.095083,-0.303726,0.283966,0.122083,0.232842,0.050752,-0.057061,-0.335385,0.197268,-0.170872,-0.209343,0.116743
-0.149128,0.083237,-0.154044,0.145555,0.168078,-0.196690,0.319641,0.315863,0.005146,-0.176876,0.287961,0.244715,0.270879,0.322260,-0.093131,-0.197275,-0.235856,0.070313,-0.321081,-0.307309
0.102676,0.217749,0.241884,-0.081212,-0.328441,0.035421,-0.312780,-0.259925,0.219190,-0.297875,0.267171,0.190431,0.164690,0.256760,0.027667,0.074292,-0.107138,0.281029,0.299070,-0.280658
0.287492,0.083671,-0.280741,0.101165,0.003242,0.363962,-0.105085,0.254675,0.120597,0.037528,0.357531,-0.180405,0.039078,0.258414,-0.046705,0.411886,0.172711,0.010177,0.093793,-0.397144
0.041777,0.304224,0.273288,-0.456303,-0.115931,-0.131605,-0.487741,0.013783,-0.099272,0.185665,-0.270352,0.404456,-0.112054,0.048444,0.175641,-0.006919,0.053755,-0.128920,0.057177,0.066190
0.414809,0.221629,0.138498,0.110000,-0.018170,0.048082,-0.080862,0.261930,0.407927,0.087576,0.173206,0.545194,0.003043,0.033067,-0.040486,0.179476,0.049234,0.012332,-0.318002,0.172566
-0.294822,-0.269953,-0.219937,-0.293176,-0.271235,-0.205935,0.340946,0.071157,0.134012,-0.043658,0.351195,0.172443,0.171685,-0.173445,0.247225,-0.175889,-0.141314,-0.019779,-0.158542,-0.313918
0.075114,0.301333,0.233103,0.125497,-0.012561,-0.045928,0.094654,0.292546,0.013485,-0.234450,0.490736,0.130040,0.200801,0.106736,-0.368920,0.204208,-0.175509,0.314453,-0.080108,0.241168
