-0.375007,0.119764,0.454321,0.064933,-0.004832,0.053396,-0.140461,0.140458,0.034619,0.386919,-0.356930,0.115197,-0.372465,0.075287,0.092478,-0.105643,0.221980,0.278372,-0.078477,0.058836
0.246397,0.322818,0.118366,0.207266,-0.005420,0.051273,-0.184432,0.199074,0.012569,0.114540,0.328091,-0.485261,0.221391,0.305485,0.156348,0.353102,0.108234,0.053232,0.072193,-0.184887
-0.275645,-0.023253,-0.092860,0.063244,-0.373597,0.093819,-0.227912,0.381542,0.118498,0.132082,0.350509,0.202068,0.352142,0.169492,-0.443224,-0.030027,0.074538,0.007643,-0.102280,0.060242
0.129271,0.466677,0.068686,-0.056223,-0.229877,0.032549,0.549752,0.131415,0.028047,0.039733,0.231041,0.108150,0.156894,-0.280069,0.070364,-0.103874,0.023182,0.055959,0.436641,0.060516
-0.065745,0.319524,0.050926,0.115209,-0.393235,0.066811,0.080342,0.143993,-0.055051,0.108041,0.460860,0.050898,0.420672,0.127765,-0.079116,0.466079,0.062632,-0.168352,-0.035355,0.107010
0.256736,0.075885,-0.239923,-0.195081,0.336350,-0.105638,0.241349,-0.112040,-0.169510,0.148171,-0.149034,0.299783,-0.081576,0.327264,0.297885,-0.213555,-0.130315,-0.327434,0.319486,-0.021956
0.361834,0.147269,0.249464,0.168268,-0.112112,0.042395,0.331401,-0.231456,0.138120,0.020894,0.393889,-0.030863,0.071922,-0.012660,0.286027,0.310836,0.016125,0.318479,-0.069277,0.336468
0.172132,0.072723,-0.000059,0.158599,0.264420,-0.150346,0.122249,0.074977,-0.269254,0.012811,0.311703,0.038032,0.537972,0.452422,0.096624,0.348409,0.122866,0.011859,0.074344,0.099925
0.272038,-0.304124,-0.265744,-0.234533,0.274217,0.188383,-0.053952,0.148435,-0.261232,0.162527,-0.115105,-0.113856,0.216576,-0.002786,0.361637,0.241718,-0.311739,0.018476,-0.287658,-0.187057
-0.227465,0.254906,0.073053,0.255157,0.234638,-0.260518,-0.226214,-0.150209,0.002221,0.197495,0.284302,0.211600,0.271377,0.190553,-0.285951,-0.082419,0.276968,0.283876,-0.201186,0.235117
-0.193954,0.266849,0.300306,0.111571,0.045419,-0.001340,-0.263045,-0.019251,0.205652,-0.259479,0.237768,0.140333,-0.228491,-0.311276,-0.152901,-0.293034,0.150322,-0.197003,-0.332279,0.317648
0.248897,0.121084,0.000952,-0.375142,0.005639,0.077871,0.029984,-0.365906,-0.359930,0.078321,-0.245411,0.347971,-0.214179,0.427313,0.014194,0.218387,0.060260,0.193753,0.051197,0.068003
0.373624,0.207559,0.203129,-0.144392,-0.163184,0.352582,0.068439,0.068450,-0.126022,0.379213,-0.372527,0.041232,0.137716,0.122314,0.008756,0.115279,0.147071,-0.334197,0.314040,0.124539
-0.246880,0.160327,0.441799,0.132974,-0.331025,-0.454056,0.089169,-0.372984,0.064514,0.095110,0.071210,-0.027831,0.192562,0.130268,0.077648,0.123064,0.065204,0.144952,0.305260,0.157929
-0.301692,-0.266032,-0.020016,-0.210304,-0.125699,-0.120293,0.058441,0.319987,0.045412,0.329018,-0.073517,-0.311588,-0.148757,0.309501,-0.290962,0.087374,0.325267,-0.238281,-0.147830,-0.223726
-0.073788,0.037079,-0.022742,0.056901,0.211648,-0.133487,0.153772,-0.369865,0.330996,0.211743,0.386367,0.017566,0.126066,0.077063,0.123251,0.128918,-0.415578,-0.388236,0.287863,0.049448
