0.140259,0.214301,-0.309929,-0.352707,-0.008125,0.092951,0.036916,-0.153558,0.281042,-0.144156,-0.067909,-0.290654,-0.372334,-0.008919,-0.067155,0.268277,0.351829,0.018217,0.328601,-0.210120
0.395080,0.603831,0.188549,-0.123016,-0.066417,0.229770,-0.113671,0.278204,-0.066032,0.173861,0.314763,0.087613,0.090870,0.035740,0.064498,0.286221,-0.169239,0.074642,0.075380,-0.065120
0.173020,0.560892,0.152749,0.181303,-0.046344,0.036952,0.042562,0.254518,0.227235,0.118422,0.074348,0.108620,0.153776,-0.131050,-0.017618,0.393631,0.070287,-0.313260,0.135124,0.358839
0.309534,0.329524,0.139956,0.135116,0.005810,0.266825,0.110353,0.145777,0.030370,0.107780,0.208163,0.466053,0.161339,0.123197,0.353534,-0.216464,-0.388210,-0.001102,0.117640,0.049257
0.189955,0.332406,-0.198585,-0.023531,0.231942,-0.123593,0.076755,-0.266792,-0.016371,-0.481190,-0.242580,0.005850,0.131215,0.074904,-0.286229,0.332326,0.140507,0.036209,0.068185,0.368378
-0.271818,-0.283500,0.240177,-0.292515,0.049618,0.314565,-0.277213,-0.063205,0.274291,-0.127094,-0.225251,0.231472,0.215347,0.237815,-0.130842,-0.107331,0.305859,0.257640,0.177235,0.040273
0.391949,0.339082,0.249475,-0.002835,0.017604,0.278483,0.348556,-0.406983,-0.009125,0.047565,0.032339,-0.096699,0.223195,-0.029707,0.144095,0.189771,-0.394554,-0.140343,-0.083762,0.039543
0.404186,0.389403,0.201388,0.109042,0.001295,0.183386,0.049574,0.209288,-0.201220,-0.264264,0.083900,0.070399,-0.143429,0.010298,0.330081,0.227734,-0.016235,0.008499,0.056151,0.495335
0.197392,-0.503760,-0.004683,0.037944,-0.013094,0.317341,0.099818,-0.062579,-0.366330,-0.211884,0.063056,0.003809,0.073658,0.354570,0.468685,0.195573,0.025376,-0.023101,-0.014913,0.132290
-0.332328,-0.062973,-0.115382,0.192865,-0.257136,-0.202642,-0.261007,-0.259307,0.260929,0.161622,0.215344,0.181517,0.023135,0.119763,-0.350050,-0.280921,-0.092386,0.285902,0.323164,-0.089266
-0.036141,-0.232000,0.321764,-0.281467,-0.133837,-0.233263,-0.089134,-0.285280,0.353573,0.200055,-0.025720,-0.080649,0.124885,-0.241564,-0.103290,0.274659,0.362787,-0.203855,0.207573,-0.227914
0.161475,0.239942,0.490876,0.063534,0.010252,-0.243698,0.103887,0.093788,-0.357326,0.079010,0.206568,0.211511,0.349932,0.000561,0.162678,-0.186140,-0.376711,-0.186505,-0.103274,0.004184
0.204532,0.517284,0.082007,0.169134,0.150256,-0.212654,0.191134,0.264774,-0.041318,0.047633,0.280870,-0.238934,0.198232,0.118443,0.119912,0.426544,0.047416,0.033200,0.035315,0.294317
0.364522,0.634113,0.196223,0.113105,-0.010095,0.116688,0.337439,0.126576,0.019999,0.023951,0.208181,-0.002650,0.138912,0.002372,-0.132423,0.282915,0.012628,0.197770,-0.022635,-0.262944
-0.083953,-0.171721,-0.244777,0.228686,-0.274490,0.086685,-0.254371,0.301989,-0.254617,0.231244,-0.135101,-0.236039,-0.283062,-0.226250,-0.233189,-0.259877,0.016889,0.250518,-0.072379,0.314182
-0.148101,0.373116,0.059820,-0.094683,-0.392457,0.015857,-0.021056,0.217810,0.361689,0.383765,0.035747,-0.136908,-0.090327,-0.042106,0.045641,0.172697,0.137450,-0.418368,0.299130,0.028104
