-0.460305,-0.308317,0.179703,-0.031917,-0.096988,-0.364646,0.123755,0.150753,-0.048183,-0.226841,0.106751,0.126684,0.116388,0.123519,0.102765,-0.318290,0.227247,-0.000782,-0.238303,0.386015
0.104675,0.122906,-0.362689,0.298665,-0.037750,-0.071107,0.049996,0.078273,-0.040291,0.121031,0.186136,0.192887,0.132127,0.136414,0.278274,0.220726,0.334586,-0.431497,-0.420363,0.113561
-0.178721,0.186987,0.127875,-0.252274,0.052525,-0.231222,0.248061,-0.150153,0.075957,0.303298,0.298853,0.258561,-0.011763,0.304220,0.365028,0.104510,0.360310,0.038161,0.196973,0.227899
0.258260,0.178028,0.201005,0.029426,0.087706,0.078198,0.087508,-0.209548,-0.536900,-0.045621,0.045763,0.070070,0.184617,0.102875,0.203041,0.205591,0.465670,0.160916,-0.323719,0.148053
0.036168,0.159819,0.359107,0.361177,0.023665,-0.333689,-0.250096,-0.361297,0.082394,-0.169420,0.295519,-0.210185,0.050386,0.098897,0.063402,0.172180,0.099055,0.377144,0.122508,0.169431
0.286286,-0.166847,0.096421,0.219773,0.241870,0.114834,0.163472,0.281330,0.253418,-0.259287,0.252863,-0.198643,0.216880,-0.277341,0.266117,0.280429,-0.138284,0.268341,0.095511,-0.215714
0.401971,0.021045,0.375374,0.073309,0.250716,0.083366,-0.535108,0.127068,-0.111673,0.081600,0.355155,0.349490,-0.145089,-0.153216,-0.032683,0.018055,0.033929,0.040537,0.022939,0.052478
0.257337,0.656688,0.200018,0.119431,0.024642,0.053066,0.125311,-0.063527,0.105667,-0.197137,0.164714,0.150058,-0.250295,0.059661,0.120153,0.145309,0.121155,-0.003693,0.390890,-0.237030
0.314698,0.241206,0.170402,0.319177,0.006728,0.123058,-0.041742,0.175147,-0.164559,0.016697,0.255309,-0.118588,0.013813,0.143014,0.022844,0.350310,0.231468,-0.354520,0.396242,-0.278407
0.164001,-0.260540,0.033226,-0.081712,-0.312995,0.100211,0.272050,0.353233,-0.189924,0.283570,-0.306833,0.248963,-0.263883,-0.250810,0.068618,0.189118,-0.154824,0.177983,-0.227834,-0.193563
0.242568,-0.320486,-0.236686,-0.180315,-0.296418,0.119144,-0.190640,-0.305713,0.005696,0.336247,0.324330,0.188095,0.241088,0.188264,0.152808,-0.021420,-0.178899,0.035353,-0.211032,0.263103
0.104099,-0.293148,0.119217,-0.251996,-0.249782,-0.324140,0.343558,0.166178,0.071069,-0.082741,0.341655,0.125296,0.043409,0.132304,0.159836,-0.194259,-0.367468,-0.056032,0.317155,-0.215990
0.079768,0.212999,0.195482,-0.012395,-0.082098,-0.020611,-0.381419,0.046547,0.054171,-0.369812,0.133015,0.201532,0.347019,0.065228,0.437928,-0.022851,0.388885,0.276845,0.018031,0.109115
-0.052219,0.089116,0.170384,0.074451,-0.412874,0.121918,0.270297,0.154273,-0.328285,-0.057711,0.153234,-0.339823,0.556224,0.052785,0.102590,0.164835,0.158233,-0.021970,0.112014,0.185934
0.241790,-0.147802,-0.227898,-0.192168,-0.260753,-0.050414,-0.191708,0.260793,-0.315088,0.140868,0.089116,0.311083,-0.251092,0.321222,0.118512,-0.047870,0.253889,-0.216987,0.284734,-0.237708
0.146348,0.034478,0.390219,-0.070366,0.133515,-0.267615,0.100937,0.366553,-0.115681,0.233259,0.018571,0.148524,0.254206,-0.001631,0.219849,0.169354,0.486822,-0.304362,0.154772,0.027519
