-0.139770,0.303767,0.362276,-0.451170,0.018618,0.088099,-0.190470,-0.274666,-0.101642,0.220396,0.222666,0.287925,0.069423,0.183140,0.116890,0.018945,0.068109,-0.417449,0.097827,-0.036362
0.253505,-0.057282,0.083537,0.399342,0.226660,0.370354,0.158794,0.105676,-0.140642,0.178633,-0.013759,0.302117,0.041553,0.073848,0.257499,0.102891,0.213717,0.126453,0.324671,-0.383118
-0.182586,0.187760,0.157090,-0.039976,-0.410708,0.474945,0.119789,0.271203,-0.179006,0.129341,0.298365,0.101370,-0.013303,0.012758,-0.015527,0.121156,0.409819,0.107197,-0.251557,0.130095
0.397695,0.005730,0.481432,0.060388,0.048129,0.140543,0.062963,0.080235,-0.005336,0.121249,0.204053,0.059841,0.507840,0.046295,0.085132,-0.097023,-0.081489,-0.470247,0.016461,0.095985
0.109557,0.027875,0.096174,0.076499,-0.154464,0.181047,-0.202762,0.081656,0.506640,0.152393,-0.444215,0.145123,-0.177704,0.339880,0.092453,-0.402271,0.104315,0.089292,0.162076,0.082565
0.284253,0.277276,-0.009539,-0.269943,0.233329,-0.229182,0.305521,0.110423,-0.223250,-0.172842,0.240778,0.209419,-0.282634,0.062489,0.285048,0.146056,-0.323660,-0.179901,0.021290,-0.226637
0.062641,0.010777,0.165646,0.064363,0.054348,-0.182839,0.269656,0.100056,0.278500,0.259759,0.435831,0.127347,0.322816,0.273771,0.279421,0.351656,0.267503,0.050964,0.176359,-0.088942
0.115664,-0.057497,0.094770,0.136023,0.033191,0.214596,0.283428,0.035015,0.170358,0.068151,0.414596,0.211999,0.013522,-0.383496,0.343967,0.116572,0.127278,0.040902,0.503709,0.160849
0.315061,0.320558,0.179748,0.102200,-0.047287,-0.179469,0.321561,-0.342457,-0.089284,0.175339,0.185337,0.270361,-0.432656,-0.001071,0.098153,-0.364292,0.003055,-0.013297,0.150672,0.038957
0.130633,-0.293028,0.295242,0.190156,-0.071825,-0.291894,0.115233,0.267108,-0.314497,-0.051872,0.323809,0.187774,0.176745,0.305695,-0.142459,-0.226646,0.207089,-0.262235,0.212091,0.063707
-0.291852,-0.261366,-0.234922,-0.295471,0.305646,0.227983,0.053349,0.133682,-0.223790,0.247171,0.128168,-0.218884,-0.187416,-0.278757,-0.190545,-0.180931,-0.261733,0.175441,0.115400,-0.260613
-0.130132,0.008539,0.156604,0.275856,-0.029383,-0.102843,0.094097,0.037386,0.044164,0.164597,0.283821,0.360713,-0.217644,0.381173,-0.438729,0.159068,0.323909,-0.319032,0.050963,-0.035011
0.101859,-0.142811,0.065066,0.071881,-0.063335,0.332407,0.283889,0.235943,0.119085,-0.166799,0.669509,0.101576,0.224592,0.026227,-0.235030,0.109603,0.253404,0.127496,0.053044,0.082681
-0.193971,0.461955,0.146111,0.335773,0.046952,0.262541,0.216358,0.072892,-0.031416,-0.095295,0.403621,0.068853,0.038078,-0.118312,0.159101,-0.036013,0.055106,0.494377,0.046394,0.149164
0.186449,-0.344012,-0.153910,-0.021355,0.010895,0.321073,-0.275700,0.297216,0.236407,0.233916,-0.225141,0.000752,-0.211339,-0.019677,0.099603,-0.280571,-0.332719,0.275674,0.079035,0.259352
0.373943,0.230721,0.187946,-0.235805,-0.194302,0.113039,0.058802,-0.143052,-0.147500,0.065571,-0.132981,0.146592,0.364509,-0.159099,-0.262618,0.035813,0.419241,-0.043546,0.016653,0.412260
