0.016124,0.094099,0.455832,0.121001,-0.051862,-0.180601,-0.424458,0.407516,0.040747,0.146020,0.158360,-0.258311,0.214756,0.234725,0.126295,-0.216725,-0.123370,0.030801,-0.214426,-0.214132
0.374315,0.099735,-0.325924,-0.120035,0.087357,0.200768,0.164121,0.307148,-0.013049,0.256496,0.027649,0.302040,-0.146448,-0.433481,0.207138,0.026403,0.173487,0.043137,0.243334,0.240859
-0.082625,0.399626,0.056881,0.226693,-0.108713,0.086285,0.116897,0.022877,0.086511,0.390871,0.220041,0.170004,0.193266,0.197057,0.083303,0.041328,0.100425,-0.455723,0.296104,0.342832
0.155733,-0.089499,0.161188,0.123458,0.032269,0.308671,0.276559,0.126846,0.036537,0.153475,-0.159937,0.391907,0.390960,0.097624,0.389681,0.106168,-0.363749,0.186551,0.126204,0.158157
0.103658,0.055540,0.171418,0.081997,0.028744,0.343905,0.076519,-0.028422,0.041967,0.086187,-0.178745,0.029381,0.446592,0.173974,-0.459546,0.424275,-0.271616,0.251807,0.155269,0.010316
0.295125,-0.042401,0.079060,-0.324583,-0.254212,-0.307050,-0.223211,-0.223111,-0.175315,0.120995,0.160928,-0.225232,0.222689,-0.287954,0.101524,0.211659,-0.315305,-0.045467,-0.316984,0.171502
-0.297519,0.110471,0.003692,0.029144,-0.004537,0.065428,0.429205,0.233395,0.407799,0.054565,0.541801,0.118277,-0.020704,0.147865,0.104365,0.262550,0.239797,-0.064170,0.117216,0.033632
0.126558,0.010321,-0.034616,0.177045,-0.356636,0.143686,-0.386847,0.042553,0.078228,0.167792,0.424034,-0.020004,0.039161,0.129127,0.143500,0.079333,-0.365012,-0.118368,0.489942,0.071951
0.068926,0.320366,0.037345,0.149655,0.092560,0.416791,0.060199,-0.256763,0.415071,0.113631,0.388875,0.221725,0.017440,-0.071190,-0.099946,-0.330976,0.159133,-0.000389,-0.043939,0.281510
-0.293592,0.319747,-0.258848,-0.012120,0.257806,0.168473,0.294289,0.016787,-0.237738,-0.201277,0.273045,0.276417,0.226646,0.158862,0.098057,-0.106819,0.237556,0.057594,-0.247619,0.309827
-0.273000,0.321158,-0.164828,0.136995,0.292588,0.319359,-0.124149,-0.024578,-0.263736,0.051774,-0.115386,-0.171272,0.321321,0.328379,0.189220,-0.215504,-0.291729,-0.104139,-0.082934,0.248471
-0.228505,0.386242,0.142554,-0.050047,0.156975,-0.050866,-0.158918,-0.015052,0.166305,0.411375,0.221672,0.112784,0.034124,-0.044310,0.105225,-0.324046,-0.296792,0.023421,-0.339185,-0.376078
0.315877,-0.271427,0.239845,0.197896,0.130923,0.249872,0.029281,-0.080716,0.205310,0.157815,0.343583,-0.133003,-0.055076,0.055760,-0.294192,0.242632,0.131892,0.460609,0.242273,0.017324
-0.022596,0.514111,0.121547,0.103812,-0.335191,0.056777,0.109203,0.300958,0.032052,0.117752,-0.093111,0.072002,0.014146,-0.421648,0.257745,0.082320,0.144931,0.308850,0.219247,-0.217134
-0.054674,0.080944,-0.287634,0.033286,-0.243162,-0.281868,0.367622,-0.110480,-0.036552,-0.213233,0.220651,0.129362,0.308942,-0.198041,0.230721,-0.350715,0.129771,0.230381,-0.218797,0.282446
0.200943,0.232120,0.370950,0.005889,0.252303,-0.011460,0.370595,-0.201846,-0.156678,0.069350,0.204171,0.221621,0.186561,0.093247,0.125228,-0.059488,0.403998,-0.187112,0.379259,0.035917
