0.016845,-0.217754,0.124782,-0.327086,-0.051148,-0.239877,0.252987,0.329689,-0.303444,-0.145385,0.382497,0.041628,0.242043,-0.282187,0.133688,0.239119,0.062636,-0.008125,0.287557,0.188931
0.201060,0.076900,0.135794,0.050735,0.058157,0.147498,0.127436,0.411478,0.142445,0.413703,0.268917,0.488470,0.203796,0.115855,0.015884,-0.307265,0.002169,0.016666,0.100223,0.244233
-0.203707,-0.376015,-0.548348,0.104235,0.015270,0.069320,-0.174551,0.159280,0.260804,0.220356,0.318596,0.026727,0.071418,0.247260,0.117906,0.138185,-0.006165,0.015796,0.247964,0.254729
0.130529,0.016130,0.111974,0.307817,-0.232066,0.411732,0.049151,0.365958,-0.451117,0.044981,0.189691,0.023089,0.057393,-0.193781,0.067527,0.135525,0.337998,0.169489,0.222547,0.131830
-0.395629,-0.296634,0.123303,0.109602,0.186514,0.048019,0.056403,0.332603,0.107130,-0.392114,0.011221,-0.274145,0.036940,-0.194155,-0.137224,0.167552,0.099805,-0.004897,0.276633,-0.405442
-0.023181,-0.342398,0.077108,0.293654,-0.285131,-0.317759,0.046962,-0.112002,-0.010868,-0.039089,-0.264738,0.278207,0.267878,-0.329358,-0.255861,-0.313442,0.188947,-0.026703,-0.200775,0.152400
0.027765,0.220421,0.390805,0.357980,0.055578,-0.037917,0.026878,0.237888,-0.423998,0.083801,0.395804,-0.199064,0.033173,0.055331,0.036556,0.210686,-0.330171,0.057438,0.140377,0.207212
0.161285,-0.248750,0.071868,0.223431,-0.050396,-0.183552,0.021947,0.249225,0.291851,0.115026,-0.366309,-0.347534,0.045923,0.076044,-0.500504,-0.055037,0.141235,-0.001190,0.284709,0.205901
0.267835,0.233122,-0.243076,0.281708,0.016332,0.180759,0.089473,0.301822,0.289716,-0.247807,0.178886,-0.155029,-0.367245,-0.257493,0.032666,0.103436,0.015182,-0.018072,0.151107,-0.407093
0.285652,-0.173237,0.233666,-0.278416,0.182755,-0.217348,-0.226485,-0.067059,0.165817,-0.263992,-0.308861,0.122011,0.258408,-0.237574,-0.188709,0.046586,0.311179,0.224932,-0.301820,-0.113389
0.076816,-0.292304,0.320523,-0.280521,-0.242731,0.148209,0.045505,-0.263129,0.158819,-0.063042,-0.073967,-0.294239,-0.308053,0.282329,-0.316214,0.189726,0.230647,-0.017787,0.285002,0.091976
0.412297,0.002885,-0.204348,0.379468,-0.254008,0.107763,0.280775,0.278454,-0.167761,0.127024,0.173925,-0.194498,-0.000736,0.033191,-0.098589,0.263761,0.255314,0.027855,-0.303583,0.246720
0.067915,-0.156965,0.243093,0.204230,-0.031817,-0.027841,0.203884,-0.106866,-0.019694,0.141793,0.326588,-0.131026,-0.144574,0.042159,-0.112298,0.600992,-0.155059,-0.124979,0.251645,0.413979
-0.381114,0.003341,0.098419,0.122060,0.391194,0.119616,0.046030,-0.275175,0.038484,0.136977,0.302024,0.064120,0.302077,-0.456247,0.074597,0.045384,0.188263,0.275445,0.195796,0.112767
-0.299605,0.148828,0.162412,-0.190434,-0.350179,-0.073472,0.248157,-0.211367,-0.058826,-0.329756,-0.330671,0.311678,-0.076153,-0.115037,0.025364,-0.241861,-0.145891,0.141035,-0.321151,0.223587
0.187190,0.106987,0.092731,0.291284,-0.055574,0.283578,0.005318,0.544417,0.178484,0.364371,0.401696,-0.108243,0.146569,0.213306,0.037997,-0.037093,0.157983,0.125049,0.080081,0.160108
