-0.302329,0.095192,0.187293,0.248362,-0.146270,0.010293,-0.061148,0.034040,-0.313967,-0.075438,0.003007,0.130760,0.023770,0.052775,0.450984,0.441037,0.265223,0.097548,-0.254292,0.330497
0.206084,0.265864,0.379820,0.076171,-0.105413,0.116437,0.137313,-0.018824,0.118034,0.318761,0.156479,0.124091,-0.174681,0.004954,0.163778,-0.156532,0.388736,0.164727,-0.506585,0.143995
0.178560,0.101616,0.251815,-0.016719,0.249622,-0.485360,0.322290,0.048074,0.071399,0.183160,0.500933,0.223560,0.094842,0.113514,0.060976,0.064530,0.232204,0.063471,0.245890,0.047984
0.367578,0.046716,0.273758,0.089820,-0.353087,0.438531,0.060418,0.057521,-0.135198,0.125808,0.234332,0.113934,-0.009886,0.004978,0.048312,0.048124,0.136709,0.535110,0.169093,0.123928
-0.025163,0.115026,0.143731,-0.210313,0.313748,0.227931,0.083790,0.123283,-0.332650,0.195695,0.334125,-0.182910,0.030593,0.022392,-0.259669,0.100123,0.301764,0.298864,0.182702,-0.402413
-0.165118,0.239277,-0.296114,0.245521,-0.235255,0.220759,-0.278933,0.195535,-0.087755,-0.195624,-0.248928,0.213275,-0.219424,-0.199598,-0.162519,0.119553,0.227582,0.273798,-0.282442,0.242396
0.047570,-0.154697,0.119441,-0.084028,0.050465,-0.163300,0.377086,0.294222,0.287547,-0.209616,0.366040,0.000188,-0.046153,-0.349316,0.304920,-0.023644,0.088496,0.042052,0.392657,0.228979
0.294099,-0.016578,0.120637,0.076417,0.054662,0.032487,0.129750,0.058111,-0.457595,0.197283,0.136173,-0.263802,-0.013571,0.481877,0.116850,0.442874,0.224054,0.176686,0.061226,0.069187
0.302144,0.287986,0.314445,0.013262,0.075336,0.041867,0.064958,-0.313596,0.070282,-0.251970,0.243109,0.070637,0.280346,0.063944,-0.100266,0.473928,0.234999,0.088705,0.300940,0.114927
-0.305604,-0.262867,0.023095,0.300036,0.055973,0.317154,-0.316444,0.240633,0.072229,0.001346,-0.058131,0.199982,-0.180922,0.273284,-0.212470,-0.320299,-0.322551,0.146432,-0.218643,0.090346
-0.311775,0.034025,0.122984,0.311132,-0.248436,-0.305068,0.246302,-0.309016,0.204218,0.260679,-0.238660,-0.151174,-0.322384,-0.175408,0.196277,-0.057931,0.141227,0.268528,-0.077414,0.121128
-0.237084,-0.316999,-0.010320,0.084426,0.012830,0.041952,0.223349,0.048433,0.161269,-0.409161,0.220023,-0.418209,0.319717,0.086336,-0.137961,0.280619,0.166689,0.165569,-0.303603,0.101776
0.339892,0.201378,0.303911,0.053482,-0.133046,-0.233820,0.232302,0.039775,0.290140,0.252280,0.287941,-0.339352,0.222607,-0.010304,0.207307,0.088356,0.220390,-0.020337,0.322374,0.146730
-0.040592,0.048121,-0.344624,0.101503,0.015667,0.085509,-0.179539,-0.117488,-0.433253,0.156084,0.174192,0.116396,-0.506189,-0.077488,0.073204,0.091333,-0.267579,-0.417177,0.181631,0.053425
-0.233758,0.046087,-0.026347,-0.292707,-0.074443,0.321406,-0.167116,-0.281540,-0.295990,0.294727,0.214084,0.230470,0.134300,-0.170916,-0.050148,0.293032,-0.145594,0.330731,-0.106208,-0.299851
0.065319,-0.067774,0.094290,-0.023030,-0.100537,-0.130512,0.546192,0.215510,0.225285,-0.114351,0.030211,0.000944,0.315013,0.294744,-0.055348,0.071548,0.196797,-0.544300,0.027951,-0.122479
