0.008776,0.073274,-0.313823,0.072297,-0.204593,0.369754,-0.341010,-0.286897,0.062669,-0.118145,0.215963,-0.043105,-0.115886,0.091983,0.272133,-0.234606,0.157697,0.211732,0.412462,-0.237642
0.161752,0.009546,0.122947,0.144232,-0.575285,0.151976,0.110397,0.214999,0.005021,0.382808,0.144451,0.198299,0.093909,0.215747,0.071005,0.213458,0.376782,-0.072382,0.158900,-0.200460
0.054047,-0.013925,0.325581,0.310389,0.001250,-0.367309,0.211154,0.246943,-0.148378,0.208579,0.100750,0.184038,0.088559,0.031192,-0.222291,-0.030784,0.422801,0.227582,0.384847,0.081713
0.074071,0.063812,-0.379627,0.071291,-0.002957,-0.047545,-0.145474,-0.496431,-0.118697,0.172863,0.219954,0.105386,-0.009324,0.031400,0.126539,0.056733,0.610519,0.122952,0.198022,0.143325
0.083789,0.076650,0.154525,0.358200,0.013834,0.398237,0.433596,-0.249355,-0.377323,-0.010313,-0.259987,0.108447,-0.231636,0.041258,-0.243603,0.127881,0.186895,0.128423,0.129344,0.070100
-0.052929,-0.171862,-0.273811,-0.290663,0.150453,-0.230817,0.124950,-0.196610,0.292579,-0.292891,0.127132,-0.264194,-0.277932,-0.125368,-0.245672,0.270957,-0.105450,-0.273906,0.247980,0.215178
-0.347516,0.215578,0.313539,-0.000982,0.117698,0.196818,0.416553,0.302891,0.205073,0.432009,0.089663,0.193622,0.049495,-0.127938,0.021476,0.027376,-0.294885,0.151263,0.022171,0.109676
0.422935,-0.008472,0.124907,0.204091,0.568176,0.244531,0.003086,0.039721,-0.135358,0.114410,0.269720,0.063753,0.029976,-0.042995,0.036877,-0.331097,0.235885,0.085312,0.075168,-0.298439
-0.222559,-0.344783,0.272704,-0.055559,0.035017,0.002219,0.046585,0.073110,0.242400,-0.085029,0.277727,0.070035,-0.034651,0.217563,0.282757,-0.330049,0.127644,-0.244900,0.309570,0.433412
-0.078401,0.282861,0.102901,0.143343,-0.259404,0.236438,0.232529,-0.247270,0.303325,0.276780,-0.096211,-0.192968,0.275906,-0.128016,-0.309723,0.077734,0.218087,-0.230622,-0.231790,-0.283263
-0.344763,0.020439,0.125464,-0.261152,0.075230,-0.275355,0.383463,-0.068880,0.222665,-0.197386,-0.118940,-0.157571,0.183554,-0.347330,0.028062,-0.288671,-0.107806,-0.301957,-0.212942,-0.222264
0.068055,-0.222401,0.136999,0.363698,-0.025301,0.019870,0.179681,0.432434,-0.008288,-0.199897,0.147428,0.116923,0.042955,-0.045488,0.083639,0.224064,-0.544777,0.160774,0.119987,-0.317751
0.213623,0.250313,-0.330303,0.143327,0.135212,0.276565,0.073853,-0.029008,0.081597,-0.351289,-0.032818,0.159479,0.229211,-0.129538,0.170156,0.046422,0.230492,0.424198,0.391197,0.133771
0.116643,0.003124,0.156958,0.106409,0.308213,0.117954,0.099361,-0.343625,-0.467332,0.152771,-0.166663,0.490476,0.050147,0.184192,0.139428,-0.268412,-0.131091,0.184287,0.092428,0.125978
-0.283470,0.228027,-0.087181,-0.004543,-0.267059,-0.243690,-0.275954,-0.283076,0.196905,0.294073,-0.286161,-0.236132,0.173748,0.089869,-0.096538,-0.255367,0.191769,0.217287,0.302204,-0.148422
0.361511,0.014514,0.235059,0.194552,0.051436,0.075974,0.096744,0.119276,-0.108014,0.071725,0.365650,0.367878,0.278118,0.273610,0.316440,0.225317,-0.208896,-0.073789,0.322514,0.043975
