-0.211543,0.033375,-0.136636,0.029922,-0.040872,0.387690,0.068733,0.405967,-0.294548,-0.415263,0.320003,0.230939,-0.096812,-0.143918,0.020394,0.211200,0.126148,0.120129,-0.083908,0.292637
0.178648,0.009160,0.230238,0.158307,0.092852,-0.482893,0.172970,-0.018433,-0.074114,-0.286872,0.423970,0.364444,0.129503,0.177949,-0.017176,0.165878,0.326829,0.120294,0.043093,0.134588
0.197252,0.322556,0.097952,0.173481,0.030214,-0.103888,0.176451,0.134187,0.273365,0.328726,-0.216895,0.551516,-0.016684,0.082365,0.127073,0.205293,0.185706,0.093159,0.337623,0.000322
0.020353,0.047008,0.344347,0.068584,0.129767,0.247685,0.455261,0.098142,-0.305507,0.072997,0.217010,0.365627,-0.009751,0.080320,0.036362,0.095015,-0.507703,-0.003610,0.157683,-0.006399
0.187402,0.067562,0.180956,0.067712,0.511465,0.054182,0.053876,0.039420,0.142443,-0.301139,0.526216,0.312891,0.018052,0.072404,0.084041,0.205018,0.068869,0.007547,0.121471,0.306594
-0.264912,0.305112,-0.152147,-0.298149,-0.084016,0.352629,0.220194,0.332132,0.146105,-0.301126,-0.289785,0.149859,0.053655,0.041263,-0.167303,0.230829,-0.125668,0.188922,0.275153,0.054586
0.451402,0.080804,-0.133206,0.257169,-0.145029,0.102810,0.163463,0.060822,-0.081281,0.204291,0.103538,0.209625,-0.327175,0.176420,-0.330395,0.317960,0.110186,-0.267765,0.000553,0.329444
0.391882,0.336279,0.001978,0.261371,-0.066871,0.130437,-0.309739,0.060564,-0.053763,0.271898,0.210764,0.330478,0.017167,0.104546,0.124506,-0.525206,0.018718,0.001627,0.100062,-0.023368
0.134971,-0.304642,-0.086085,0.120604,0.271955,0.211567,0.070977,0.043589,0.140750,0.058434,0.428619,0.176514,-0.314004,0.026297,0.270111,0.309892,0.209520,0.258334,-0.322231,0.143227
0.077195,-0.020183,-0.082827,-0.155834,0.009512,-0.356719,-0.269958,0.095606,-0.329824,0.055377,0.369933,0.247743,0.335995,0.037833,0.055077,-0.288968,-0.141169,-0.240003,0.338538,-0.223732
0.273245,0.037655,0.143441,-0.247034,-0.290111,-0.334345,-0.338978,0.013600,-0.259982,-0.275681,-0.132816,-0.103076,-0.243446,-0.171021,-0.228319,0.083454,0.167113,-0.239158,0.023900,0.355130
0.104141,0.038363,0.031653,-0.268189,0.261026,-0.260150,0.016131,0.116712,0.065278,0.138676,0.399314,-0.260139,0.345942,0.066904,0.312157,-0.215677,0.032372,0.195675,0.426200,0.159221
0.343826,0.299764,0.085892,0.034560,-0.073967,0.088071,0.039101,0.239343,-0.100220,0.008217,0.170731,0.369368,0.236892,-0.012896,-0.047227,0.125789,-0.297777,-0.201595,0.006948,0.576126
0.719793,0.015159,0.004936,-0.009250,0.382037,-0.257197,0.357441,0.056318,0.028735,0.026281,0.204054,0.263314,0.027645,0.085651,0.071997,0.060136,0.005236,0.012252,0.086685,0.037931
0.140372,0.002907,-0.244954,0.148928,0.323569,-0.209589,0.280348,-0.311334,0.228021,-0.003316,-0.045898,-0.236885,-0.299574,0.191834,-0.276394,-0.059465,-0.261038,-0.238772,0.236788,0.275744
0.177277,0.357202,0.051393,0.014930,0.256435,0.228543,0.320468,0.173064,0.090304,0.143649,0.233191,0.215359,0.097659,0.365073,0.060513,0.313154,-0.006253,0.338343,0.071297,-0.306244
