-0.244928,-0.011817,0.147463,0.092573,0.022333,-0.127120,0.098325,0.034637,0.030500,-0.396454,0.496253,-0.002937,-0.152357,0.395845,-0.121056,0.279274,0.222765,-0.222961,-0.278601,-0.167749
0.255017,-0.243924,0.060048,0.209621,-0.191204,0.225085,0.263431,-0.305197,0.028233,0.109452,-0.083179,0.222429,-0.044858,-0.464854,-0.009676,0.479409,0.182158,-0.044350,0.157103,0.033608
0.214675,-0.370723,0.187055,0.006366,0.039817,0.217564,0.178813,0.167628,0.076622,-0.135068,0.376018,-0.043417,-0.049305,-0.388749,-0.281325,0.419057,-0.033341,0.067665,0.295967,0.058923
0.237358,0.095318,0.346273,-0.491058,0.022744,-0.283623,0.166552,0.163755,0.051038,0.103730,0.269221,0.205283,0.070964,0.041951,0.040799,0.267160,-0.396439,0.002441,-0.268819,0.027637
0.198311,-0.183819,0.107472,-0.011412,-0.340513,0.227982,0.176513,-0.187400,0.310995,-0.007291,0.374853,0.313925,0.109072,0.097320,0.244236,0.181515,0.181521,0.210262,0.341191,-0.193985
-0.007443,0.261265,0.317744,-0.019584,0.000836,0.300211,-0.092952,0.299059,0.218985,-0.301042,-0.149134,0.293418,0.325851,0.200164,0.131221,-0.132119,0.015630,0.322341,-0.314859,0.104967
0.080981,-0.189899,0.144985,-0.152446,0.260024,0.015900,-0.036725,-0.118079,0.377031,0.266537,0.299710,-0.036170,-0.035461,-0.099513,-0.084644,0.409739,0.341829,0.334718,-0.317934,0.097256
0.191190,0.118849,0.190868,0.089840,-0.059811,0.168935,0.525081,-0.425339,-0.047807,0.211500,0.281550,0.179493,0.000609,-0.244736,0.024350,0.221973,0.144397,0.081800,0.083629,-0.336567
0.182773,-0.194364,0.282764,0.119065,0.138003,-0.227574,0.205395,0.311888,-0.293230,-0.121651,0.480041,-0.248941,-0.286498,-0.066040,-0.016610,0.315124,0.164853,0.027430,0.126951,-0.033587
0.143692,0.247411,0.229561,-0.311898,-0.253606,-0.286347,-0.072655,0.038376,-0.096997,0.332795,-0.086435,0.136281,-0.304937,0.323033,0.207304,0.062546,0.189111,0.280004,0.223143,-0.246400
-0.141239,0.007766,-0.235155,-0.288388,0.211083,-0.200265,0.127875,-0.160416,-0.178694,0.306138,-0.339488,-0.227517,0.257915,-0.263102,0.012374,0.287753,-0.271700,-0.195332,-0.177396,0.244884
0.077345,0.243236,-0.253080,0.093859,0.003827,0.378750,0.045259,0.119758,0.396852,-0.217743,-0.188216,0.190212,-0.159117,-0.348320,0.093043,0.182170,-0.173294,0.293491,0.238804,0.252875
0.280774,-0.029876,0.018547,0.040006,-0.119427,0.097870,0.351266,0.260098,0.261625,-0.121257,0.252277,0.008824,0.160963,0.187508,0.002605,0.336736,0.409705,0.057332,0.117474,0.444031
-0.252222,-0.134490,0.177272,0.012684,-0.029265,-0.289164,-0.345554,0.083529,0.081738,0.561383,0.305992,0.172401,-0.011583,0.130988,0.198201,0.288619,0.158303,0.231520,0.056654,0.094443
-0.293756,-0.313343,0.008206,-0.160905,0.040190,-0.132824,0.002614,-0.254749,0.251957,-0.301002,-0.190835,0.228465,0.324430,-0.289744,-0.199181,0.267308,-0.023186,-0.204921,0.345730,0.017700
0.141697,0.244657,-0.026409,0.165420,-0.186987,0.172440,-0.018034,-0.012986,0.076696,0.373690,0.112551,0.375166,0.247365,0.054339,-0.201089,0.061207,0.416153,-0.333001,0.162101,0.330441
