-0.249232,0.339810,-0.230002,-0.198291,0.108268,-0.227097,0.049758,0.234537,0.277753,0.381697,0.082404,-0.239217,0.362941,0.059767,-0.028188,0.063954,-0.206194,0.185752,0.199543,-0.256008
0.328548,0.009376,0.367998,0.210365,0.161851,-0.079336,-0.071042,-0.020955,-0.018073,0.295669,0.062534,0.210895,-0.117212,0.201378,-0.291631,0.169431,0.278347,0.224250,0.315354,-0.378049
0.173104,0.110948,0.129110,0.079089,0.434986,0.254173,0.116431,-0.160617,-0.113563,0.307435,0.263238,0.191510,-0.408282,0.118806,0.191619,-0.070986,0.270230,0.299310,0.202725,0.044429
0.036934,0.028293,-0.300483,0.081679,0.020331,0.460173,0.020485,0.126687,-0.007033,0.128285,-0.210511,-0.161343,0.045358,0.485741,0.103258,0.046273,-0.434996,-0.325933,0.119583,0.157543
0.475754,-0.127184,0.071291,0.146476,-0.187383,0.066857,-0.332282,0.387355,0.018778,0.102622,0.191227,-0.082978,-0.517385,-0.013605,0.157888,0.065882,0.144224,0.171184,0.138004,-0.101387
-0.141236,0.314421,0.139464,0.304594,0.240547,-0.248927,-0.064068,0.139340,0.268414,0.029846,0.315080,-0.189533,-0.137376,0.241791,0.183117,0.306187,-0.258859,0.082198,-0.297808,0.224522
-0.275086,-0.103257,0.127923,-0.005719,-0.169514,-0.113861,0.096347,0.239256,0.412848,0.391221,0.458852,-0.222198,-0.104253,0.071363,0.261128,0.097013,0.068778,-0.003319,0.097721,0.312695
-0.358079,0.027465,0.107142,0.112132,0.459994,0.047856,0.159611,0.146690,0.062782,0.099058,0.151236,-0.008897,-0.175162,0.599640,0.117470,0.007360,-0.071302,0.088294,0.088319,0.352994
0.081452,0.029169,0.270710,-0.015346,-0.331658,0.334374,0.157546,0.354437,0.064971,0.149111,0.074467,0.020471,0.388559,-0.380130,0.064955,0.275830,-0.281463,0.175820,0.039942,0.163762
0.281296,0.278976,-0.207977,-0.238979,0.175820,0.240113,-0.050679,0.224096,-0.131903,0.257248,-0.199075,0.271457,0.196543,-0.278280,0.208006,0.225328,0.258609,-0.180575,-0.224751,-0.210532
0.260099,0.247012,-0.214949,-0.180406,0.185625,-0.323276,0.083413,-0.263553,0.029576,-0.215874,-0.308653,0.335301,0.173532,-0.312489,0.080800,-0.098195,-0.275028,-0.167877,0.227644,-0.149845
0.081515,-0.164724,0.138200,0.323420,0.262861,-0.095694,-0.213458,-0.160983,-0.450498,-0.150849,0.191895,-0.205985,0.032489,-0.222888,-0.189599,0.202227,0.171968,0.332994,0.341927,0.053683
0.058249,0.003713,0.572250,-0.427563,0.095597,-0.022445,0.068777,-0.009587,0.156688,0.222068,0.201650,0.283452,0.224929,-0.033659,0.148476,0.136847,0.387782,0.113754,0.144289,-0.018533
0.512700,0.054453,0.429233,0.042177,0.021457,-0.257215,0.087274,0.075213,-0.011623,0.225534,0.445865,0.011360,0.093222,0.130249,0.124185,0.162148,0.138569,0.071652,0.343072,0.094511
-0.258421,-0.137493,-0.306187,-0.185183,0.305385,-0.301698,-0.292550,-0.262214,-0.231707,-0.058186,-0.209374,0.238622,0.143123,0.308021,0.279485,0.108699,0.174217,-0.087312,0.166570,0.137070
-0.305005,0.226862,0.363237,0.006691,0.201356,-0.272375,0.045475,-0.055834,-0.160224,0.092001,0.307289,-0.341816,-0.108715,0.186786,0.254483,0.098850,0.433502,0.037389,0.153617,0.155051
