-0.005301,-0.002874,0.132126,0.155562,0.024927,0.176568,-0.157810,0.267302,-0.084691,0.356091,-0.050798,-0.494202,0.042995,0.253227,0.081239,0.105570,0.139241,0.247172,0.117446,-0.520934
0.106777,0.094681,0.141805,0.119602,-0.224075,-0.003574,-0.041265,0.456057,0.078683,0.308609,0.451578,0.033422,0.179189,0.032492,0.178072,0.068574,-0.027988,-0.027590,-0.365508,0.417277
-0.361752,0.000705,0.168773,0.153261,0.039234,-0.362412,0.042023,0.240839,0.054339,0.171678,0.473132,0.087739,0.074463,0.210763,-0.051949,0.261969,-0.223386,-0.248476,0.308117,0.180730
0.371336,0.362378,0.067978,0.129112,0.000822,0.125338,0.255430,0.304124,-0.001544,0.097843,0.382331,0.342193,-0.341423,-0.046152,-0.316441,-0.033214,0.139628,-0.013131,0.059121,0.141792
0.089408,0.465743,0.216609,0.101649,-0.222068,0.110061,0.287292,0.405126,-0.158871,-0.120097,-0.149963,-0.108321,-0.172181,0.087138,0.151332,-0.339517,0.273035,-0.001168,0.146172,0.254033
0.271829,-0.281915,0.283831,0.257182,-0.008148,-0.289613,0.268535,0.295736,-0.213073,0.253808,-0.087444,-0.025816,0.146780,0.061049,-0.282537,0.140643,0.192612,-0.305264,0.172106,-0.231300
0.002005,0.165385,0.040461,0.051989,0.250042,0.102512,0.193952,0.075252,-0.165466,0.223631,-0.359167,-0.247468,0.037318,-0.037065,0.048172,0.459538,-0.151504,0.141561,0.567620,0.053989
0.102196,-0.044210,0.160208,0.037092,0.527779,-0.007261,0.028641,-0.270465,0.111031,0.134195,0.443175,0.093162,0.138267,0.107651,0.038122,0.143376,0.398378,-0.371978,0.098930,0.113968
0.269014,-0.437454,-0.159454,0.076115,-0.000044,-0.199484,0.284199,0.295373,-0.393076,0.167166,0.375238,0.186606,0.051054,0.056976,0.116329,0.129283,0.109545,-0.040164,0.163742,-0.250271
0.283722,-0.187604,0.272143,-0.289767,-0.003024,-0.302699,0.129805,0.125498,-0.283022,-0.189781,0.285954,0.070888,0.331174,-0.113077,-0.148923,-0.157594,-0.313740,-0.246185,-0.049823,-0.261023
-0.094753,-0.174482,0.328244,-0.284158,-0.136081,0.321832,-0.271552,0.245266,-0.060852,-0.139276,-0.270010,-0.221005,-0.286744,-0.228584,0.168599,-0.136398,-0.197887,-0.284519,-0.247302,0.092072
0.243335,-0.010530,-0.411364,0.119829,0.408850,0.142677,0.431102,0.351648,-0.266193,-0.191790,-0.249943,0.208552,0.049259,0.020127,0.043102,-0.005680,-0.107371,0.002424,0.093837,-0.146319
0.161534,0.082730,0.307974,-0.203233,-0.100389,0.244803,0.145929,0.237954,0.279124,0.077372,0.526362,0.321505,0.132697,-0.039545,-0.047911,0.085184,0.042114,-0.132610,0.336166,0.239952
0.109767,0.022568,0.402800,0.059589,0.038271,0.092033,0.024948,0.305108,-0.296409,0.121074,0.477385,0.063328,0.084728,-0.078774,0.046811,0.423590,0.403640,0.107974,-0.118163,-0.004670
-0.267788,0.229882,-0.267313,0.173106,-0.099341,0.219813,0.310716,0.211796,-0.288457,-0.215959,0.143444,-0.151788,-0.346090,0.237194,-0.206307,-0.111775,0.224675,0.080616,0.191104,-0.276366
0.448856,-0.070193,0.375710,0.297654,0.304063,-0.013326,-0.024782,-0.058613,0.031185,0.023476,0.398248,0.029038,-0.112207,-0.020059,-0.055162,-0.149282,0.095440,0.479087,-0.010921,0.170653
