-0.264705,0.262921,0.292172,0.405219,-0.190065,0.027369,0.126822,0.126864,-0.316707,-0.273923,0.245955,0.035261,0.140556,0.052202,0.067610,0.099506,0.118535,0.189987,-0.426784,0.189385
0.302198,0.140988,0.161541,0.336051,0.096643,0.157864,0.011324,0.177228,-0.017712,0.249988,0.591854,0.317728,-0.115765,0.016996,0.175019,-0.174542,-0.030720,0.268121,0.128054,0.076855
0.261315,0.019350,0.145163,0.244525,0.063582,0.088026,-0.030215,0.196470,0.154235,0.280550,0.307391,0.315413,0.508652,0.099359,0.065375,0.020250,-0.337446,0.230765,0.186272,0.166123
0.176136,-0.249719,0.130460,0.077582,0.228051,-0.015164,-0.009173,0.084106,0.040166,0.534274,0.192968,0.090379,-0.043841,0.022665,0.109177,0.098409,0.211566,0.416315,-0.261183,-0.425888
-0.283080,-0.333062,0.201697,0.106099,0.017383,-0.179723,0.117271,-0.126040,0.051613,-0.209572,-0.357951,-0.291562,-0.221573,-0.155642,-0.022986,0.360947,0.210804,0.391691,0.175659,0.046777
0.210690,0.125491,-0.220483,-0.064688,0.300557,0.254756,-0.154692,-0.062179,-0.280860,0.245185,-0.228757,-0.091839,-0.201084,0.255941,-0.223913,0.292748,0.280700,0.175665,-0.306364,0.242864
0.037121,-0.136825,0.114242,0.407864,-0.058159,-0.116639,0.088358,0.292988,-0.145346,0.439881,-0.320110,-0.038804,0.328615,0.257006,0.178491,-0.054115,0.077955,0.314346,0.170918,0.168324
0.090568,0.473950,0.107049,0.030160,0.117703,0.094094,0.103226,0.066959,-0.015213,0.134442,0.150494,0.004059,0.055878,0.186735,0.114222,0.741417,0.126668,0.217518,0.102768,0.036379
0.403258,0.404029,0.190326,-0.247747,-0.012616,0.012057,0.071575,0.096927,-0.040923,-0.048594,0.214836,0.051078,-0.091502,-0.195857,0.340182,0.416185,0.142898,0.170261,-0.342770,0.079703
-0.297212,0.212049,0.243094,0.211757,-0.236746,-0.150801,-0.092537,0.077357,0.304345,-0.216101,0.109549,-0.211917,0.079038,-0.172813,-0.258913,-0.200291,-0.297504,0.355955,-0.264109,0.212044
0.216432,0.189508,0.298347,0.260206,0.281424,-0.335095,-0.084230,0.100256,-0.223508,0.278248,-0.207001,0.324674,0.067664,0.048733,-0.130430,0.230853,0.087359,0.094965,0.279791,-0.322583
-0.179810,0.081594,0.086432,0.382777,0.146276,0.019780,-0.147338,0.034341,0.020052,0.229487,0.116331,0.238412,0.033141,0.432527,0.214844,-0.349510,-0.342840,0.386183,0.112871,0.054752
0.376412,0.108469,0.113954,0.055233,0.110488,0.196823,0.047183,0.025783,0.083180,-0.403689,0.089852,0.194972,0.471092,-0.043039,0.111173,0.228741,0.112063,0.146660,0.407413,0.268679
0.162007,0.019441,0.316275,0.093922,-0.513795,-0.063809,0.144116,0.330423,0.062081,0.277357,0.365189,0.043857,-0.129805,0.077815,0.038463,0.042338,0.046879,0.158504,0.443683,0.009995
-0.202678,-0.001530,-0.180778,0.310539,0.066136,-0.191176,0.184658,-0.104411,-0.282107,0.342312,0.169748,0.285778,0.117410,-0.140228,0.211162,-0.118424,-0.355804,0.249494,-0.220458,0.327304
0.345800,0.276936,0.053314,0.329803,-0.108529,0.248417,0.287412,0.159183,0.071946,-0.191074,0.267763,0.300782,0.250297,0.042642,0.003911,-0.040178,0.402134,0.132915,-0.043558,0.243839
