-0.175432,0.053682,0.422116,-0.174834,0.136294,-0.135318,-0.344974,0.052253,0.174904,0.371468,-0.151343,0.087897,0.302305,0.208519,0.185064,0.241595,0.198540,0.096229,-0.203571,-0.286623
0.180862,-0.008017,0.305992,-0.385929,-0.049242,0.145729,0.152214,0.246157,0.271965,0.434201,0.109223,-0.033188,-0.032389,-0.409082,0.045677,0.028393,0.192791,0.103370,0.344172,0.064062
0.196041,0.306679,0.253413,0.104118,0.000531,0.008712,0.314621,0.192867,0.076732,0.444967,0.237491,0.232633,-0.238521,-0.207037,0.075388,0.075033,-0.253648,0.354168,0.201129,0.022316
0.054190,0.049378,0.127685,0.156048,-0.120912,0.129637,0.532218,0.244777,0.036038,0.137361,-0.098609,0.046306,-0.336711,0.030758,0.067659,0.051218,0.172806,-0.369547,-0.426030,0.279088
-0.206495,-0.434033,0.201865,0.565269,0.044441,0.102094,0.117535,0.067205,0.168910,-0.125689,0.179860,0.124821,0.042600,0.042742,0.249386,0.250450,-0.007677,0.390273,-0.055818,0.040757
-0.037248,-0.224790,0.104966,0.324992,0.277741,0.259072,0.134854,-0.223515,0.276812,0.172729,-0.309430,0.225087,-0.132517,-0.313670,-0.284377,0.064900,-0.050558,-0.245042,-0.173041,0.269432
0.378354,0.213544,0.019458,0.035557,0.091271,-0.110886,0.283906,-0.133874,-0.049351,0.482033,0.455542,0.038912,-0.048270,0.110959,0.092822,-0.035879,0.108924,0.191597,-0.399507,0.117916
0.124102,-0.094779,0.105692,0.167071,0.025733,0.062159,-0.111339,0.125585,0.020168,0.091944,0.491610,0.222662,0.479761,0.071351,0.160034,0.071723,0.245603,0.100774,0.516716,0.015185
0.067932,-0.245141,-0.508753,0.136163,-0.062268,0.235767,-0.158710,0.085362,-0.142917,-0.093564,-0.098722,0.080817,0.006741,0.000357,0.249750,-0.123567,0.349572,0.483705,0.142912,-0.257374
-0.209314,-0.286378,-0.107732,-0.232211,-0.155133,0.207701,0.113987,-0.222808,0.247687,-0.180077,0.217669,-0.261405,-0.285963,-0.211706,0.048362,-0.254126,-0.261995,-0.254415,-0.263754,-0.269940
0.137865,0.080583,0.239377,0.236671,0.241621,0.250583,-0.049372,-0.254325,-0.098934,-0.327560,0.196942,-0.182222,0.064649,0.167302,-0.301747,0.278145,0.312868,-0.296162,-0.114359,-0.290788
0.054242,0.044906,-0.096343,-0.200508,0.019884,-0.425221,-0.034731,0.076444,-0.119307,0.272255,-0.355860,0.113322,-0.214387,0.077949,-0.304621,0.228282,0.428368,0.093100,0.174805,-0.331352
-0.136832,0.011609,0.121474,0.370181,-0.124051,0.177820,0.047294,0.209769,0.168078,0.205028,0.307560,0.296768,0.176612,-0.054587,-0.034250,0.278053,0.141244,0.414125,0.384212,0.177277
0.102910,0.077111,0.147919,-0.145557,0.017131,0.522926,-0.378415,0.138296,0.230532,0.216714,0.190612,-0.355029,-0.090306,0.039148,0.413762,0.015523,0.024703,0.174887,0.171151,-0.014963
0.213451,0.316578,-0.253910,-0.151607,0.195908,0.199647,0.119281,-0.318086,0.301101,-0.318971,-0.028939,-0.290637,0.118959,0.226424,0.311594,-0.060476,0.223083,0.151905,-0.105640,0.212689
0.076484,0.317151,0.314840,0.037748,0.044714,-0.428739,0.160131,0.156600,0.216820,0.062720,-0.000387,0.101586,-0.021683,-0.113605,0.337418,0.175307,0.262888,0.432541,0.022399,0.284791
