-0.255400,-0.038952,-0.180362,0.186172,-0.023583,0.061700,0.060830,-0.338109,0.346286,-0.035927,-0.298393,0.020856,-0.351882,0.011999,-0.231729,0.088119,-0.029892,0.256198,0.311196,0.429187
0.258219,0.381146,0.245993,0.035893,0.148809,0.104456,0.287066,0.121439,0.168286,-0.193180,0.499974,-0.143098,0.101377,0.230412,0.112826,0.040998,-0.142394,-0.074047,-0.395480,-0.003101
0.204959,0.196352,0.120716,-0.283274,-0.228011,0.154933,0.056403,0.360269,0.272256,0.222476,0.359865,-0.003885,-0.047031,-0.109809,0.152233,0.334963,0.135260,0.015167,0.126895,0.422188
0.177409,-0.026845,0.084035,0.090709,-0.019204,0.200001,-0.016519,0.243896,-0.300555,-0.349572,0.295448,0.557551,0.107687,0.395685,0.108933,0.175720,-0.019769,-0.026354,0.049900,-0.164983
0.193588,0.445707,0.293465,0.055716,0.117221,0.134063,0.129479,0.135575,0.070388,0.164568,0.279820,0.337010,-0.190897,0.028699,0.075729,-0.344915,0.004623,-0.249561,-0.167821,0.362546
0.115044,-0.254594,0.241470,-0.012857,0.215354,-0.250245,-0.275981,0.292129,-0.262372,-0.266351,-0.265783,0.297026,0.281657,-0.160397,-0.176675,0.248814,-0.213613,0.163448,-0.006951,-0.154104
0.220867,0.224168,-0.065606,0.186723,-0.155989,-0.302507,0.183248,0.288708,-0.073907,0.064160,0.503586,0.098994,0.263700,-0.100231,0.272681,0.194975,-0.029646,0.227140,0.080193,0.324326
0.465420,0.383728,0.062444,0.095736,0.010455,0.156169,0.092596,-0.431687,-0.010941,0.198746,0.364651,-0.009195,0.034894,-0.269083,-0.202008,0.223832,0.021594,0.002038,-0.147941,0.209962
0.148010,-0.401406,0.195658,0.099470,-0.224990,-0.215308,0.286418,-0.224064,0.011191,0.214496,-0.144803,-0.137300,0.119256,0.060368,0.320704,0.267653,-0.271185,0.315111,0.072328,0.288438
0.254472,0.309625,-0.292317,-0.211591,0.125810,-0.290238,0.298802,0.265080,0.209958,-0.205427,-0.278336,0.280446,-0.124248,0.052585,0.181474,-0.240552,0.007281,-0.269392,-0.098421,-0.125796
-0.208363,-0.117028,0.249798,0.117596,0.141520,-0.328042,-0.274180,0.298211,0.185396,-0.119724,0.017278,-0.210146,-0.156655,0.200519,0.262874,0.122604,0.329113,-0.269482,0.288457,0.262156
-0.186978,0.164082,0.096707,-0.067723,0.000374,0.285453,0.104968,-0.409865,-0.065450,0.117451,0.382127,0.417851,-0.246678,-0.321017,-0.208482,0.069891,-0.181887,-0.078601,0.163249,0.216391
0.492551,0.214510,-0.041134,0.251570,0.166297,-0.242075,0.090725,0.096756,0.296905,0.098639,0.343430,0.026428,0.228367,-0.046778,0.201305,0.329853,-0.048117,-0.109002,-0.053733,0.324464
0.552823,0.108431,0.055427,0.461701,0.180724,0.011296,0.006040,-0.206118,0.047432,0.200653,0.292064,0.058865,0.079566,0.022415,0.104274,0.031973,-0.000390,0.417248,0.255452,0.041491
-0.305982,-0.235430,0.266210,-0.140086,-0.296010,-0.158735,0.003230,0.249088,0.235266,-0.313285,-0.276635,0.310664,-0.207057,-0.038168,0.090571,-0.189877,0.224558,-0.173349,-0.163929,0.251219
0.504380,0.163054,0.042313,-0.091463,0.270117,0.277911,0.032882,0.292406,0.242642,0.155535,0.470009,0.150286,0.116646,-0.052346,0.004938,0.143697,0.214833,0.136040,0.177012,0.111825
