-0.011009,-0.165619,0.255103,0.059486,-0.356063,-0.102547,-0.283391,0.103682,-0.279839,-0.046409,0.185787,0.241123,-0.320799,0.257918,-0.225185,-0.254861,0.173718,-0.195890,0.279598,0.265579
0.207085,0.142461,0.053136,0.131844,0.013674,0.158171,0.217244,-0.050957,-0.175563,0.316270,0.288542,0.066176,0.008850,-0.229899,-0.046873,0.589223,0.376130,0.062316,-0.003408,0.274685
-0.349251,0.068804,0.190055,-0.074838,0.024578,0.247559,0.055015,-0.118264,0.212221,0.406094,-0.341539,0.175882,-0.111201,0.073990,-0.236734,0.472644,-0.194594,-0.088834,-0.042531,0.224254
0.093081,-0.417106,0.156284,0.175307,0.031532,0.285078,0.209617,-0.007480,0.444843,0.511265,0.101297,-0.022607,0.188649,0.039412,-0.267353,0.180998,-0.147697,0.009042,0.028592,-0.042421
0.163389,0.060229,-0.060826,-0.402414,-0.004224,0.136163,-0.439420,-0.009337,0.015041,-0.110652,0.223490,0.254461,0.056933,0.029842,0.130488,0.457300,0.261151,-0.109328,-0.328094,-0.216921
-0.305845,-0.252111,0.168567,-0.171018,-0.304258,0.305826,-0.302429,-0.092437,0.188948,-0.216824,0.336968,0.014848,0.302576,0.161583,-0.208952,0.100380,0.228242,-0.164207,-0.189905,-0.126977
0.225803,0.169671,0.055785,0.367560,-0.038530,0.248202,0.248284,0.048360,-0.038356,0.358611,0.137399,-0.093111,0.003843,-0.108375,-0.281608,0.349962,0.396230,-0.162004,-0.051116,0.312932
0.347781,0.070667,0.154611,0.149483,-0.004173,0.140150,-0.095745,-0.103577,0.286748,0.355165,0.088084,-0.206171,0.437694,0.043325,0.044135,0.317027,0.437643,0.200086,0.007154,0.045770
-0.016466,-0.021624,0.282664,0.190638,0.309549,0.154969,-0.470515,0.150039,0.007618,0.137328,0.119267,0.308607,0.305343,0.040378,-0.097930,0.314543,0.259877,0.017774,-0.090208,-0.333954
0.329431,0.230316,0.143191,0.090540,-0.292812,0.076150,-0.225834,0.371439,0.276576,-0.006701,0.144086,-0.185158,0.080307,-0.308430,-0.193484,0.341311,0.004985,-0.097850,-0.309490,-0.191698
0.380902,0.128207,-0.364749,-0.070012,-0.123716,-0.281366,0.154942,0.134603,-0.282014,-0.286554,-0.005274,0.018554,0.332306,-0.232953,0.201608,0.100066,0.222470,0.335164,-0.096315,-0.124341
-0.007478,-0.010348,0.231325,0.302117,-0.197589,-0.197892,0.003522,-0.015057,-0.167017,-0.361547,0.383781,0.202988,0.133410,0.303353,0.003129,0.162830,-0.279336,0.168599,-0.425321,0.076223
0.478765,0.157421,0.236874,0.162705,-0.231661,-0.274104,0.172025,0.028966,0.101954,0.269421,0.137402,0.241617,-0.011819,-0.111854,0.006304,0.415844,0.309524,-0.151083,-0.120728,0.158510
-0.151103,-0.054364,0.159377,0.259881,0.026514,0.276239,0.194935,-0.071117,0.017272,0.352806,0.099979,0.141033,0.393898,0.085722,-0.009876,0.338759,0.345806,-0.234645,-0.019762,0.392631
-0.112869,-0.214231,0.008828,0.307125,0.234184,-0.357232,-0.202501,-0.219734,0.109174,0.232759,0.319991,0.298905,-0.296098,-0.187052,-0.089964,-0.250868,-0.047963,-0.117233,-0.212167,-0.250263
0.418237,0.000538,0.176794,-0.244291,-0.055196,0.177279,0.317795,0.226173,0.171301,0.379703,0.258752,-0.063790,0.128276,0.138620,0.002782,0.372872,-0.261687,-0.060824,-0.003912,0.236800
