-0.040653,-0.007866,-0.066598,0.007227,-0.035237,-0.012130,0.061393,0.007234,0.021134,0.128363,0.239186,0.874747,-0.111427,-0.095120,0.121789,-0.056863,0.192709,0.099175,-0.042909,0.246836
0.212981,0.019628,0.066487,0.071709,-0.067071,0.904874,0.072697,0.134823,0.167916,-0.027543,0.201988,-0.107094,0.052945,-0.008278,0.080078,-0.028554,0.066934,0.044312,-0.012468,-0.003504
-0.041872,0.029209,-0.017881,0.013649,-0.080114,0.065861,0.024923,0.057971,-0.039276,0.034172,0.968231,0.106116,0.002992,0.083192,0.021045,-0.077917,-0.003158,-0.001600,0.004137,0.131276
-0.039317,0.014769,0.050467,0.153682,-0.004397,0.061935,0.101024,0.105626,0.103511,0.064381,0.066225,-0.069108,0.078291,-0.023775,0.001605,0.935282,0.082355,0.076861,-0.165855,0.034416
0.098680,0.008676,0.010517,0.031147,-0.003940,0.009168,0.009788,0.017652,0.027152,0.010677,0.089334,-0.066498,0.039288,0.057444,0.983901,-0.007238,-0.013158,0.010120,0.042181,-0.018252
0.974856,0.040080,0.044957,0.050687,-0.003108,0.060974,0.085228,0.064105,0.014410,0.016901,0.111569,-0.014663,0.031716,0.015049,0.012111,-0.076400,0.065426,0.035760,0.033513,-0.036103
0.970916,-0.007634,0.009993,0.023281,0.002185,0.012478,0.001230,-0.024980,0.087582,-0.021849,0.159686,-0.103746,0.032569,0.036117,-0.041263,0.033952,-0.037287,0.050518,0.047552,0.001254
-0.072716,-0.026120,-0.039869,0.024360,-0.010200,0.009036,-0.036836,0.024136,0.010973,-0.036924,0.127510,0.066347,-0.024269,-0.012569,0.020071,-0.010332,0.279359,0.021358,-0.000337,0.942244
0.247000,0.026054,0.048920,0.094074,-0.061380,-0.034240,0.411541,0.073373,0.233966,-0.013073,-0.015504,-0.138980,0.009672,0.062622,0.080496,0.786781,0.186713,0.039269,-0.004166,-0.083504
0.036607,0.001761,0.056525,0.048013,-0.013245,0.965464,0.082298,-0.000975,0.129151,-0.044451,0.139990,-0.098108,0.030412,0.026473,-0.003388,0.022834,0.019662,0.043012,0.019803,-0.037693
0.965608,0.039113,0.026335,0.058250,0.014658,0.022316,0.185435,0.038732,0.011766,0.011590,0.056992,-0.055259,-0.011044,0.047167,0.061562,-0.014183,0.048190,0.012944,-0.014775,-0.098821
-0.080624,0.062164,0.035125,0.036257,-0.045905,-0.012418,0.062258,-0.006357,0.035099,0.004838,0.981045,-0.071303,0.039916,0.030865,0.012814,0.072709,0.013221,0.051494,0.021400,0.028960
0.072441,0.014607,0.024639,0.009474,-0.023028,0.028943,0.037792,0.021116,0.257142,-0.026172,0.080676,-0.073641,-0.003471,0.077807,0.947400,-0.028340,-0.026084,0.006710,0.044888,-0.068444
-0.073231,0.027252,0.039964,0.050968,-0.033570,0.010026,0.063924,0.009046,0.031992,-0.004164,0.982876,-0.053742,0.037678,0.042771,0.026808,-0.008425,0.066436,0.059262,0.030099,0.038212
-0.114378,-0.009426,-0.103268,0.002412,0.066319,-0.062851,0.060003,0.096229,-0.043125,0.100451,0.076328,0.043150,0.060607,-0.159452,-0.034766,-0.119458,0.062832,0.099791,-0.103789,0.930622
0.948088,0.013204,0.012031,-0.000688,-0.007081,0.026045,0.042679,0.049609,0.277481,-0.021718,0.016789,-0.046816,-0.026421,0.054946,0.059516,-0.027511,-0.010005,-0.006954,0.022378,-0.084803
0.984349,0.039886,0.028857,0.056244,-0.043549,0.003159,0.019410,0.016841,0.046245,-0.007479,0.073455,-0.052511,0.030416,0.011842,0.047485,0.073685,0.014089,0.039937,0.035726,-0.027148
0.977678,0.023266,0.021845,0.052474,-0.032995,0.009842,0.059754,0.025401,0.043711,-0.003752,0.064704,-0.063484,0.027570,0.017872,0.017248,0.133968,0.024713,0.055076,0.039666,0.017014
0.026191,0.013750,0.017989,0.008329,-0.015675,-0.006903,0.048467,0.007433,0.980098,-0.030858,0.091178,-0.056712,-0.029900,0.062145,0.103770,-0.025403,-0.002606,-0.007769,0.035908,-0.073716
0.975304,0.041452,0.011389,0.057074,-0.004895,0.045631,0.048447,0.013525,0.026983,-0.005928,0.147247,0.050366,0.007249,0.070800,0.011380,0.036121,0.043156,0.027730,0.046114,0.052934
-0.081964,0.017969,-0.058469,0.064805,-0.066424,0.037311,0.038658,0.166794,-0.034933,0.109316,0.098968,0.157595,-0.063008,-0.073335,-0.024189,-0.086742,0.925960,0.056904,-0.026234,0.153739
-0.022293,0.018972,0.086622,0.084100,-0.039728,0.013328,0.023990,0.013509,0.109223,0.018940,0.146583,-0.058008,0.060796,0.015344,0.036946,0.963210,0.074376,0.044935,0.064035,-0.013859
-0.015967,0.010418,0.036208,0.045041,-0.014748,-0.016205,0.057677,-0.006312,0.986348,-0.004708,0.082429,-0.069500,0.017855,0.030630,0.030065,-0.001641,0.043786,0.029693,0.017579,-0.051477
-0.065186,0.031766,0.011801,0.038414,-0.101712,0.068585,0.459540,0.013529,0.002573,-0.022080,0.180642,0.842381,0.021882,0.068958,0.023263,-0.103912,-0.011297,0.003811,0.010125,0.084662
0.974968,-0.021758,0.008242,0.044042,-0.016577,0.004992,0.018394,-0.015686,0.093139,-0.011348,0.061399,-0.110775,0.070112,-0.029052,0.023168,-0.062939,-0.051616,0.082749,-0.028826,-0.025071
0.978402,0.073848,0.044114,0.023023,0.002023,0.032563,0.116065,0.049359,0.010890,0.038496,-0.022710,-0.017091,0.013663,0.022724,0.022434,-0.023567,0.057117,0.041636,-0.014007,0.092014
0.984206,-0.014404,0.036369,0.023472,-0.018975,0.043005,-0.001331,0.012845,0.056128,-0.028318,0.077719,-0.071923,0.048453,0.058422,0.024396,0.053578,-0.035410,0.028021,0.005941,-0.020361
0.976578,0.002669,0.009960,0.048939,0.027097,0.073734,0.046920,0.031271,0.021903,-0.020082,-0.003396,0.048660,-0.026994,0.047479,-0.057351,-0.025494,0.060924,0.010174,0.135781,0.044802
0.035109,0.040776,0.061895,0.037392,-0.057304,-0.012409,0.060786,0.088093,0.124546,-0.032730,0.110910,-0.059464,0.039381,0.042711,0.126447,0.013345,-0.005996,0.044260,0.960366,-0.026871
-0.013945,0.011954,0.036971,0.073275,-0.055278,0.064168,0.017986,0.026914,0.153762,0.028776,0.233669,-0.130975,0.112196,-0.045560,0.056543,-0.063973,0.118769,0.148788,0.910755,-0.028411
0.961913,0.041142,0.030557,0.058116,-0.005637,0.022162,0.192785,0.031597,0.048220,-0.018851,0.103039,-0.088649,-0.013980,0.038936,0.034787,0.012251,0.022104,0.000459,0.031065,-0.065957
0.047002,0.049063,0.034896,0.028568,-0.009232,0.008670,0.066179,0.006949,0.971927,-0.045447,0.150071,-0.081119,-0.018666,0.036427,-0.027537,-0.021960,0.040171,0.011119,0.042477,-0.080590
-0.034887,0.035460,0.020641,0.074723,-0.025841,-0.016350,0.041485,0.011172,0.132102,-0.010209,0.980831,-0.049326,0.029025,0.023116,0.046745,0.027631,-0.003732,0.025415,0.039457,-0.013274
0.982087,0.030642,0.056922,0.060475,-0.005094,0.010600,0.054023,0.049354,0.057847,-0.006453,0.100456,-0.000546,0.006880,0.032686,0.046703,0.004939,0.058090,0.021502,0.018821,0.034423
-0.032355,0.098724,-0.106989,0.071403,-0.099995,0.072266,0.070662,0.104252,-0.042742,0.112872,0.170741,0.864061,-0.085163,-0.090555,0.071617,-0.063135,0.125661,0.100533,-0.103666,0.300077
-0.106945,-0.050533,-0.114305,0.024972,-0.009452,-0.006892,0.070719,0.032606,-0.014398,0.060104,0.116769,-0.009960,-0.047391,-0.112709,0.038314,-0.102841,0.454195,0.052975,-0.053759,0.842367
-0.024110,0.048632,0.060005,0.051762,-0.040152,-0.013084,0.100477,0.107758,0.133742,-0.010574,0.126957,-0.055034,0.045047,0.002035,0.025247,0.071543,0.042473,0.034453,0.958829,0.002145
0.984181,-0.001195,0.075027,0.015566,0.018597,0.049926,0.057288,0.039389,0.057975,-0.014386,0.057524,-0.036712,0.008334,0.059795,0.026831,0.022150,0.061059,0.018419,-0.022409,-0.013909
0.974383,-0.032663,0.008206,0.009334,-0.021537,0.029045,-0.027304,0.006556,0.059083,0.022075,0.149807,-0.085599,0.059682,0.025819,0.034841,0.065631,-0.015212,0.035310,0.047084,-0.008273
-0.050497,-0.025986,-0.021616,0.055464,-0.019176,0.017077,-0.019653,-0.030272,0.029673,-0.020497,0.099029,0.056549,-0.030105,-0.004507,0.041528,-0.000236,0.985288,0.047981,0.032576,-0.012552
-0.160108,0.036219,0.089728,0.056423,-0.007947,0.055196,0.073735,0.058098,0.022566,-0.004127,0.104941,-0.042889,0.025731,0.040980,0.049058,-0.029432,0.072052,0.030700,0.961568,0.012580
-0.065186,0.034063,-0.126697,0.073168,-0.018825,-0.004453,0.875174,0.025546,0.011586,0.138966,0.131084,-0.037280,-0.118673,-0.104902,-0.007812,-0.054666,0.204363,0.133993,-0.095191,0.267008
-0.088511,-0.032946,-0.046573,0.045925,-0.042166,0.054211,0.004687,0.131349,-0.005667,0.002844,0.020936,0.108578,-0.039890,-0.029378,0.031535,-0.044815,0.942590,0.016542,0.013964,0.241124
0.954610,0.012201,0.042584,0.009410,-0.009892,0.000537,0.070551,0.020830,0.225129,-0.036157,0.089603,-0.082261,-0.017409,0.032592,0.020465,-0.016812,0.009780,-0.003455,0.038838,-0.103394
-0.107379,-0.033124,-0.057528,0.018777,-0.009110,-0.016035,-0.044735,-0.007808,-0.002303,-0.026133,0.031887,0.075019,-0.042437,-0.045866,0.011008,-0.046236,0.072940,0.018364,-0.019466,0.980701
-0.021227,0.057777,0.112711,0.088510,-0.012627,0.005952,0.185843,0.036856,0.111701,0.090361,0.049553,-0.004988,0.031794,0.032805,0.060051,0.945448,0.091858,0.051308,-0.013057,0.075199
0.984414,0.002442,0.049936,0.017686,0.003574,0.053048,0.038549,0.040657,0.037832,-0.002069,0.096501,-0.074252,0.019175,0.027867,0.022071,0.025516,0.043291,0.026307,0.021293,-0.024243
-0.107452,-0.053784,-0.058485,0.050985,-0.031136,0.021842,0.038833,0.033801,-0.004496,0.022901,0.004393,0.072173,-0.047075,-0.080900,0.034188,-0.077622,0.976298,0.021973,0.003395,0.008079
-0.092510,0.012921,-0.032729,0.027818,-0.086280,0.073890,0.015905,0.127028,-0.032707,0.058758,0.085230,0.952315,0.007022,-0.004295,-0.013980,-0.091753,0.121293,0.017280,-0.027020,0.130479
0.029502,0.027941,0.051847,0.056803,-0.027681,0.024257,0.067514,0.036920,0.096343,-0.033976,0.981494,-0.068639,0.022490,0.026089,0.036808,-0.005683,0.044625,0.045233,-0.001284,0.008263
0.958699,-0.052385,0.010292,0.012782,-0.014951,0.067099,0.043869,0.000506,0.071785,-0.053707,0.233182,-0.071163,0.018924,0.038764,-0.012077,0.000333,0.023440,0.009072,0.008663,-0.032288
0.234967,0.054770,0.045128,0.071974,-0.057253,-0.027883,0.023528,0.076456,0.114042,0.005907,0.118599,-0.083578,0.062504,0.017203,0.057525,0.039711,0.064377,0.056042,0.934659,0.008136
0.981013,0.022469,0.035772,0.027095,-0.010644,0.018245,0.098826,0.065399,0.058191,-0.026506,0.006579,-0.055806,-0.013334,0.027554,0.021558,-0.037368,-0.001713,0.001732,0.064605,-0.079885
0.973223,-0.028358,0.026483,-0.010504,-0.000756,0.042037,0.014355,-0.019073,0.040695,-0.049453,0.119664,-0.121506,0.040303,0.030885,0.029914,-0.005703,-0.089591,0.048250,0.040173,-0.014962
-0.145418,0.030049,0.047661,0.004808,-0.014612,-0.010850,0.096236,-0.011699,-0.002260,-0.011394,0.972326,-0.058679,0.002074,0.089741,0.004388,0.021667,-0.012763,0.008037,0.088507,-0.017988
0.947692,-0.002229,0.015297,0.018691,-0.002769,-0.014534,0.114750,0.049580,0.259884,-0.021480,0.072158,-0.062106,-0.014467,0.027683,0.050195,-0.012629,0.004774,0.001076,0.007959,-0.068111
0.980555,0.041235,0.044013,0.019689,-0.000514,0.036030,0.053674,0.047708,0.008416,0.009075,0.124241,-0.018568,0.002508,0.051125,0.010717,0.042567,0.054154,0.028546,0.061460,0.005093
0.024892,0.028440,0.011917,0.047162,-0.022475,-0.004871,0.057510,-0.007104,0.052795,0.000193,0.105707,-0.079927,0.017738,0.064623,0.980373,0.003431,0.015046,0.022706,0.063345,-0.039751
0.964139,-0.003107,0.010590,0.035453,0.024342,0.046452,0.052867,0.011307,0.001405,-0.007124,-0.061819,0.048216,-0.021883,0.071676,-0.043471,-0.001716,0.029654,0.005009,0.216482,0.043674
0.983856,0.000068,0.006374,0.006068,-0.021302,0.051875,-0.002541,0.011084,0.012278,0.021569,0.118467,-0.053455,0.040601,0.041670,0.035453,0.039327,-0.001716,0.024090,0.066308,-0.000207
0.007157,0.035440,0.052232,0.065590,-0.036101,0.032053,0.116706,0.028926,0.126575,0.004747,0.166806,-0.094972,0.050174,-0.002821,0.033109,-0.026696,0.092780,0.055711,0.951481,-0.024982
0.965985,-0.028216,0.083025,0.004879,-0.012157,0.041760,0.031913,0.038875,0.008351,-0.015335,0.165044,-0.123992,0.039240,0.040450,0.039673,-0.022110,0.056836,0.040720,0.018348,-0.036817
-0.017223,0.004934,0.038603,0.011449,-0.003683,0.056370,0.037826,0.021380,0.978845,-0.006080,0.105581,-0.100653,0.014591,0.059431,0.046590,0.005649,-0.026535,0.027201,0.062792,-0.046821
-0.070891,-0.035761,-0.046518,0.035113,-0.020773,0.029229,-0.029464,0.079699,0.000510,-0.016345,0.021389,0.003398,-0.033130,-0.036414,0.025150,-0.048624,0.973493,0.008051,0.005623,0.166887
