-0.025384,0.014631,-0.053414,0.043707,0.015894,-0.024352,0.439231,0.083232,-0.032091,0.067198,0.209990,-0.198513,-0.109903,-0.139036,0.196187,0.014420,0.098380,0.089299,-0.076907,0.781638
0.050865,-0.017493,0.069399,0.049086,-0.065735,0.882516,0.021869,0.162462,0.154940,0.028038,0.299125,-0.090593,0.020471,-0.041833,0.194929,-0.022749,-0.011913,0.083482,0.060294,-0.077118
-0.041127,0.019742,-0.018802,0.017266,-0.052086,0.021343,0.952082,0.007200,-0.044644,0.254991,-0.001578,0.093575,0.007979,0.045649,0.035088,-0.022443,0.055149,-0.007249,-0.011025,0.068683
0.937557,-0.071614,0.043555,0.092693,-0.026097,0.016608,-0.003862,0.088678,0.081852,0.020200,0.103283,-0.082033,0.172000,-0.103003,0.095946,-0.077252,0.014859,0.106204,0.071841,0.000356
0.028606,0.055474,0.008726,0.032097,-0.010920,-0.021412,0.002692,0.024650,0.025706,0.061381,0.986188,-0.040091,0.005522,0.099313,0.046622,-0.041860,-0.014114,0.018953,0.024754,-0.014581
0.985062,-0.018344,0.042516,0.045822,-0.004299,0.067669,0.018315,0.044248,0.070215,0.022394,0.078969,0.013819,0.006447,0.009250,0.045995,0.003834,0.023174,0.032508,0.044084,-0.029398
-0.079061,0.012665,0.011343,0.021751,0.007653,0.032194,0.007703,0.010888,0.021451,0.013494,0.990777,-0.043971,0.021461,-0.006682,0.032288,0.017971,0.014366,0.026972,0.067050,-0.014086
-0.109194,-0.047668,-0.027152,0.017794,-0.013470,0.029081,-0.017825,-0.021386,0.024271,-0.011739,0.025225,0.000051,-0.036247,-0.001438,-0.029307,0.243737,0.272893,0.025389,-0.017881,0.919004
0.918908,-0.019188,0.009247,0.097562,-0.051281,-0.041462,0.048703,0.081593,0.236599,0.022323,0.123291,-0.157655,-0.013045,0.016994,0.123642,-0.030774,-0.060860,0.070061,0.051375,-0.088196
0.973287,-0.030323,0.034258,0.001117,-0.054487,-0.010223,-0.007424,-0.022180,0.078847,-0.033257,0.144175,-0.074676,0.017351,-0.019735,0.053747,-0.033524,0.005505,0.039692,0.050590,-0.066660
0.971768,-0.014908,0.022074,0.054134,0.017701,0.027520,0.002249,0.007191,0.102096,-0.025070,0.138375,-0.041209,-0.022941,0.048264,0.090934,-0.025805,-0.014254,0.004981,0.067431,-0.049363
0.971766,0.031182,0.027457,0.055849,-0.041843,-0.026963,-0.028501,0.056699,0.041166,0.014561,0.095873,-0.020138,0.031730,-0.014574,0.075979,0.132357,0.035176,0.047424,0.062358,-0.030523
0.074371,0.056103,0.020724,0.020635,-0.018575,-0.015076,0.017571,0.020328,0.045615,0.052075,0.962886,-0.034074,-0.029591,0.207824,0.048702,-0.044845,-0.042033,0.010118,0.053337,-0.053898
0.973724,0.034595,0.012708,0.050619,-0.014510,-0.032387,-0.001873,0.053246,0.044418,0.040149,0.083928,-0.028431,0.026599,-0.018126,0.105985,0.120353,0.016832,0.050828,0.015582,-0.050418
-0.111766,-0.081493,-0.048861,0.061455,0.095251,-0.092589,0.147246,0.041605,-0.013204,0.182933,-0.036909,0.192704,-0.008536,-0.163747,0.019612,-0.022470,0.081361,0.042691,-0.132129,0.898796
0.057826,0.040268,0.016839,0.028734,-0.008043,-0.002820,0.039759,0.028858,0.255712,-0.003961,0.183222,-0.032368,-0.016118,0.126161,0.931244,-0.040165,-0.037917,-0.006741,0.051213,-0.048020
-0.083228,-0.001634,0.013639,0.079256,-0.039232,0.004455,0.022133,0.069825,0.075492,0.032275,0.185106,0.001327,0.019608,-0.016939,0.076442,0.082874,0.017507,0.040099,0.960433,-0.030695
0.979030,0.020397,-0.004316,0.055307,-0.023129,-0.014906,0.039951,0.045913,0.065133,0.037919,0.096376,0.002511,0.015147,-0.028645,0.032575,0.104713,0.044909,0.036647,0.046112,0.002871
0.102150,0.058990,0.010641,0.030415,-0.014803,-0.025482,0.023618,0.016821,0.021264,0.022579,0.173436,-0.059448,-0.029543,0.121938,0.963566,-0.029685,-0.028623,0.003120,0.027984,-0.045476
0.028366,0.020583,0.009438,0.054096,0.000294,0.011986,0.033638,0.054359,0.031170,0.020277,0.158418,0.026303,0.015120,0.031834,0.015631,0.022808,0.045537,0.021153,0.979186,0.031976
-0.068460,-0.032820,-0.043329,0.138540,-0.007907,-0.032242,0.379059,0.029598,0.008641,0.126302,0.159860,0.796524,-0.061843,-0.118817,0.058157,-0.051980,0.350280,0.045756,-0.035913,0.036928
0.043414,-0.057844,0.024623,0.075932,-0.048814,0.023115,0.005561,0.067761,0.104804,0.059742,0.194900,0.011635,0.029878,-0.035895,0.120452,0.017025,-0.003725,0.065221,0.950803,-0.053941
-0.055728,0.001838,0.010057,0.084182,-0.009278,-0.026213,0.008076,0.048184,0.055870,0.042464,0.076193,-0.062439,-0.003111,0.054819,0.980223,0.044506,-0.012416,0.036660,0.053195,-0.041880
-0.062300,0.015319,0.005230,0.071968,-0.031129,0.047170,0.059783,-0.008108,-0.013942,0.980727,0.072649,0.098093,0.011171,0.050946,0.060373,-0.007797,0.008330,0.015133,0.012718,0.006083
0.573419,-0.033484,0.028235,0.021583,-0.032175,0.041336,-0.032779,-0.007506,0.154424,-0.041558,0.777320,-0.106402,0.087475,-0.016471,0.021232,-0.057270,-0.028510,0.063753,0.054793,-0.065397
0.976508,0.025122,0.036918,0.036173,0.004798,0.047341,0.093674,0.048793,0.045160,0.054624,0.095541,-0.004898,0.031286,-0.034235,0.034639,-0.030069,0.037014,0.036140,-0.072176,0.058254
-0.018110,-0.008038,0.029656,0.018066,-0.030187,0.001179,0.021538,0.016839,0.057740,-0.015853,0.993483,0.014668,0.024932,0.031560,0.005871,-0.019905,-0.000417,0.016840,0.058777,-0.012041
0.979677,-0.001333,0.003566,0.039456,0.023277,0.058039,0.025671,0.071540,0.074109,0.090121,-0.014094,0.054579,-0.017420,0.020059,-0.021147,0.010308,0.036840,0.010698,0.096234,-0.013823
0.008974,0.034089,0.045571,0.038747,-0.047316,-0.000873,0.037949,0.095112,0.093393,0.039290,0.224331,-0.034819,0.023053,0.949696,0.102516,0.026752,-0.034844,0.047556,0.045716,-0.037499
0.918416,-0.124666,0.001487,0.102694,-0.074881,0.015683,-0.086592,0.031560,0.138538,-0.011316,0.182797,-0.077889,0.076551,-0.090304,0.165562,0.020557,-0.032609,0.110542,0.039898,-0.023439
0.947639,-0.014337,0.033747,0.054874,-0.003708,0.021020,0.009551,0.017305,0.181452,-0.026532,0.187422,-0.073638,-0.014039,0.036049,0.118705,-0.020152,-0.040394,0.007816,0.052218,-0.046774
0.120987,0.007922,0.015837,0.057045,-0.004381,0.015958,0.016732,0.017397,0.032206,-0.014147,0.082702,-0.073985,-0.004116,0.045775,0.978734,-0.017538,-0.006844,0.040488,0.058171,-0.044471
0.156279,0.021592,0.020655,0.076661,-0.014434,-0.009256,-0.039214,0.046950,0.081059,0.038670,0.101430,-0.053428,0.034808,0.016838,0.154582,0.010208,-0.015569,0.056988,0.956042,-0.023665
-0.240479,-0.006646,0.048588,0.079878,0.001254,0.006029,0.047751,0.092233,0.112519,0.039397,0.116560,-0.000075,0.016990,0.021114,0.077084,0.037451,0.027927,0.039310,0.937903,0.068513
-0.018566,0.038972,-0.070395,0.141153,-0.016013,-0.014889,0.105941,0.128526,-0.023694,0.093190,0.135593,0.913250,-0.078086,-0.106835,0.209443,0.022310,0.055679,0.076540,-0.106744,0.033926
-0.160954,-0.038393,-0.094068,0.028079,0.017780,0.016457,0.063436,0.035166,0.016382,0.134502,0.007466,0.067322,-0.088221,-0.111955,0.058252,0.219347,0.129538,0.033306,-0.097859,0.913728
0.946907,-0.000459,0.048268,0.059495,-0.035175,-0.047892,-0.004488,0.129801,0.097160,0.030935,0.213151,-0.051647,0.007436,-0.028242,0.090057,0.028812,-0.004973,0.053800,0.072070,-0.026339
0.975551,-0.046782,0.055089,0.008953,0.013624,0.057210,0.019098,0.015047,0.097326,0.014715,0.139881,0.023705,0.009202,0.071016,0.018716,0.030783,0.022643,0.021074,-0.025254,-0.033316
-0.208602,-0.031987,0.006699,0.044539,-0.032735,0.013714,0.015962,0.054126,0.068732,0.053677,0.963826,-0.011454,0.025314,-0.007427,0.037089,0.086723,-0.001605,0.036714,0.018527,-0.031723
-0.080868,-0.046455,-0.014553,0.041675,-0.025260,0.056762,-0.034501,-0.017474,0.045459,-0.030583,0.042615,0.011655,-0.036993,0.036997,-0.008702,0.066355,0.078724,0.053506,0.012816,0.981124
0.980931,-0.025645,0.032808,0.066663,-0.009553,0.022331,0.004390,0.055972,0.070316,0.018906,0.112049,-0.004157,-0.003259,-0.011970,0.019786,0.051287,0.017221,0.008387,0.070576,-0.038179
-0.005602,0.026253,-0.055525,0.117771,0.004137,-0.061780,0.123308,0.087487,-0.023245,0.252413,-0.014463,0.129280,-0.120177,-0.169086,0.052500,-0.030373,0.054260,0.105371,-0.153373,0.888919
-0.105104,-0.049549,-0.045211,0.048139,-0.019965,0.029439,0.031619,-0.002075,0.025438,0.095645,0.130774,0.150820,-0.042477,-0.012114,0.021058,0.076773,0.940172,0.012799,-0.008459,0.194363
0.038731,-0.002677,0.039123,0.029283,-0.002465,0.008849,0.018612,0.006720,0.168474,-0.004589,0.207257,-0.073670,-0.011581,0.040608,0.951724,-0.035108,-0.029449,0.021196,0.056958,-0.074069
-0.136374,-0.042430,-0.040545,0.030882,-0.008066,0.021864,0.042124,-0.017135,0.019441,0.023057,0.024685,0.039041,-0.045318,-0.022608,-0.004191,0.950800,0.248233,0.025626,-0.034404,-0.035882
0.944037,-0.075218,0.058637,0.026011,-0.022636,-0.016910,0.117459,0.094867,0.109976,0.044446,0.144148,-0.026914,0.040429,-0.023467,0.150964,-0.076912,-0.006279,0.078404,0.042461,-0.031205
0.981603,-0.034448,0.035998,0.021911,0.000379,0.048819,-0.009003,0.013702,0.081986,-0.011376,0.141972,-0.009398,0.023686,0.016957,0.000656,0.018887,-0.006474,0.011193,0.028826,-0.039263
-0.153266,-0.065430,-0.058549,0.034315,-0.001065,0.013529,0.063677,-0.027482,0.017411,0.077451,0.113897,0.175178,-0.058650,-0.066729,0.038553,0.039730,-0.071691,0.007165,-0.050584,0.945495
-0.059143,-0.011889,-0.039143,0.091900,-0.024316,0.004611,0.273608,0.025957,-0.003764,0.227316,0.209865,0.099671,-0.022633,-0.042599,0.032044,-0.018321,0.073172,0.017186,-0.045048,0.890619
0.961474,0.008663,0.042691,0.046211,-0.012788,0.018445,-0.016234,0.048539,0.069059,0.034332,0.195580,-0.069519,0.030708,0.002403,0.113612,0.030840,0.003488,0.044799,-0.007314,-0.049986
0.969687,-0.054771,-0.007546,-0.015353,-0.022316,0.072690,-0.018847,-0.012080,0.115225,-0.035716,0.157444,0.000097,0.023131,0.063184,0.007320,0.039574,-0.045176,-0.003025,0.036165,-0.035850
0.206615,0.002181,0.021399,0.132158,-0.045731,0.006084,0.905579,0.148298,0.111632,0.052086,0.223509,-0.053283,0.019861,-0.026385,0.138717,0.038931,-0.006918,0.064863,0.033357,0.001472
0.053725,0.018858,0.011427,0.058408,-0.001673,-0.011089,0.033241,0.036850,0.974322,0.004603,0.107074,-0.061552,-0.013683,0.077561,-0.049608,-0.039118,-0.051960,0.011900,0.094062,-0.064549
0.064763,-0.016790,0.030483,0.006268,-0.015987,0.049805,0.002118,-0.009726,0.040919,-0.072863,0.984993,-0.033997,0.035457,0.043035,-0.061258,-0.053932,-0.032129,0.010225,-0.026111,-0.042205
0.989154,-0.032229,0.007243,0.016993,-0.003508,0.011078,-0.024489,0.013091,0.021492,-0.031003,0.041715,-0.036746,0.007204,0.072425,0.067475,0.028026,-0.023237,-0.001480,0.051301,-0.031056
0.044656,0.012487,0.021702,0.036046,-0.006860,-0.014189,0.027655,0.048869,0.199254,-0.000701,0.183082,-0.037800,0.000691,0.051909,0.954373,-0.040857,-0.031283,0.013701,0.035429,-0.020336
0.977087,0.013704,0.039182,0.019645,0.001607,0.053649,0.039634,0.031180,0.015281,-0.004455,0.158008,0.032238,0.012506,0.010734,0.026018,-0.009897,0.037344,0.007278,0.089695,0.031144
0.929878,0.085873,-0.003778,0.058386,-0.020606,-0.028768,-0.021593,0.013096,0.038587,0.076190,0.269366,-0.051718,-0.001574,0.130822,0.110769,0.006423,-0.033196,0.055045,0.071359,-0.038217
0.983740,-0.012660,-0.004815,0.030918,0.018157,0.019568,0.007881,0.039056,0.014339,0.027501,0.043000,0.050676,-0.011246,0.048215,-0.051110,0.018212,0.027989,-0.009479,0.130528,0.011427
-0.079665,0.003396,0.011009,0.036294,-0.016203,0.028068,0.012665,0.053406,0.041654,0.030649,0.986748,-0.002372,0.008903,0.014406,0.029897,0.075273,0.008697,0.020471,-0.065181,-0.014118
0.953715,-0.069490,0.013215,0.083479,-0.047863,0.009764,-0.047721,0.050307,0.126265,0.013953,0.167544,-0.058311,0.029326,-0.039385,0.110054,0.005145,-0.025141,0.066165,0.058128,-0.026728
0.947489,-0.067128,0.051770,0.021076,-0.014983,0.044928,-0.025551,0.001773,0.118811,-0.025520,0.242523,-0.062382,0.032492,0.028721,0.025861,-0.020272,-0.027158,0.033379,0.056534,-0.079062
0.092248,-0.023359,0.022840,0.019972,0.002739,0.031014,-0.004307,0.016840,-0.011440,-0.008815,0.967788,-0.072520,-0.017935,0.056635,0.197792,-0.023890,-0.019519,0.004690,0.030052,-0.046306
-0.119405,-0.045366,-0.042360,0.015545,-0.012790,0.017234,-0.032117,-0.004027,0.020419,-0.007342,0.067083,0.078638,-0.045628,-0.003942,-0.005179,0.098111,0.209568,0.006975,-0.019213,0.955457
