0.019107,0.062902,-0.112605,0.016068,0.043461,0.001862,0.115718,0.205990,-0.019176,-0.015553,0.041194,0.920917,-0.054560,0.032777,-0.009889,0.133762,0.122004,-0.035042,-0.019662,0.189973
0.126659,-0.010564,-0.045610,0.071794,-0.044842,0.034478,0.017719,0.028946,-0.015309,-0.004475,0.967367,-0.041300,0.011665,0.030111,0.010092,0.125998,0.029442,0.006335,0.126575,0.023493
0.048159,0.051371,0.019832,-0.018109,-0.001502,0.060143,0.030748,0.011928,-0.022367,0.032750,0.058022,0.038892,0.019176,0.979527,0.016268,0.019741,0.101175,-0.025876,0.078817,0.074488
0.187988,-0.013866,-0.034343,0.079276,-0.006656,-0.018900,0.003959,0.005440,0.034217,0.007743,0.971580,-0.017719,-0.005750,0.036834,0.012128,0.074739,0.031099,0.044456,0.020204,0.023893
0.050540,0.004284,0.081558,0.076458,-0.009442,0.004636,-0.000302,-0.000054,-0.002293,0.009274,0.056942,-0.020767,0.013044,0.981247,0.020190,0.092118,-0.018647,0.033046,0.022133,0.084941
0.007943,0.035554,-0.013940,0.046767,0.007653,0.066486,0.005954,0.037672,0.002406,-0.007085,0.990363,-0.009792,0.002226,0.001574,0.024171,-0.004268,0.040523,0.046540,-0.047644,0.051962
0.102063,-0.002455,-0.005211,0.164886,0.012986,0.000694,0.002698,0.015809,0.005499,-0.051504,0.052594,-0.024734,0.026067,-0.059280,0.032319,-0.032872,0.973259,0.025483,0.014239,0.038351
-0.009663,-0.015569,-0.021249,0.170965,-0.007138,0.008657,0.015615,-0.158471,0.025179,-0.001976,-0.031407,-0.019257,-0.008639,0.075595,-0.050690,0.042823,-0.002645,0.246037,0.933275,0.027751
0.152144,0.012838,-0.017587,0.171337,-0.002088,0.027210,0.030116,0.049975,0.015615,-0.913791,0.274978,-0.079801,0.014974,0.015494,0.079263,0.077598,0.024181,0.061340,0.059577,0.070488
0.064639,-0.001803,-0.001953,0.249820,-0.020542,0.110905,-0.006458,-0.025047,0.004003,-0.007632,0.041943,-0.005846,0.003093,0.052539,0.018265,0.054423,0.954826,0.013771,0.001776,-0.013984
-0.037193,0.040382,0.014490,0.022192,-0.009433,-0.012532,0.007930,0.052987,0.019621,0.024872,0.985816,0.047432,0.001067,0.059565,0.021385,0.097194,0.054857,0.024035,0.008266,0.031161
0.206276,-0.001674,0.022343,0.062820,0.005561,0.018181,-0.008562,0.042206,-0.018140,0.016963,-0.045014,-0.039453,0.012344,0.021017,0.031275,0.124355,0.959939,-0.008513,0.007011,0.089134
0.050545,0.005671,0.982540,0.076952,-0.006594,0.027366,-0.014332,-0.026154,-0.021364,0.004205,0.035470,-0.027036,0.004630,0.087844,0.022107,-0.007874,0.027847,0.032990,0.044696,0.099053
0.091304,0.011434,0.001521,0.099377,0.008056,0.036064,0.012992,0.022147,-0.010274,-0.009974,0.976092,-0.019675,0.016612,0.016310,0.050555,0.110406,-0.084298,0.009851,0.020949,0.057915
0.006056,-0.002345,-0.076792,0.015877,0.085471,0.028439,0.093451,0.971276,-0.007575,0.022728,-0.002672,0.082489,-0.059988,-0.007544,-0.083388,0.044199,-0.082900,0.028162,0.040764,-0.065649
0.041320,0.020559,-0.002927,-0.008663,-0.002001,-0.001426,0.010339,0.004988,-0.024019,0.026732,-0.017574,0.001154,0.010722,0.984433,0.049490,0.007543,0.029070,0.041067,0.070041,0.129926
0.111975,0.021436,-0.018402,0.049634,-0.003882,0.015685,0.005973,-0.005942,-0.016840,0.002499,0.979894,-0.049859,0.008177,0.006998,0.030166,0.112487,0.067249,-0.000362,0.028249,0.043593
0.045186,0.004185,0.000184,0.077376,0.034002,-0.005188,0.003358,0.048838,-0.001839,-0.003140,-0.057429,-0.022113,0.010375,0.017931,0.066724,0.093942,0.003946,0.007476,0.013225,0.985201
0.039706,-0.002977,0.017835,0.066009,-0.007514,0.008646,-0.003565,-0.014710,-0.008465,0.010504,0.003277,-0.025638,0.010877,0.980187,0.042211,-0.059373,0.037127,0.036906,0.046160,0.146509
0.975185,0.035206,0.015952,0.076498,0.016319,0.055196,0.027300,0.022114,-0.014174,0.004016,-0.067533,-0.001602,0.033132,-0.015492,0.054006,0.072436,0.051958,0.015333,0.026170,0.138636
-0.009216,0.088760,-0.031931,0.004894,0.023281,0.043340,0.110267,0.069820,-0.024970,0.085450,0.025637,0.093920,-0.043440,-0.001957,0.942785,0.146914,0.058518,-0.054932,0.116281,0.147836
0.066906,0.010026,0.006972,0.105463,-0.007468,0.056126,0.037702,0.040809,-0.019936,0.000895,0.980184,-0.038255,0.018191,0.027588,0.014008,0.071603,0.046083,0.018141,0.020882,0.077668
0.088898,0.004454,0.038603,0.097818,0.002540,-0.004552,0.013015,0.030037,-0.009648,0.035679,0.976128,-0.012776,-0.004858,0.017229,0.050400,-0.011520,0.021694,0.019253,0.046902,0.139753
0.078540,0.021192,0.037237,-0.000333,0.007793,0.080772,0.001829,0.973249,-0.025619,0.019478,0.058520,-0.010111,0.008746,0.006251,0.005078,0.025143,0.082458,-0.003432,0.150929,0.057152
0.131514,-0.013565,-0.048504,0.070608,-0.019832,0.978913,-0.011504,-0.017069,0.032258,-0.005461,0.010422,0.004239,0.023554,0.086832,0.010764,-0.011288,0.021002,0.053606,0.001185,0.056949
0.096777,0.019648,0.041738,0.043519,0.011763,0.019841,0.015317,0.028886,0.000348,0.029740,0.983487,0.011965,0.006928,0.000516,0.044633,0.104430,0.007075,0.029631,0.031185,-0.043464
0.049442,-0.012411,0.018694,0.099009,0.013294,0.024160,-0.008992,0.023673,-0.009978,-0.021049,0.003480,-0.037952,0.018095,0.051221,0.032484,0.091477,0.983642,0.008318,0.009022,0.061455
0.988102,0.002891,0.000810,0.003346,0.020451,-0.018860,0.009187,0.040393,-0.024331,0.013319,0.023255,0.022371,0.025066,0.002286,0.054080,-0.002784,-0.064169,0.042709,0.028419,0.094967
0.122499,0.021080,0.007573,0.066699,-0.015479,0.025966,0.016316,-0.019107,-0.049089,-0.008570,0.971320,-0.052957,-0.010012,0.017100,0.031308,0.106169,0.056814,-0.006106,0.110964,0.039053
0.289894,0.016073,0.934196,0.111658,-0.047438,0.020314,0.029738,0.087639,0.013725,0.034379,-0.013363,-0.023584,-0.004603,0.111202,-0.007071,-0.003938,0.020662,0.064075,-0.011315,0.008253
0.086401,0.025085,-0.007914,0.074132,0.005350,0.049485,0.018520,0.049124,0.015512,0.042523,-0.016712,0.014798,0.018237,0.048749,0.026241,0.087221,0.062500,0.024383,0.978448,0.075503
0.046071,0.029047,0.204138,0.056956,-0.000895,0.029623,-0.012657,0.006691,-0.009069,0.025366,-0.062713,-0.018113,-0.000441,0.112924,0.026449,0.960329,0.019419,0.030624,0.060935,0.073043
0.056352,0.028260,0.022854,0.102052,-0.004188,0.035662,0.000285,0.014283,-0.002769,0.010865,-0.029609,0.012748,0.010162,0.982467,0.040742,0.078570,0.015538,0.007834,0.059211,0.073789
-0.075377,0.019530,0.018213,0.044948,0.009235,0.009706,0.002354,0.055084,-0.009180,-0.011075,0.981201,0.003398,0.000966,-0.011286,0.047714,0.087227,0.052342,0.012161,0.070659,0.086593
0.109907,0.179636,-0.076555,-0.031176,0.048816,0.084241,0.254142,0.094355,0.001936,0.007153,0.089555,0.891716,-0.081285,-0.122263,-0.028355,0.063642,0.054255,-0.020541,-0.030095,0.178702
-0.002523,-0.038389,-0.052903,0.112712,0.011886,0.199832,0.023729,0.274553,0.020046,-0.083109,-0.034310,0.895015,-0.024814,0.060831,-0.048649,0.079711,-0.024742,0.193289,0.078656,-0.016297
0.147432,0.030892,-0.015291,0.074266,0.012876,0.064499,0.044069,0.046436,-0.014210,0.032816,0.009508,-0.010562,0.006721,0.007263,0.061364,0.082112,-0.027349,0.007112,0.066474,0.972539
-0.034083,-0.013422,-0.002088,0.981472,-0.000505,0.008688,-0.016371,0.054394,-0.002020,-0.004249,-0.151131,0.000785,0.011809,0.029057,0.021830,-0.045827,-0.017914,0.015511,-0.034261,0.062492
0.164182,-0.041558,-0.012169,0.137388,0.006199,0.955885,-0.006502,0.033840,-0.020599,-0.038684,-0.079465,-0.057774,0.013939,0.033829,0.004267,0.147044,0.010499,0.009709,0.027889,0.042637
0.002413,0.033529,-0.019481,0.156758,-0.012780,0.013432,0.027015,0.958241,0.021135,0.025710,-0.031247,-0.004479,-0.016894,0.028431,-0.062701,0.029750,-0.025416,0.209259,0.046177,0.005957
0.083075,0.034532,-0.042683,0.058740,-0.001338,0.037855,0.015956,0.072238,-0.009345,-0.008723,0.985544,0.009072,0.005251,0.014643,0.032858,0.023980,0.031835,0.024162,0.055229,0.040482
-0.040395,0.064099,-0.139635,0.007931,0.038114,0.016998,0.947196,0.155391,-0.029389,0.073466,0.053471,0.007767,-0.080267,-0.046057,0.017443,0.072601,0.005937,-0.028529,-0.068395,0.150942
-0.011397,0.039176,-0.023031,0.108306,0.015178,0.004477,0.029246,-0.079737,0.005683,0.008536,-0.025305,0.000820,-0.011500,0.114500,-0.116608,0.082747,0.071851,0.963367,0.097562,0.037694
0.038480,0.012966,0.013730,0.990557,-0.007954,0.043278,-0.000038,0.018810,-0.003930,0.053088,0.008749,-0.013889,0.009637,0.021741,0.038887,0.030917,0.059809,0.033284,0.039379,0.047935
-0.002672,-0.032903,-0.028971,0.115551,-0.004944,0.042039,-0.000256,0.967144,0.015944,-0.028752,-0.057218,-0.020197,-0.011743,0.033531,-0.022959,0.012683,-0.013104,0.201252,0.013068,-0.001462
0.069238,-0.026400,-0.002856,0.082440,0.012944,0.000369,0.018778,-0.006518,0.013821,0.047998,0.985709,-0.000532,0.013465,0.046649,0.068467,-0.036149,0.020467,0.022678,-0.036273,0.049232
-0.054509,0.018954,-0.020400,0.990094,-0.010117,0.040710,-0.010892,0.023211,0.023664,-0.000001,0.075856,-0.001611,0.010883,0.047918,0.006214,0.010655,-0.056929,0.030763,0.006529,0.020891
0.000025,0.010370,-0.027137,0.160886,0.019975,0.025384,0.018023,-0.194650,0.021010,-0.028843,-0.028699,-0.016097,-0.005551,0.170231,0.931102,0.087535,0.053163,0.005673,0.151773,0.046282
0.046076,0.087525,0.010260,0.020149,0.011573,0.062255,0.084927,-0.036714,-0.003287,0.051812,0.070141,0.031757,-0.011716,-0.008889,0.952489,0.072138,0.158141,-0.007250,0.143062,0.101626
0.114359,0.002694,-0.007205,0.117145,0.004133,0.970833,0.027987,0.036362,0.015644,0.022080,0.051780,-0.019455,0.020173,0.014255,0.033021,0.112660,-0.012667,0.019465,0.034535,0.092646
-0.019047,-0.025492,-0.002475,0.163909,0.008108,0.075177,0.000138,0.015256,-0.002140,-0.025766,0.011438,-0.011309,0.009894,0.071095,0.022042,0.972295,0.104413,0.036926,-0.025066,0.036709
0.076076,0.028557,-0.025446,0.118207,-0.005406,0.043323,0.071787,0.016295,-0.002920,0.066827,0.177149,-0.018154,0.017294,0.020355,0.033343,0.145755,0.947660,0.013112,0.062045,0.100573
0.031530,0.027073,-0.001129,0.080275,-0.000551,0.006448,0.017517,0.002663,-0.018614,0.039791,0.979724,0.024718,0.004339,0.024821,0.047414,0.030430,0.035455,0.042833,0.083119,0.123537
0.074560,-0.019318,-0.006078,0.137047,-0.000622,-0.001886,-0.004043,-0.037368,-0.004082,-0.027470,-0.103921,-0.012076,0.018718,-0.004208,0.001058,0.976695,-0.068726,0.031742,-0.009560,0.044615
0.054177,0.019770,0.050247,0.106106,-0.008550,0.048707,-0.012536,0.005545,-0.009053,-0.025489,-0.031659,-0.018301,0.030129,0.059970,0.012467,0.061414,0.981307,0.001294,0.035182,0.074531
0.041195,0.002596,0.009459,0.076424,0.005369,0.003534,0.015533,0.046964,-0.004420,0.043247,0.016296,0.004731,0.011161,-0.003955,0.042943,0.060781,-0.005143,0.044074,0.051179,0.988652
0.986491,0.040464,0.019242,-0.027426,0.007020,0.054190,0.006234,0.035011,-0.010347,-0.011530,-0.034779,-0.005806,0.028100,0.012516,0.048457,0.092047,0.056268,0.003799,0.035642,-0.046095
0.043446,0.011474,0.055011,0.054055,-0.009057,-0.008498,-0.006695,0.012613,-0.002951,0.021707,0.054698,-0.032039,-0.003812,0.037978,0.046307,0.081221,0.987317,0.022845,0.013651,0.038414
-0.044647,0.027210,0.020425,-0.001339,0.019095,0.059598,0.013099,0.047194,-0.026071,-0.003800,0.034402,0.010363,0.043787,0.016382,0.050120,-0.038575,0.983248,0.012244,0.013262,0.123528
0.030761,-0.008292,-0.016825,0.098419,0.016686,0.075943,-0.006859,0.011231,-0.024977,-0.016905,0.975248,-0.051533,0.018832,0.017085,0.006918,0.104481,0.056928,0.010647,0.007804,0.114447
0.132076,0.030623,-0.052504,0.088449,-0.021318,0.029382,0.044629,0.037877,0.009491,0.028603,0.041978,-0.016316,0.002410,0.023615,0.026568,0.978077,0.048446,0.035007,0.007919,0.042644
0.022356,0.010280,0.000185,0.061467,-0.015167,0.061352,0.016763,0.043267,0.012532,0.014726,0.028475,-0.004953,-0.013195,0.061789,0.022455,0.989664,0.058061,0.019517,0.014843,0.018856
0.050340,0.020016,-0.000769,0.089729,-0.009899,0.054513,0.009486,0.005657,-0.008953,0.034042,0.978315,-0.009210,0.016182,0.124944,-0.009529,-0.036839,0.026960,0.027356,0.045034,0.081072
-0.019136,0.020844,-0.025873,0.236479,0.008834,-0.021063,0.015419,0.916683,0.027435,-0.014043,-0.026982,0.001513,-0.000151,0.085224,-0.064008,0.077443,-0.008457,-0.012586,0.284936,0.032909
