0.025575,0.047607,-0.112713,0.019081,0.039334,0.051359,0.236711,0.088240,0.006575,-0.006106,0.065655,0.909550,-0.075183,0.026765,0.017206,0.096887,0.135357,-0.022249,0.030425,0.220320
0.098770,-0.017443,-0.053379,0.069988,-0.058357,0.082553,0.024290,-0.023025,-0.110916,-0.011424,0.945535,-0.068055,0.022165,0.043578,-0.028847,0.170224,0.059203,0.009723,0.108691,0.110177
0.042350,0.047589,0.013336,0.007360,-0.019824,0.075618,-0.043836,0.985814,-0.040581,-0.000097,0.038634,0.070147,-0.003797,0.015687,-0.021047,-0.001198,0.004233,-0.006960,0.076128,0.034956
0.017722,-0.014367,-0.026069,-0.064076,-0.005442,0.013537,0.022495,-0.013216,0.050567,-0.019573,0.988747,0.017678,0.020122,0.073655,-0.042374,-0.037170,0.030623,0.039069,0.012547,0.036029
0.052975,0.006262,0.114017,0.034846,-0.001399,0.013793,0.111232,-0.044660,-0.006023,0.001660,0.059374,-0.017880,0.005685,0.060394,0.017453,0.046014,0.977530,0.007730,0.012575,0.051111
0.982682,-0.009124,-0.005690,0.045563,0.010523,0.019382,-0.003852,0.086282,0.004034,-0.024703,-0.103232,0.006043,-0.012842,0.021438,0.031469,0.016344,0.084070,0.020617,-0.024617,0.053833
0.056318,0.002940,-0.009360,0.063389,0.029042,0.124177,0.086849,-0.006788,-0.005895,-0.068451,0.037158,-0.028188,0.043113,-0.005781,0.019794,0.048176,0.975251,0.038146,-0.011238,-0.068307
0.011346,-0.037487,-0.031696,0.075268,-0.014746,0.061125,-0.008536,0.948594,0.005236,-0.001368,-0.034311,-0.004953,-0.015773,0.030384,0.005197,0.006815,-0.030698,0.278759,0.082482,-0.003076
0.132218,0.012678,0.951327,0.072290,0.008036,0.055008,0.032556,0.021968,0.021887,0.042997,0.115671,-0.047407,0.013099,0.080331,0.032422,0.055423,0.038112,0.059994,0.062003,0.172852
0.130120,-0.008078,-0.025603,0.129272,0.013780,0.055352,-0.023968,-0.017812,0.019179,-0.039431,0.034151,-0.027001,0.005975,0.058923,-0.002229,0.000327,0.971754,0.024800,-0.006499,0.095909
-0.012620,0.027606,0.016999,0.039942,-0.003164,0.034590,0.018505,-0.035148,0.013039,0.011565,0.980772,0.038309,0.000202,0.125775,0.030425,0.106759,-0.017916,0.022596,0.014356,0.039311
0.240560,-0.014276,0.015534,0.009721,0.005154,0.052536,-0.002372,-0.000574,-0.025111,-0.007596,0.949771,-0.049598,0.024667,0.016165,0.019620,0.091686,0.003171,0.001548,-0.027648,0.152144
0.048227,-0.001586,0.049951,0.033131,-0.008759,0.020153,-0.006947,-0.025685,-0.023929,-0.016754,0.049600,-0.044088,-0.000414,0.070370,0.014289,0.007286,0.990340,0.017408,0.035107,0.010649
0.081504,0.009869,0.016895,0.975916,0.009641,0.062651,0.034662,0.012533,-0.013185,-0.026242,-0.063508,-0.039999,0.021406,0.040066,0.036134,0.116765,0.010349,0.010982,-0.012660,0.106300
-0.030941,0.000577,-0.098976,0.026854,0.055235,0.090280,0.088009,0.967421,-0.012809,0.054608,-0.005681,0.089620,-0.023888,-0.032534,0.041504,-0.042095,-0.113840,0.002594,0.033910,-0.056779
0.040972,0.011871,0.981829,-0.027182,0.001267,0.016502,-0.010270,-0.043606,-0.027469,0.001669,0.057986,-0.015999,0.002099,0.118155,0.034340,0.001913,-0.059955,0.003989,0.050925,0.073797
0.034532,0.009590,-0.002717,0.043763,0.002002,0.983031,0.029027,0.007751,0.003016,-0.014864,-0.003135,-0.055969,0.020469,0.020578,0.013199,0.105618,0.071065,0.003171,0.037572,0.086721
0.115642,-0.000826,-0.004503,0.051262,0.022093,0.021183,-0.010940,0.009379,-0.014580,-0.001790,0.978032,-0.036699,0.038123,0.024754,0.035776,0.013010,0.083823,0.010119,-0.028317,0.115235
0.050203,-0.000854,0.973636,0.027255,-0.005357,0.019180,-0.007899,-0.048319,-0.008381,-0.002163,0.000762,-0.035590,-0.000399,0.110489,0.022988,0.025654,0.150809,0.012400,0.035925,0.083968
0.988467,0.025506,0.031354,0.051920,0.006943,0.016068,0.018297,0.025331,-0.011890,-0.022547,-0.002387,0.003773,0.013871,0.013079,0.045175,0.086787,0.033983,0.005164,0.019249,0.071855
0.004333,0.057931,-0.052839,0.023341,0.005353,0.017772,0.104894,0.021843,-0.003046,0.068311,0.035573,0.059611,-0.044331,0.145066,0.949722,0.032468,0.127839,0.020089,0.062333,0.159069
0.979088,-0.009126,0.005510,0.061623,-0.015403,0.035756,0.054100,0.040175,0.014932,-0.018618,0.100002,-0.038330,0.020261,0.045119,-0.009026,0.059730,0.061237,0.010140,0.027382,0.093182
0.024521,-0.000290,0.016363,0.029816,-0.006030,0.019042,0.018892,0.003232,0.000515,0.005855,0.975208,-0.031819,-0.002063,0.137721,0.033482,0.073598,0.098899,0.021675,0.044483,0.087520
0.058541,0.024026,0.017423,0.005895,-0.003140,0.087413,-0.047157,0.982018,-0.040243,0.008288,0.042735,0.031998,0.004736,-0.007414,-0.005782,-0.001339,0.039756,0.000530,0.114235,0.046288
0.178841,-0.025760,0.045933,0.286595,-0.006174,0.066084,-0.000341,-0.125106,0.015962,-0.060127,0.026749,-0.011809,0.030973,0.106026,-0.024465,0.912441,-0.072157,0.042113,-0.067709,0.037573
0.380253,0.013435,0.027891,0.054225,0.010499,-0.001397,0.027092,0.046945,0.000479,0.016766,0.913949,0.008784,-0.005073,-0.017971,0.033943,0.087177,0.022812,0.031020,0.023364,0.040854
0.099301,-0.025755,0.037371,0.081907,0.004493,0.072982,0.030045,-0.019209,-0.011942,-0.012606,0.028488,-0.034221,0.026729,0.005016,0.012350,0.027569,-0.069878,0.011937,-0.002692,0.982743
-0.059380,0.031179,0.022271,0.047217,0.024903,0.047901,0.022305,0.022057,-0.031280,0.007582,0.987405,0.017853,0.010239,0.031614,0.013673,0.044661,0.089542,0.008018,0.000255,0.034438
0.098915,0.013863,0.000370,0.052412,-0.019959,0.059653,0.075399,-0.045659,-0.027120,-0.007079,0.977433,-0.055098,-0.005918,0.023530,0.005503,0.057939,0.066141,-0.010522,0.072556,0.051264
0.188086,-0.006248,-0.001935,0.086607,-0.041962,-0.018631,0.005901,-0.003908,0.016791,-0.000905,0.010017,-0.036038,0.007735,0.106053,-0.056853,0.962312,0.075287,0.077764,0.006763,0.029916
0.062641,0.000029,-0.016814,0.078547,-0.001230,0.049659,-0.009798,0.032667,0.018610,0.024929,-0.068741,-0.004067,0.009030,0.130884,0.009664,0.116643,0.059243,0.013623,0.955771,0.179383
0.062473,0.021157,-0.047764,0.027332,-0.007479,0.034467,-0.030359,0.007997,-0.008398,0.002325,0.023863,-0.030732,-0.008794,0.095046,0.025179,0.009223,0.988361,0.010559,0.044345,0.006028
0.090076,0.023290,0.065315,0.033534,-0.002032,0.042286,0.000367,-0.048857,0.003107,-0.010014,0.095521,-0.011494,0.017646,0.061183,0.037628,0.123494,0.971041,0.008721,-0.001429,0.093205
-0.133204,0.018623,0.022043,0.065179,0.004998,0.045152,0.034978,0.072311,-0.003665,-0.038153,0.969815,0.005951,0.001314,0.029410,0.030991,0.104077,-0.012100,0.013589,0.061288,0.099338
0.092373,0.164730,-0.101016,-0.010733,0.042099,0.095089,0.056056,0.051146,0.006588,0.037552,0.115728,0.923273,-0.102939,-0.119605,-0.010878,0.013768,0.070327,0.002334,0.037872,0.196379
-0.046985,-0.029428,-0.073522,0.056452,0.007250,0.050078,0.024421,0.984328,-0.011085,-0.052900,-0.034775,0.013865,-0.031224,-0.054271,0.028974,0.027677,0.043515,0.040352,0.051590,-0.015619
0.182615,0.005366,-0.004923,0.064409,0.002666,0.051120,0.048883,0.032788,0.006676,0.006655,0.970462,-0.020691,0.022728,0.037526,0.042795,0.042948,0.048455,0.006361,0.019874,0.075280
0.027940,-0.010451,0.006471,0.041241,0.005135,-0.007810,-0.018359,0.045525,-0.002660,-0.012706,0.982498,-0.001664,0.001939,0.056765,0.007754,0.029305,0.138084,0.019722,-0.068986,0.032215
0.040961,-0.036497,0.011018,0.108848,0.001198,0.071483,0.025187,-0.041610,-0.035548,-0.057491,0.975275,-0.059783,0.032242,0.046671,-0.016092,0.085150,0.048312,0.002071,-0.004818,0.071773
0.092338,0.012005,-0.016144,0.091780,-0.025003,0.298940,0.017054,0.937792,0.014194,0.028151,-0.040869,0.004054,-0.020169,-0.029283,0.004362,0.023032,0.051927,-0.012296,0.074336,-0.006551
0.110445,0.035760,-0.007401,0.055527,-0.004504,0.045479,0.031767,0.047436,-0.002283,-0.019160,0.984616,0.008403,0.004676,0.039497,0.029044,0.015814,0.046073,0.018943,0.039237,0.037792
-0.061350,0.093853,-0.136555,0.016454,0.046331,0.077665,0.953678,0.090945,0.001411,0.052954,0.087652,0.029143,-0.078277,-0.040628,0.025014,0.027232,0.096773,-0.011274,-0.031852,0.107560
-0.005707,-0.001871,-0.046398,0.080237,-0.009356,-0.009733,-0.007457,0.980152,0.005403,-0.004454,-0.046065,0.005715,-0.019287,0.108924,0.009928,0.019895,0.008730,0.056935,0.110360,0.002329
0.056745,-0.002557,0.061190,0.964738,-0.008056,0.029476,-0.009508,-0.010892,-0.011855,0.019432,0.029651,-0.031082,0.005409,0.209707,0.025763,0.011852,-0.010431,0.041964,0.028841,0.106262
0.048629,-0.034436,-0.028587,0.038341,-0.011460,0.237827,-0.011072,0.946996,-0.004901,-0.017151,-0.049104,-0.019319,-0.017302,-0.024597,-0.008239,0.007072,0.175165,0.055606,0.037763,-0.034913
0.076180,-0.036468,-0.010393,0.984320,0.019133,0.054768,0.019244,0.033736,0.036537,0.019599,0.009801,0.014811,0.017100,0.056906,0.018869,0.038475,0.030119,0.036087,-0.014904,0.095736
0.047276,-0.004205,-0.000698,0.031407,0.010074,0.043137,-0.001816,0.008986,0.026313,0.025085,-0.173734,-0.009639,0.015284,0.030962,0.025283,0.941264,0.245961,0.039468,-0.035979,0.109352
-0.025292,-0.044125,-0.054747,0.090765,0.000690,-0.066581,-0.003724,0.967071,0.012482,-0.032151,-0.030461,-0.002821,-0.019269,0.093846,-0.030470,0.019614,0.066819,0.039899,0.165946,0.017070
0.044127,0.049685,-0.028921,0.033731,0.004527,0.056205,0.035986,-0.032193,-0.007713,0.035167,0.060553,0.549518,-0.010351,0.800831,-0.066707,0.011898,0.088979,0.031413,0.134024,0.090950
0.223012,-0.002051,-0.006983,0.101006,0.002644,0.072926,0.023096,0.006083,0.019967,-0.023056,0.042998,-0.022292,0.013496,0.064272,0.032372,0.088549,0.051009,0.024236,0.950287,0.106784
0.012185,-0.032016,-0.005525,0.128116,0.010744,0.077467,-0.038236,-0.016736,-0.006273,-0.037982,-0.064172,-0.025866,0.011269,0.085967,-0.015286,0.012436,0.121063,0.028670,-0.048839,0.970817
0.970865,0.010842,-0.026795,0.070021,-0.007478,0.088195,0.060568,-0.001592,0.008787,0.024209,0.105456,-0.019429,0.031597,0.002376,-0.010713,0.082365,0.024505,0.019054,0.055329,0.126841
0.028190,0.013296,0.088540,0.058522,-0.003647,0.012678,0.027159,-0.008494,-0.019563,0.020816,0.026190,-0.001552,0.000734,0.243520,0.041594,0.026234,0.951634,0.018050,0.075246,0.109362
0.089468,-0.030776,0.064558,0.120081,-0.001343,0.137999,-0.003841,-0.074513,-0.004636,-0.046407,0.078721,-0.036924,0.024107,0.083992,-0.000255,0.028764,0.963497,0.017570,-0.030882,-0.007817
0.022685,0.006001,0.015044,0.025449,-0.006748,0.070765,0.021221,-0.009301,-0.001902,-0.041751,-0.026426,-0.031148,0.025212,0.048046,0.026872,0.033313,0.984954,0.000526,0.009546,0.120699
0.063217,-0.008377,-0.000684,0.037091,0.003714,0.028991,-0.006852,0.014911,-0.004736,0.027739,0.046526,-0.024006,0.010905,0.990098,0.032579,0.022118,-0.009923,0.021544,0.020900,0.083291
0.067148,0.054662,0.031791,0.051554,0.010934,0.071659,0.007171,0.021488,-0.009453,-0.008120,0.986710,-0.012684,0.016232,-0.000086,0.039002,-0.051916,0.063422,0.003154,0.022926,0.010761
0.024198,-0.018756,0.030335,0.032052,-0.001338,0.037737,0.990595,-0.025656,0.006665,-0.001218,0.016624,-0.024361,0.009518,0.056256,0.022215,0.031481,0.052953,0.023612,0.021914,0.065229
0.981546,0.021937,0.034694,0.075284,0.010654,0.068346,0.030366,0.036933,-0.029292,-0.013458,-0.099226,0.019010,0.031504,0.024475,0.021293,-0.002172,-0.076064,0.008672,0.004193,0.054495
0.980013,-0.029150,0.022888,0.047811,0.014014,0.055351,0.008532,0.006748,-0.035008,-0.037712,-0.083185,-0.057319,0.010851,0.028055,0.005836,0.115906,0.001148,-0.005235,0.015327,0.071043
0.121213,0.017954,-0.012365,0.040328,-0.012240,0.978995,0.034946,0.008926,0.021189,0.033506,0.071720,-0.012541,0.014017,0.052201,-0.002979,-0.015238,0.045352,0.042779,-0.001142,0.096958
0.064044,-0.010969,-0.012943,0.976990,-0.020046,0.102814,-0.028818,-0.006108,0.011345,-0.006510,0.007511,-0.028416,0.002966,0.058997,0.003791,0.023812,0.146525,0.019217,-0.012273,-0.046544
0.037906,0.013964,0.115866,0.047071,-0.005220,0.071236,0.007931,-0.018020,-0.008866,-0.002516,-0.064871,-0.019403,0.012893,0.178098,-0.009972,0.104057,0.962632,0.015673,0.037758,0.037734
0.048722,-0.037814,-0.028023,0.132959,-0.005040,0.095470,0.005339,-0.155612,0.007107,-0.005312,-0.035696,-0.003407,-0.009918,0.098475,0.002279,0.036695,0.075725,0.954673,0.121180,0.004332
