0.117430,-0.100150,0.066846,0.121059,0.148976,0.002771,0.327227,0.668879,-0.097747,0.030405,0.038766,-0.218568,-0.005842,-0.033778,0.214816,-0.033606,0.028553,-0.076366,-0.173031,0.485374
0.197684,-0.048436,0.055788,0.048757,-0.056103,0.013074,0.024470,0.013064,0.010107,0.098956,0.305127,-0.139087,-0.023613,0.018284,0.283776,-0.128495,0.028211,0.851208,0.058033,-0.002089
-0.056248,0.097801,-0.037315,0.032392,0.076866,0.023344,-0.009623,0.050025,-0.028067,0.171046,-0.073106,0.955477,0.137263,0.041886,-0.011122,-0.019044,-0.017446,0.004639,-0.052320,0.057538
0.931600,-0.090752,0.060315,0.041403,-0.067060,0.034719,-0.009576,-0.042360,0.093467,-0.052979,0.061759,-0.043004,0.135661,0.042715,0.205328,-0.146200,0.038512,0.052567,0.074594,0.012845
0.844195,0.105302,-0.001047,-0.027340,-0.006107,-0.012216,-0.043880,-0.004834,0.017392,0.413604,0.140382,-0.095087,-0.012135,0.029334,0.249956,-0.058089,0.010244,0.023022,-0.038563,0.065273
0.000527,-0.024790,0.014637,0.005537,-0.008936,0.038779,-0.022984,0.031256,0.032430,0.016161,0.981486,-0.002738,-0.046012,0.072071,0.110394,-0.004909,0.081419,0.054645,-0.011284,-0.046377
0.976275,-0.026696,0.009405,-0.016934,-0.037096,0.050314,-0.033316,-0.060350,0.040697,0.082665,-0.036496,-0.094267,0.014078,0.070674,0.100455,0.014440,0.048506,0.014760,0.005998,-0.018250
-0.035837,0.034909,-0.024281,0.008748,0.052231,-0.033032,0.040716,-0.034978,0.017141,-0.034929,-0.004784,0.053735,-0.074137,-0.019025,-0.002295,0.986322,0.034639,-0.005233,-0.036853,0.066534
0.078411,-0.016457,0.033814,0.029354,-0.020248,0.011350,-0.061828,-0.059277,0.044335,0.193393,0.147819,-0.116127,0.023989,0.052280,0.938614,-0.123177,0.011398,0.070881,0.049625,0.043629
0.657245,-0.056271,-0.015122,-0.036157,-0.055636,-0.025164,-0.044476,-0.075685,0.026709,0.013050,0.702289,-0.067521,-0.051570,0.079613,0.146850,-0.030368,0.028958,0.038438,0.136568,-0.028051
0.044203,-0.002900,-0.016934,0.003617,0.011350,0.059293,-0.068057,0.000439,0.052306,0.049114,0.971907,-0.073793,-0.081056,0.058437,0.116567,-0.087812,0.021300,0.034310,0.036634,0.002739
0.096105,-0.012384,-0.009322,0.014985,-0.047419,-0.017285,0.013838,0.061043,0.006965,0.082796,0.084041,-0.013693,0.014940,0.049153,0.105002,-0.013652,0.041275,-0.006847,0.976737,-0.007931
0.001710,0.120119,0.007231,-0.011046,-0.011530,-0.013663,-0.065141,0.004998,0.018874,0.284487,0.072731,-0.064603,-0.035830,0.041257,0.940427,-0.032567,-0.000365,0.036694,-0.013629,0.008507
0.145678,-0.005648,0.003408,-0.005241,-0.031545,-0.012601,0.021204,0.014246,0.013432,0.159285,0.061673,-0.043691,0.016048,0.055960,0.191295,-0.020361,0.037694,0.051245,0.949243,-0.011357
0.234768,-0.108605,0.053586,0.138100,0.032828,0.002581,0.066080,0.089091,0.027100,0.016560,-0.100918,0.852265,0.151819,-0.112969,-0.056450,-0.197945,-0.073951,-0.011592,-0.148656,0.233083
0.035863,0.090679,0.004855,0.000957,-0.009465,0.027299,-0.061320,0.028603,0.025343,0.162861,0.184560,-0.004318,-0.043864,0.075582,0.955057,-0.046977,0.009803,0.024455,0.012990,0.031095
0.120577,-0.018869,-0.012518,-0.005087,-0.032134,0.008325,0.021923,0.093588,0.007053,0.089521,0.148872,-0.052177,0.006456,0.046704,0.099577,-0.039680,0.049723,0.049836,0.960323,-0.027277
0.029231,-0.006356,-0.052661,-0.005526,-0.029468,-0.021503,0.031549,0.047373,0.010520,0.118457,-0.096121,-0.031707,0.026679,0.092481,0.157154,0.031399,0.058020,0.007689,0.963774,-0.010479
0.076055,0.122701,0.025232,-0.025189,-0.013436,0.001652,-0.042711,-0.012144,0.008638,0.958382,0.138410,-0.023461,-0.046586,0.082771,0.128570,-0.065356,-0.008171,0.039641,-0.063572,0.044188
0.982368,-0.010663,-0.003132,0.007112,-0.010310,0.035072,0.022247,0.044215,0.032006,0.055489,0.075712,-0.002145,0.021219,0.070059,0.090887,0.009440,0.073555,0.027670,0.029903,-0.019361
0.067298,0.000972,-0.025261,0.101683,0.110187,0.064160,0.144200,0.062732,-0.020989,0.089568,-0.013282,0.506627,0.009396,-0.015701,-0.004292,-0.167781,0.030952,0.009975,-0.092053,0.800101
0.122428,-0.061767,0.028051,0.038599,-0.020125,0.067133,0.002446,-0.025191,0.059930,0.091374,0.929627,-0.027909,0.015042,0.030710,0.149119,-0.111103,0.015387,0.097182,0.216156,0.065474
0.074698,0.097909,0.021380,-0.005178,-0.021069,0.007333,-0.015668,-0.006312,-0.017882,0.221823,0.063599,-0.070965,-0.054090,0.121220,0.245374,-0.042571,0.006529,0.033689,0.917057,0.056115
-0.037638,0.111332,-0.016382,0.083109,0.075970,0.030893,0.005933,0.048405,-0.013182,-0.029693,-0.068008,0.968013,0.145127,0.035755,0.000061,-0.033779,-0.047776,0.003005,-0.010467,0.036006
0.931497,-0.050511,0.018231,-0.036053,-0.046357,0.021690,-0.092970,-0.088241,0.052249,0.025191,0.199486,-0.117048,0.046126,0.077501,0.172163,-0.101611,0.006546,0.032792,0.051504,-0.018717
0.961885,0.045140,0.016751,0.010831,-0.016779,0.051246,-0.011129,0.073839,0.052619,0.063164,-0.134632,-0.009652,0.030178,0.050517,0.160468,-0.035173,0.080439,0.020537,-0.020080,-0.033692
0.967439,-0.016977,-0.011543,-0.013723,-0.031059,-0.047960,-0.043614,-0.008664,0.042572,0.011707,0.105744,-0.057991,-0.003189,0.086175,0.138968,0.099828,0.048727,0.032506,0.034850,-0.018876
0.066797,0.005572,0.023739,0.004087,-0.002467,0.073106,0.035961,0.057965,0.040489,0.124414,0.963224,-0.002743,-0.002832,0.061344,0.150400,0.005740,0.050610,0.098551,-0.014853,-0.032848
0.135969,-0.000034,0.028682,0.050616,-0.028014,0.034535,-0.042663,0.020273,-0.024214,0.091211,0.081002,-0.032527,-0.016400,0.006826,0.974309,-0.031352,0.061616,0.025702,-0.047130,-0.011803
0.130269,-0.097690,0.022548,0.032493,-0.057978,-0.005363,-0.067598,-0.097136,0.071891,-0.006511,0.952747,-0.079581,0.057484,0.031454,0.083757,-0.129041,-0.041630,0.033703,0.064797,0.015136
0.129681,0.012165,0.001595,-0.006461,0.005334,0.017151,-0.052079,-0.011088,0.046239,0.126544,0.930371,-0.054708,-0.063615,0.045107,0.247487,-0.137406,0.010995,0.071554,0.037507,0.015482
0.094016,0.055466,0.015433,-0.019624,-0.022446,0.015132,-0.042117,0.006463,0.006355,0.054809,0.975547,-0.015905,-0.096862,0.061938,0.097687,-0.066810,0.004542,0.024243,-0.015531,0.042996
0.955682,-0.001421,-0.003265,0.009399,-0.030150,0.004282,-0.025798,0.011170,0.003921,0.074950,0.202820,-0.054833,0.000642,0.031509,0.112852,-0.118135,0.003005,0.020952,0.061359,0.056390
0.966209,0.004707,-0.017620,0.031241,-0.022568,0.068222,-0.000814,0.104273,0.051941,0.028067,0.053209,-0.018051,-0.002589,0.045181,0.155803,-0.011759,0.058856,0.037448,-0.103152,-0.022016
0.155746,0.036308,0.136702,0.240957,0.190337,0.064464,0.221507,0.277456,-0.046100,-0.082421,0.004980,0.724130,0.065956,0.046190,0.114473,-0.092773,-0.098500,-0.056500,-0.176078,0.354748
0.008653,0.025211,-0.015552,0.049406,0.082928,-0.037514,0.070997,0.073454,-0.032175,0.010332,0.039638,0.195955,-0.026984,-0.066576,0.089742,0.946752,0.007773,-0.038293,-0.145649,0.066947
0.136829,0.009352,-0.019219,0.029107,-0.028985,0.038550,-0.024665,0.061936,0.016340,0.136879,0.083602,-0.051687,-0.001373,0.085008,0.194154,-0.061618,0.051187,0.945030,0.007968,0.007286
0.024272,-0.007073,0.005798,-0.003396,-0.015343,0.018543,-0.050479,0.012158,0.061495,0.023900,0.959690,0.004835,-0.042209,0.081270,0.215707,-0.051493,0.069030,0.037958,-0.072793,-0.039839
0.006306,-0.043407,0.013699,-0.036490,-0.042912,0.034038,-0.010460,0.005305,0.015135,0.145664,0.107359,-0.062594,0.028097,0.085796,0.158068,0.012135,0.033821,0.053794,0.958033,-0.037155
-0.082227,0.012417,0.004241,0.010897,0.058900,0.010389,0.030225,-0.012774,0.030153,-0.054924,0.042468,0.037172,-0.071738,0.009433,0.029101,0.984248,0.078400,0.001488,-0.007794,0.012096
0.068028,-0.009776,-0.017856,0.025045,-0.006755,0.068326,-0.026479,0.057523,0.045777,0.033131,0.982371,-0.028190,-0.041399,0.051556,0.064073,0.010723,0.060258,0.016409,-0.015121,-0.062001
0.103542,-0.052570,0.014127,0.167899,0.172000,-0.031247,0.196838,0.085081,0.015003,-0.020676,-0.015696,0.860946,-0.034005,-0.036504,0.073231,-0.028190,-0.088408,-0.105963,-0.148914,0.299314
-0.015581,0.034401,-0.024188,-0.000960,0.078236,-0.008291,0.078274,0.041716,0.008130,0.027740,0.056366,0.387352,-0.039866,0.018166,0.021498,0.859890,0.073917,-0.018042,-0.034130,0.284834
0.100931,0.058041,0.010238,-0.030225,-0.019024,-0.011277,-0.053054,-0.026981,0.026305,0.165262,0.960213,-0.020006,-0.095958,0.060791,0.054703,-0.104536,0.012460,0.041966,0.020206,0.042810
0.088262,0.050546,-0.016870,0.006090,0.076111,-0.040253,0.020063,0.005974,0.008700,-0.052511,-0.044229,0.107640,-0.043127,-0.028721,0.030598,0.976885,-0.022470,-0.007063,-0.073855,0.034239
0.893804,-0.097000,0.089657,0.008425,-0.033788,0.049005,-0.056192,-0.048627,0.146175,0.029532,0.209559,-0.037220,0.029791,0.048659,0.236169,-0.147548,0.000731,0.106912,-0.111826,0.047472
0.092109,-0.019134,0.007800,-0.011193,-0.009570,0.008040,-0.060688,-0.007610,0.039447,0.015280,0.981106,-0.035041,-0.043825,0.042573,0.107415,-0.032488,0.054751,0.027163,-0.009640,-0.036412
-0.006208,0.013229,-0.033646,0.024419,0.075323,0.000801,0.117658,0.019789,-0.005235,0.107656,0.067915,0.125654,-0.033383,-0.041932,0.032649,0.965800,0.063787,-0.021137,-0.065870,-0.023807
0.016935,0.052897,-0.017271,0.107540,0.123727,0.064877,0.104297,0.072291,-0.033265,0.094463,-0.051997,0.956015,0.093698,0.012937,-0.004047,-0.044375,0.011788,-0.002620,-0.081899,0.070329
0.962534,-0.012499,0.013476,0.000742,-0.025861,0.002983,-0.019218,-0.012040,0.022300,0.096875,0.144384,-0.042773,0.001602,0.045376,0.173211,-0.060302,0.030719,0.025912,-0.045950,0.003621
0.034597,-0.032244,-0.042407,-0.036047,-0.028541,-0.016210,-0.066700,-0.052727,0.047948,0.014809,0.969322,-0.048742,-0.039391,0.100422,0.150016,0.041907,0.014826,0.020854,0.072846,-0.004659
0.937905,-0.056322,0.029465,0.079319,-0.031662,0.086996,0.010020,-0.034430,0.037396,0.116778,0.071597,-0.047997,0.001747,0.047528,0.158238,-0.157077,0.021934,0.029317,0.148289,0.048750
0.037885,0.052205,-0.015289,0.007698,-0.011655,0.022930,-0.042014,0.010996,0.011787,0.173976,0.126672,-0.060613,-0.049843,0.062257,0.962382,-0.072931,-0.006114,0.044534,0.049320,-0.023681
0.964225,-0.013673,-0.011206,-0.011356,-0.037241,0.005730,-0.073318,-0.061356,0.057680,-0.018472,0.120992,-0.118989,-0.022070,0.103386,0.080180,0.031036,0.047709,0.023376,0.069314,-0.024681
0.040476,-0.029972,-0.010668,-0.011445,-0.019611,-0.011275,-0.037392,0.006252,0.023302,0.030427,0.992969,-0.015145,-0.049392,0.042955,0.015107,-0.011683,0.035349,-0.000991,-0.040263,0.007985
0.887106,0.063001,0.023868,-0.014593,-0.009522,0.001019,-0.049149,-0.002516,0.027897,0.305707,0.171408,-0.066626,-0.030323,0.096467,0.233014,-0.080360,0.008307,0.028645,-0.007729,0.076128
0.102498,-0.007882,0.019943,0.008987,-0.003977,0.029210,-0.016619,0.050965,0.024253,0.004015,0.981040,0.023179,-0.018426,0.086517,0.048622,-0.004284,0.066938,0.004539,-0.083105,0.003878
0.031992,0.096888,-0.006371,-0.027652,-0.009614,-0.026481,-0.033539,-0.014101,-0.025764,0.426144,0.140895,-0.064418,-0.038633,0.029082,0.298714,-0.052770,-0.011331,0.031874,0.825896,0.052930
0.003585,-0.011597,-0.038354,0.014679,0.001115,0.051816,0.021970,0.039429,0.033875,0.024679,0.991644,-0.013368,0.007759,0.063369,0.038568,0.004916,0.030998,0.030572,0.013218,0.022182
-0.004375,-0.004990,0.011357,-0.022201,-0.024892,0.002018,-0.018998,0.033666,0.022003,0.117677,0.067078,-0.048679,0.006409,0.085322,0.153348,0.044908,0.053204,0.043389,0.967025,-0.057544
0.152403,-0.051727,-0.000021,0.011718,-0.017184,0.035350,-0.038726,-0.037652,0.064802,0.044474,0.959638,-0.073594,0.001709,0.054820,0.119234,-0.121041,-0.020974,0.028389,0.054780,0.029626
0.095030,-0.028138,-0.007323,-0.021386,-0.023765,-0.015259,-0.045832,-0.003114,0.049498,0.016345,0.965747,-0.073826,-0.050204,0.016495,0.174364,-0.064522,0.042845,0.042290,0.031954,-0.062618
0.025822,0.028967,-0.005254,-0.017729,0.003938,0.035337,-0.077449,-0.000557,0.023420,0.136354,0.967008,-0.080052,-0.065584,0.044392,0.126556,-0.051386,0.020742,0.023690,-0.020181,0.062522
-0.049699,0.013856,-0.027953,-0.010256,0.060456,-0.028820,0.051434,-0.000163,0.000661,-0.022941,0.043890,0.070990,-0.059038,-0.007544,0.014288,0.981064,0.079421,-0.025779,-0.049546,0.078535
