0.005949,-0.021476,-0.083069,0.007642,-0.014692,0.058562,0.106065,0.038893,0.065085,0.109180,0.204092,0.912463,-0.132081,-0.046900,0.044437,-0.043297,0.201394,0.076486,-0.065388,0.107509
0.138301,0.035996,0.034775,0.026640,-0.088653,0.049653,0.036136,-0.031180,0.119305,-0.049221,0.097198,-0.087606,0.072145,0.011975,-0.001989,-0.037098,0.145054,0.036830,0.948186,0.055631
-0.065715,0.038249,-0.033714,-0.000654,-0.050866,0.034332,-0.089151,0.153165,-0.038322,0.038449,0.030199,0.894093,-0.006377,0.007745,-0.021237,-0.051818,0.382337,0.008345,0.020732,0.068771
0.015110,0.008279,0.007383,0.202545,-0.001766,0.076751,0.032920,-0.003472,0.060027,-0.012152,0.132137,-0.042909,0.051675,0.048146,-0.058387,0.955235,0.053380,0.052395,0.042892,0.016643
0.016049,-0.014427,0.037384,0.047835,-0.004349,0.027792,0.035659,-0.034603,0.990194,-0.019626,0.069641,-0.029961,-0.002330,0.022515,0.028166,-0.006282,0.030091,0.006220,0.055784,-0.023876
-0.084179,0.035600,0.051065,0.046115,0.003838,0.145533,0.076462,0.056592,0.026746,-0.019686,-0.025676,-0.042905,0.008037,0.021880,0.032957,0.970085,0.052118,0.047711,0.067097,0.029628
0.979840,0.006352,0.015847,0.023113,0.010628,0.073894,0.078758,-0.082179,0.045998,-0.077565,-0.018745,-0.034130,0.027629,0.024830,-0.000722,0.018951,0.007649,0.063304,0.020291,0.068501
-0.028690,-0.031355,-0.032460,0.013860,-0.013774,0.038559,-0.012452,0.082140,-0.002356,-0.001316,0.028782,-0.049396,-0.010420,-0.015801,0.043787,-0.010508,0.991123,0.015298,0.012241,0.000115
0.258772,0.008865,0.906340,0.060507,-0.042989,0.036129,0.073316,-0.027995,0.108048,-0.022095,0.069981,-0.119928,0.034328,0.115568,0.018722,-0.050200,0.213726,0.024284,0.056357,-0.015542
0.154528,-0.023343,0.029806,0.010139,-0.019072,0.035820,0.028449,-0.015515,0.050108,-0.058355,0.974093,-0.080834,0.037540,0.045513,0.008486,-0.028540,0.031974,0.028894,-0.021150,0.062523
-0.125061,0.058148,0.032488,0.005957,0.016587,0.102219,0.081081,-0.002447,-0.006215,0.000862,-0.059619,-0.016656,0.001958,0.048128,0.056050,-0.062618,0.972936,0.020036,0.048095,-0.003290
0.982344,0.021067,0.026797,-0.002072,-0.025126,0.039836,0.038265,-0.014398,0.013617,-0.031481,0.081492,-0.095150,0.046368,0.032390,0.037249,0.080545,-0.014405,0.019155,-0.010025,0.036391
0.940971,-0.018295,0.029901,0.015804,-0.014666,0.013200,0.011233,-0.002436,0.306635,-0.034473,-0.006302,-0.067192,-0.017881,0.042579,0.027530,-0.040594,0.034338,-0.000726,0.049142,-0.068363
0.979695,-0.006319,0.033290,0.008344,-0.013784,0.030867,0.019581,-0.008007,0.009218,-0.048631,0.121115,-0.089188,0.036076,0.047012,0.042621,0.011128,0.046216,0.032330,0.034309,0.050071
-0.084840,0.061077,-0.121161,-0.026040,0.061348,-0.008378,0.077122,0.913993,-0.050251,0.147787,0.206120,-0.010476,0.059572,-0.080131,-0.028576,-0.118437,0.049001,0.059075,-0.125513,0.123002
0.094359,0.014075,0.008352,0.017435,-0.012924,0.031433,0.985145,0.034020,0.029250,-0.016844,0.001271,-0.047607,-0.033574,0.055598,0.018626,-0.050882,0.059770,-0.004488,0.023477,-0.054742
-0.012612,0.019293,0.023689,0.026084,-0.041449,0.048085,0.078374,-0.007403,0.038245,-0.047187,0.981365,-0.072043,0.029341,-0.011458,0.005834,0.057102,0.074301,0.031573,0.072375,-0.001053
-0.011950,0.004545,0.017611,0.059773,-0.020098,0.046833,0.102662,0.008619,-0.004101,-0.060929,0.981048,-0.061664,0.026205,0.044578,-0.002693,0.072585,0.048098,0.036599,0.012886,0.031417
0.985095,-0.006384,0.025145,0.004829,0.004060,0.011012,0.071720,0.046960,0.078373,-0.026885,0.005172,-0.064431,-0.034658,0.026620,0.035297,-0.028148,0.054559,-0.010484,0.027602,-0.050639
0.984091,0.021988,0.027443,0.066673,0.002793,0.062801,0.057296,0.032046,0.013519,-0.014000,0.094641,0.007900,-0.002768,0.035810,0.020567,0.042577,0.054403,0.026630,0.019579,0.025399
-0.072639,0.009550,-0.063732,-0.013592,-0.029994,0.071561,0.004576,0.945625,-0.027863,0.113112,0.101284,0.168931,-0.083611,-0.017104,-0.018090,-0.078522,0.125336,0.040533,-0.054915,0.060221
0.074054,-0.008321,0.035709,0.055193,-0.033942,0.062203,0.033285,-0.011043,0.118599,-0.039733,0.205020,-0.072640,0.081010,0.944104,0.009272,-0.021034,0.084852,0.039157,0.116002,0.017500
0.984660,0.012659,0.059575,0.011601,-0.027938,0.020564,0.064145,0.009646,0.027244,-0.014911,0.032116,-0.073996,0.016353,0.039379,0.008824,-0.016589,0.083927,0.016294,0.062641,-0.017727
-0.044087,0.031931,-0.018380,0.013496,-0.075732,0.067443,-0.081974,0.096651,-0.008739,-0.001041,0.187139,0.934304,0.022300,0.025837,-0.001474,-0.100519,0.213046,0.035509,0.030334,0.057519
0.159798,-0.017653,0.015007,0.070893,0.015165,0.133693,0.171689,-0.037769,0.034484,-0.048035,0.005042,-0.075452,0.062743,0.004386,-0.025993,0.926069,0.041619,0.075657,-0.005593,0.202377
-0.097298,0.114054,0.062373,0.049265,0.002203,0.072222,0.119024,0.067703,-0.003652,0.008350,0.953430,-0.012226,-0.004893,0.127797,0.026341,-0.076077,0.015460,0.042913,-0.009773,0.113843
0.001749,-0.021304,0.069432,0.037757,-0.021750,0.090063,0.060202,-0.024385,0.067223,-0.050441,0.982558,-0.054893,-0.001272,0.042927,0.004588,0.014628,0.033632,0.034328,0.019820,0.014677
0.930370,0.050658,0.031130,0.088657,0.025700,0.084161,0.063585,0.020903,-0.020613,-0.031791,-0.287226,0.033409,-0.028588,0.045309,-0.030407,0.028627,0.073776,0.014672,0.103656,0.068734
0.154023,0.025580,0.032653,0.013116,-0.063073,0.024929,0.073079,-0.001511,0.103977,-0.058644,0.966018,-0.083461,0.031112,0.030473,0.037403,-0.017352,0.049908,0.012954,0.059773,-0.014400
0.138315,0.000895,0.014457,0.094500,-0.036837,0.122011,0.043462,-0.043542,0.149148,-0.010560,0.107370,-0.115877,0.086752,0.029240,0.020681,0.919483,0.198577,0.098836,0.010669,0.028554
0.023814,0.023697,0.059207,0.031939,-0.002639,0.092044,0.071004,-0.004307,0.007057,-0.039001,0.035404,-0.046758,-0.008528,0.051091,0.032387,-0.019510,0.984599,0.005953,0.042293,0.020606
0.982165,0.014837,0.034593,0.009446,-0.002921,0.041467,0.006086,0.050533,0.030870,-0.026501,0.058226,-0.069458,-0.024614,0.029449,0.006571,-0.041731,0.107603,0.010900,0.038391,-0.056822
0.982589,0.001444,0.002576,0.034420,-0.017451,0.056767,0.067861,0.010701,0.053229,-0.030021,0.104737,-0.074759,0.026290,0.016764,0.042088,0.030348,-0.002493,0.015866,0.023924,-0.017052
0.982228,0.041487,0.066847,0.035320,-0.003900,0.055874,0.062453,0.066722,0.030932,-0.015654,-0.044536,-0.010829,-0.000854,0.016144,0.019734,0.077677,0.070023,0.010772,0.026322,0.024556
-0.030309,0.092404,-0.112969,0.017071,-0.058134,0.107370,0.075462,0.110868,-0.011361,0.132168,0.211701,0.873292,-0.108744,-0.068670,-0.012764,-0.081616,0.102716,0.070304,-0.073256,0.274440
-0.096674,-0.050800,-0.116182,-0.008284,0.001555,0.011380,-0.005440,0.158495,-0.015430,0.011117,0.228214,0.859918,0.011660,-0.041196,0.045131,-0.004023,0.143041,0.019490,-0.050854,0.360569
0.121773,0.012278,0.052719,0.062356,-0.030456,0.081283,0.110173,0.057581,0.093848,-0.032944,0.054992,-0.068240,0.054675,0.033522,0.002413,0.035931,0.068483,0.036589,0.962070,0.027821
0.986376,0.006024,0.069284,0.027906,0.011974,0.074224,0.022231,0.033950,-0.022109,-0.030617,-0.057482,-0.048951,-0.021998,0.051972,0.017686,-0.016394,0.042110,-0.003176,-0.025411,0.028731
0.975278,0.002142,0.021533,0.002935,-0.030319,0.047416,0.080448,-0.050964,0.044621,-0.051176,0.089604,-0.064739,0.046540,0.019892,-0.022858,0.037357,0.054342,0.037821,0.102068,0.002971
-0.009273,-0.012648,-0.011358,0.021595,-0.020204,0.025302,-0.008122,-0.038734,0.009310,-0.004787,0.068397,-0.027332,-0.031440,-0.001733,0.057512,-0.018713,0.943130,0.030001,0.031064,0.308221
0.979543,0.030964,0.043042,0.044784,-0.003138,0.082758,0.090055,0.022803,-0.011293,-0.006869,0.031608,-0.034075,0.005879,0.031338,0.043810,-0.115987,0.032105,0.014199,0.009306,0.012105
-0.065702,0.064200,-0.153141,0.051541,-0.018788,0.026985,0.130596,0.039562,0.013146,0.169234,0.182617,0.898710,-0.158700,-0.035990,0.035315,-0.040330,0.024591,0.084175,-0.051276,0.190358
-0.058932,-0.040603,-0.054699,0.007013,-0.033559,0.064702,-0.030723,0.963209,0.001088,0.002522,-0.017493,0.012210,-0.005985,-0.024172,0.047642,-0.033716,0.224686,0.013945,0.004360,0.051219
0.114455,0.006200,0.068702,-0.004312,-0.013292,0.054054,0.972934,0.001959,0.008114,-0.023629,0.010558,-0.073899,-0.008557,0.093396,0.031506,-0.030494,0.117408,0.021543,0.031288,-0.016635
-0.065994,-0.033935,-0.044139,0.000517,-0.005019,-0.015656,-0.017340,0.039929,-0.007588,0.002627,0.034878,-0.008031,-0.018646,-0.046974,0.031427,-0.031697,0.988104,-0.009606,-0.010299,0.089108
0.185639,0.005600,0.096798,0.039734,-0.009563,0.016043,0.014132,0.008500,0.041972,-0.011799,0.146788,-0.015143,0.020910,0.041363,0.022199,0.943854,0.101533,0.021734,0.015563,0.160422
-0.018470,-0.006177,0.052088,0.046478,0.006661,0.086076,0.027481,0.012233,0.007130,-0.024607,0.981310,-0.059603,0.018730,0.030504,0.025941,-0.050183,0.103264,0.016144,0.033236,0.052052
-0.074354,-0.071659,-0.065484,0.006398,-0.019701,0.067859,-0.022886,0.959131,-0.023703,-0.003905,-0.007231,0.052063,-0.020413,-0.044930,0.044736,-0.045926,0.032138,0.029522,-0.006503,0.218463
-0.058864,0.022892,-0.027936,0.040016,-0.044974,0.083639,-0.038956,0.926519,-0.034319,0.103828,0.037084,0.077155,0.007275,-0.002632,-0.004518,-0.092671,0.298083,0.030956,0.003142,0.082939
0.985948,-0.008384,0.019122,0.036043,-0.011623,0.038099,0.019719,0.024822,0.021334,-0.049899,0.107943,-0.065886,0.004541,0.024286,0.018413,0.013929,0.045526,0.032516,0.000693,0.019172
0.976439,-0.062644,0.040231,-0.032451,-0.004223,0.078591,0.023498,-0.003715,0.004270,-0.050270,0.034938,-0.088156,0.019616,0.038277,-0.028770,-0.057354,0.114980,0.015535,-0.014556,0.045092
0.163773,0.065028,0.014227,0.052555,-0.046904,0.076838,0.054160,-0.011709,0.094664,-0.015438,0.174455,-0.072645,0.056846,0.041241,0.038434,0.030809,0.038864,0.032809,0.946576,0.062836
-0.014909,0.015958,0.052003,0.032055,-0.012239,0.065224,0.983533,-0.014254,0.035276,-0.011821,0.005424,-0.038647,-0.004117,0.063675,0.014091,-0.050530,0.096979,0.016786,0.047735,-0.046373
0.970759,-0.035351,0.035506,-0.001916,0.021096,0.068643,0.133937,-0.064546,-0.019382,-0.053849,0.053854,-0.067339,0.020822,0.004700,-0.011955,-0.070503,0.001309,0.045747,-0.006358,0.097136
0.982334,0.005203,0.027854,-0.010448,-0.003565,0.056110,0.008062,-0.025653,0.077147,-0.032832,0.075482,-0.083680,0.012726,0.051707,0.081414,0.006764,0.003451,0.013715,0.025657,0.011286
0.197342,0.001274,0.038215,0.037055,-0.013568,0.031821,0.398955,0.016030,0.051477,-0.011389,0.787385,-0.059246,-0.025992,0.040261,0.014700,-0.030961,0.407502,0.002169,-0.003990,-0.042300
-0.157575,0.048146,0.047907,0.014905,0.000278,0.058012,0.065617,0.044320,-0.018085,-0.023853,0.972845,0.008277,-0.009469,0.059224,0.037209,-0.007833,0.023656,0.007146,0.085764,0.017269
0.004203,-0.004825,0.020187,0.040997,-0.011967,0.028063,0.031727,-0.060042,0.983332,-0.038218,0.073813,-0.077913,0.019345,0.030523,0.058788,-0.012327,0.059255,0.026586,0.048178,-0.030901
0.985231,0.021930,0.024978,0.037609,0.022599,0.049807,0.077774,0.015414,-0.038702,-0.026386,0.030236,0.017929,-0.026014,0.026346,-0.007783,-0.010177,0.058811,0.000393,0.063755,0.070950
0.983777,0.006173,0.036590,0.007397,-0.009930,0.081242,0.068542,-0.025726,0.030566,-0.034526,0.033360,-0.063794,0.015841,0.021750,0.004760,0.020431,0.048424,0.034665,0.081484,-0.005830
0.159505,0.002247,0.082979,0.031624,-0.023831,0.050934,0.075028,-0.022513,0.052952,-0.027719,0.112288,-0.075699,0.061539,0.037167,0.017686,0.944701,0.176925,0.053767,0.013572,0.056024
-0.008736,-0.019526,0.068896,0.941673,-0.009248,0.108528,0.023325,0.006395,0.003436,0.014130,0.053466,-0.092396,0.052321,0.074013,0.026885,-0.074628,0.167913,0.047042,0.023689,0.196254
0.987971,0.000979,0.030163,0.010963,-0.005238,0.042701,0.093996,0.000812,-0.005666,-0.016760,0.007760,-0.057716,-0.008457,0.031031,0.022015,-0.019386,0.041822,0.024684,0.048941,-0.042918
-0.021429,-0.044805,-0.054544,0.007070,-0.017046,0.105952,-0.030148,0.952648,-0.000362,-0.028376,0.015764,-0.007956,-0.016286,-0.024149,0.052196,-0.045574,0.233149,0.018738,0.001795,0.114300
