0.009766,-0.008640,-0.106960,-0.001789,0.017347,0.084980,0.126499,0.119929,0.045012,0.058039,0.151563,0.926301,-0.118942,0.000204,-0.000495,0.023685,0.118439,0.053948,0.004712,0.180031
0.160572,0.003528,0.541482,0.050431,-0.072693,0.784650,0.000879,-0.022745,0.058944,-0.030453,0.073457,-0.041212,0.042181,0.069513,-0.048581,0.052751,0.079235,0.016170,0.121677,0.111286
0.005450,0.042034,-0.006163,-0.012895,-0.030080,0.082210,-0.057684,0.967007,-0.049725,0.018289,0.021130,0.086275,-0.009020,-0.046096,-0.013445,-0.013541,0.189450,-0.012088,0.040518,0.030991
0.184766,-0.019823,0.020465,-0.015048,0.005357,0.035738,0.019953,-0.017754,0.044227,-0.008546,0.074872,-0.007789,0.036785,0.070432,-0.069514,0.968663,0.005022,0.038115,0.026497,0.058947
0.980459,-0.020744,0.042391,0.040523,0.004383,0.019785,0.159780,-0.017178,-0.017498,-0.010604,0.047870,-0.031925,-0.005636,0.022825,0.014564,0.007407,0.061639,0.000712,0.014718,-0.005435
-0.012291,0.013432,0.020596,0.048084,0.002122,0.062089,0.020521,0.024831,-0.004797,-0.033267,0.993101,-0.014776,0.002457,0.026779,0.003944,-0.017513,0.026667,0.016202,0.047440,-0.012961
0.949023,0.003770,0.005996,0.048199,0.027668,0.058841,0.169189,-0.083799,-0.011609,-0.083925,0.054889,-0.028322,0.035526,-0.003295,-0.000861,0.029001,-0.138002,0.038143,-0.026822,0.150930
0.002231,-0.032933,-0.037333,0.020885,-0.016815,0.135534,-0.016570,0.965307,-0.007599,-0.005912,-0.030494,-0.027013,-0.013975,-0.016604,0.045920,-0.026376,0.198991,0.037124,0.017381,0.005564
0.088401,-0.002688,0.068007,0.063278,-0.019781,0.073042,0.034944,-0.056084,0.031903,-0.002864,0.116517,-0.095002,0.012970,0.269080,-0.005877,-0.004900,0.108623,0.049462,0.926755,0.063853
0.145903,-0.020602,-0.011462,0.052058,-0.006846,0.043067,0.022746,-0.005560,0.038464,-0.064361,0.108396,-0.044471,0.011625,0.054668,-0.007132,0.027305,0.050775,0.037102,-0.025598,0.972171
-0.063192,0.031203,0.085535,0.059899,0.005542,0.077240,0.022168,-0.037930,-0.007807,0.000525,-0.137330,0.012465,0.008791,0.095438,0.034628,0.015865,0.970125,0.012673,0.070283,0.015704
-0.040969,-0.006895,0.034598,0.033711,-0.016940,0.107523,0.046917,-0.028686,0.058450,-0.017736,0.979686,-0.063089,0.021096,0.019587,0.010827,0.064905,0.048088,0.021691,-0.009563,0.074430
0.068275,-0.004315,0.052047,0.042065,-0.013518,0.040559,0.987538,-0.034252,-0.010049,-0.017356,0.053261,-0.056386,-0.010387,0.041444,0.016093,-0.032359,0.041736,0.007097,0.032600,-0.014270
0.982838,0.001604,0.024281,0.009845,0.003553,0.059562,0.045036,-0.021959,-0.002731,-0.026915,0.069324,-0.058754,0.029671,0.032114,0.016228,0.047473,0.070423,0.026217,-0.006429,0.090349
-0.059616,0.020196,-0.123951,-0.016415,0.052058,0.071533,0.084656,0.948277,-0.042141,0.111726,0.020498,0.171952,0.032546,0.002654,0.008423,-0.091611,-0.032455,0.075639,-0.073802,0.013549
0.042514,0.009448,0.030823,0.035623,-0.006569,0.014552,-0.044909,-0.006728,-0.027131,-0.011790,0.038364,-0.040824,-0.020697,0.054790,0.022406,-0.026266,0.992175,-0.006337,0.012307,-0.018110
0.986698,0.011469,0.004519,0.028711,-0.017838,0.045049,0.027200,-0.013934,-0.008024,-0.053635,0.051994,-0.071790,0.030817,0.032132,0.005025,0.069965,0.041127,-0.000390,0.041149,0.032910
0.980370,-0.037909,0.006785,0.068678,0.008578,0.072366,0.039883,0.027835,-0.008020,-0.057891,0.029395,-0.063206,0.014645,0.043836,0.019858,0.096330,0.053066,0.007306,-0.016254,0.042202
0.050686,-0.003742,0.064467,0.019808,-0.003342,0.020376,0.953124,-0.046866,0.005937,-0.017780,0.052749,-0.052886,-0.020482,0.063166,0.021041,-0.010385,0.265654,-0.001853,0.016286,-0.008299
0.074511,0.043499,0.023830,0.060014,0.002540,0.045301,0.042735,0.016938,-0.001559,-0.032238,0.985925,0.004111,0.005107,0.034995,0.028790,0.070185,0.043464,0.017966,-0.003030,0.043365
-0.020713,0.007687,-0.064042,0.012747,-0.014276,0.011389,0.044265,0.965814,0.005780,0.069055,0.043816,0.150862,-0.059622,0.115377,-0.006133,-0.029873,0.068139,0.034010,-0.010351,0.083512
0.927989,0.007916,0.035082,0.031460,-0.031863,0.055480,0.025775,0.007213,0.042469,-0.013100,0.162029,-0.042073,0.045933,0.037715,-0.018759,0.029546,0.054739,0.023274,0.033777,0.303822
-0.020024,0.004236,0.097281,0.038857,-0.010340,0.057377,0.977450,-0.014855,0.020410,-0.006627,0.011615,-0.042565,0.010816,0.091787,0.013936,0.004109,0.110947,0.018495,0.061513,0.044541
-0.005654,0.043000,-0.010303,0.022927,-0.024378,0.074469,-0.063891,0.939062,-0.035736,0.015452,0.037835,0.140967,0.004486,-0.025713,-0.001856,-0.060596,0.268793,0.002865,0.067670,0.037603
0.083722,-0.016563,-0.009262,0.087273,-0.003352,0.057942,0.016566,-0.054240,0.014239,-0.064318,0.136192,-0.030970,0.049329,0.059898,-0.019954,-0.022058,0.967691,0.045864,-0.043876,0.084976
0.026891,0.042671,0.007985,0.039946,0.003102,0.009005,0.050757,0.069279,-0.013535,-0.001385,0.986179,0.000042,-0.006165,0.041169,0.029538,0.046516,-0.002917,0.033875,0.017005,0.096856
0.985586,-0.035048,0.033518,0.024006,-0.002939,0.029674,-0.021656,-0.012343,-0.000820,-0.044407,0.084770,-0.064169,0.016205,0.078814,0.010833,0.036236,0.017881,0.013492,-0.020960,0.045393
0.974736,0.029969,0.019090,0.104832,0.027531,0.139581,0.050198,0.034191,-0.034713,0.000239,-0.079159,-0.002563,-0.010238,0.035393,-0.012669,0.002021,0.058139,0.015357,0.011004,0.031153
0.985731,-0.004197,0.014741,0.031398,-0.037278,0.033917,0.029052,-0.017512,-0.011905,-0.032719,0.093549,-0.068129,0.002132,0.016898,0.005059,-0.004081,0.056889,-0.021863,0.062026,0.030390
0.151976,-0.010505,0.010076,0.085559,-0.028481,0.135404,0.021347,-0.062934,0.066495,-0.015200,0.217724,-0.060108,0.056122,-0.012662,-0.057726,0.928494,0.123478,0.071267,0.027868,0.017175
0.031351,-0.005677,0.135187,0.070670,-0.000280,0.067147,0.005271,-0.058583,-0.002414,-0.008184,0.965316,-0.024017,-0.000465,0.156910,-0.006740,0.080298,0.049118,0.003817,0.031230,0.027284
0.035807,0.005633,0.026998,0.033452,-0.002051,0.081830,0.984727,0.014191,0.005419,-0.012838,0.100384,-0.048503,-0.011461,0.065364,0.012463,-0.004122,0.025938,0.025378,0.037549,-0.017961
0.052307,0.008422,0.003354,0.048258,-0.003678,0.094371,0.101593,-0.013950,0.046159,-0.017181,0.090905,-0.013649,0.018076,0.029682,0.019825,0.078636,0.976753,0.011891,-0.012562,0.049105
0.038102,0.050680,0.033603,0.046477,-0.003730,0.081623,0.045548,0.048227,0.002614,-0.028191,0.985106,0.001567,-0.000301,0.046131,0.015248,0.050512,0.016726,0.015453,0.044048,0.054823
0.046479,0.107835,-0.117937,0.008825,-0.003326,0.101243,0.113330,0.014246,0.029009,0.089166,0.156655,0.922189,-0.128967,-0.070164,-0.025799,-0.043552,0.053214,0.050372,0.028095,0.186750
-0.034784,-0.064438,-0.076546,0.051990,0.010050,0.142834,0.047124,-0.094152,-0.035489,-0.012447,-0.008577,0.028801,0.008042,-0.029058,0.041577,0.008525,0.972866,0.051417,-0.001690,0.018564
0.120116,-0.022351,0.003188,0.079580,-0.009571,0.068290,0.098217,0.027235,0.038685,-0.009535,0.974632,-0.048167,0.018243,0.010900,0.005462,0.002212,0.089563,0.023433,-0.016755,0.020811
-0.211941,0.003166,0.052502,0.086586,0.010567,0.085394,0.028684,0.026439,-0.027291,-0.015852,0.959707,-0.027747,-0.002894,0.070876,0.023656,0.016661,0.065294,0.000547,-0.029962,0.045372
0.968317,-0.041720,0.038032,0.051328,-0.009673,0.093505,0.035919,-0.034909,-0.021392,-0.068129,0.026590,-0.077077,0.037959,0.035066,-0.021143,0.135613,0.070570,0.010019,0.022774,0.079626
0.027880,-0.003383,-0.014633,0.037242,-0.022015,0.042458,0.001999,0.938536,-0.001884,0.022948,-0.020733,-0.005240,-0.025994,-0.028866,0.040287,0.000047,0.329043,0.029493,0.032382,-0.012711
-0.031011,0.035304,0.017274,0.067327,0.001287,0.133006,0.069999,0.054358,-0.003794,-0.015234,-0.005584,-0.012273,-0.004388,0.024160,0.034777,0.978310,0.076419,0.023389,0.026431,0.031594
-0.070150,0.083361,-0.146539,0.054864,0.033462,0.075574,0.138751,-0.004158,0.037937,0.091813,0.078941,0.941122,-0.088761,-0.016588,0.003641,-0.017837,0.088711,0.044842,-0.027314,0.128930
0.036013,-0.036261,-0.052383,0.049348,-0.023000,0.307065,-0.029186,0.931055,0.000012,0.002062,-0.061832,0.021115,-0.013586,0.033576,0.043273,-0.013525,0.121988,0.071685,0.043709,-0.010233
0.036559,-0.003575,0.080663,0.009535,-0.016014,0.032586,-0.032000,-0.002705,-0.010157,-0.013777,0.033221,-0.060354,-0.000125,0.132318,0.026732,0.045771,0.980308,0.021484,0.028843,0.045270
-0.037715,-0.040212,-0.037014,-0.007041,-0.011246,0.021656,-0.022381,0.910788,-0.018940,-0.021029,0.003385,-0.014132,-0.019030,-0.034777,0.018074,-0.020685,0.373977,0.003398,-0.005278,0.147219
0.091610,-0.004750,0.022556,0.969428,-0.005874,0.035666,0.032524,-0.008143,0.041503,-0.006289,0.130421,0.024898,0.018531,0.043209,-0.029013,-0.125261,0.011502,0.032068,-0.013375,0.096853
0.991141,-0.015248,0.013013,0.062425,0.008109,0.063549,-0.013701,0.001191,-0.004897,-0.020843,0.003524,-0.023497,0.003021,0.062251,0.011977,0.019015,0.035372,0.011683,-0.012241,0.045792
0.004234,-0.069047,-0.049479,0.053577,0.003290,0.176973,-0.027725,0.953166,-0.012643,-0.019889,-0.041173,0.050679,-0.013236,0.046457,0.027240,0.023080,0.167163,0.103448,0.038404,-0.026901
-0.009569,0.040350,-0.034491,0.048803,-0.024997,0.046629,-0.040305,0.977610,-0.024891,0.047117,0.057160,0.113292,-0.019645,0.020276,0.007747,-0.051637,-0.023424,0.038456,0.077381,0.063899
0.092048,-0.001861,0.009037,0.064687,-0.001564,0.090728,0.056590,0.010966,0.034716,-0.013877,0.147372,-0.027762,0.003010,0.037303,0.010800,0.092715,0.060347,0.026511,0.946700,0.202770
-0.063688,-0.057093,0.041411,0.057293,0.005069,0.111282,-0.031835,-0.001582,-0.019541,-0.031810,0.026459,-0.043950,0.030107,0.070421,-0.035545,-0.010145,0.121216,0.014557,-0.031661,0.973189
0.138538,0.031376,-0.018182,0.061052,-0.031009,0.115941,0.049971,-0.046951,0.061539,-0.008983,0.208041,-0.033948,0.047815,0.014485,-0.023683,0.068204,0.052002,0.025830,0.945329,0.060259
0.036292,0.019312,0.111826,0.041499,-0.012029,0.048039,0.028630,-0.016733,-0.020226,-0.000797,0.042388,-0.023919,-0.000081,0.085622,0.028942,-0.002340,0.983228,0.011739,0.045532,0.025108
-0.000635,-0.019913,0.011272,0.082080,0.025931,0.176790,0.079467,-0.047061,-0.018573,-0.056787,0.024953,-0.064818,0.035458,0.018625,-0.006877,0.031224,0.965666,0.028556,-0.024352,0.085684
0.987365,-0.009170,0.015145,0.032277,-0.000299,0.092873,0.052681,-0.035988,0.014093,-0.030759,0.055265,-0.046264,0.003675,0.027129,0.038328,0.002443,0.029950,0.013254,0.000483,0.037723
0.082139,-0.007664,0.979487,0.064585,-0.000452,0.050071,-0.007299,-0.035587,0.001798,-0.001045,0.047329,-0.040809,-0.009308,0.067088,0.009917,0.041396,0.120617,0.010606,0.017021,0.023279
0.990282,0.020938,0.017068,0.003698,0.018245,0.048227,0.003433,0.054497,-0.010528,-0.029664,0.013434,-0.019770,-0.022109,0.036403,0.043245,0.076631,0.024141,-0.011201,0.031834,0.010841
0.988147,-0.043411,0.027852,0.037600,-0.011516,0.021497,0.036115,0.005139,0.007290,-0.008938,0.054996,-0.055537,0.001746,0.036871,0.011938,-0.000746,0.088728,0.017856,0.037161,-0.015714
0.975249,0.034116,0.040155,0.066935,0.018455,0.034977,0.059107,0.017716,-0.031398,-0.018706,0.052532,0.009346,-0.001699,0.025943,0.012135,0.048052,0.168413,-0.000051,-0.007330,-0.023039
-0.036970,0.006743,0.041024,0.038923,-0.002495,0.069169,0.044381,-0.041591,-0.037056,-0.035924,0.983627,-0.059888,0.024244,0.041487,0.010009,0.072072,0.045136,0.013963,0.048865,0.030075
0.214532,-0.013247,0.027908,0.068164,-0.023868,0.092443,0.021498,-0.036757,0.038379,-0.007960,0.149406,-0.036717,0.059964,0.942124,-0.025073,-0.073653,0.114436,0.040722,0.011551,0.010250
0.027113,-0.031702,0.030361,0.978344,-0.012093,0.126717,-0.022421,-0.002060,0.006868,-0.008439,0.012872,-0.064732,0.034368,0.053256,-0.013433,0.052417,0.107029,0.022446,0.007232,0.006339
0.022560,0.019985,0.035391,0.021809,-0.007699,0.061548,0.020908,-0.051489,-0.021214,-0.019225,0.041124,-0.026018,-0.001129,0.052586,0.012085,-0.017828,0.990867,0.018169,0.041085,0.013165
0.008004,-0.054062,-0.046956,0.044478,-0.013922,0.095629,-0.030079,0.980446,0.004100,-0.004943,-0.034484,-0.010989,-0.017565,0.024952,0.030853,-0.017252,0.073554,0.102928,0.040663,-0.011106
