0.062650,-0.233778,0.324115,-0.117559,0.174163,0.238906,0.172481,0.134618,-0.044767,0.105606,0.355841,0.145464,-0.337245,0.232755,0.291872,0.287275,0.204512,-0.225947,-0.016324,0.312351
-0.127370,0.316474,0.387269,-0.459565,0.016532,0.050004,-0.191706,-0.282017,-0.172841,0.141855,0.337532,0.133571,0.021994,0.201030,0.031889,-0.025203,0.050791,-0.390531,0.123125,-0.093893
0.165942,-0.318222,0.068078,-0.320441,0.288362,-0.204049,-0.058887,0.184123,0.112492,0.183519,0.338275,-0.377906,-0.208028,0.164610,-0.336487,0.306109,0.051643,0.072647,0.110409,0.026716
0.149140,-0.055239,0.286034,0.162943,0.331306,0.156456,-0.046946,-0.077103,-0.100542,0.133095,-0.176965,0.144316,0.260847,0.183252,0.109282,0.180134,0.047749,-0.048274,0.530632,-0.460204
0.205843,0.248282,-0.070356,0.067416,-0.096800,0.017156,0.424161,0.066987,-0.320165,0.334812,0.175626,0.166304,-0.088809,0.277097,-0.334114,0.200204,0.091341,0.015276,-0.415630,0.040139
-0.349144,-0.054292,0.158478,0.144728,-0.351410,0.273188,-0.005350,0.024142,-0.316555,0.193781,0.168231,0.190059,0.208318,0.030621,-0.263992,-0.167937,0.353771,0.065070,-0.346408,-0.191204
0.301867,-0.197873,0.045983,-0.243092,-0.327030,0.209005,0.275542,0.220911,-0.021199,-0.317844,-0.308128,-0.091983,0.207689,-0.132333,-0.277319,0.050323,0.181536,-0.171383,0.273433,-0.226057
0.246634,-0.103332,0.381168,0.089475,0.004447,0.171706,-0.096571,0.087618,-0.070153,0.105696,0.247323,0.190471,0.551214,0.110541,0.231235,-0.017581,0.031677,-0.484662,0.087156,0.042669
0.176179,-0.022903,0.044715,0.101095,-0.047496,0.067131,0.061466,-0.401507,0.007626,0.254394,-0.135850,0.313607,0.088493,-0.006400,-0.314107,0.275949,0.365818,0.276258,0.444357,0.112302
0.019868,-0.061464,0.135072,0.254598,-0.096491,0.056900,-0.173353,0.026758,0.496825,0.211710,-0.407454,0.266992,-0.027243,0.264019,0.130016,-0.409963,0.242948,0.081579,0.029616,0.136053
-0.100586,-0.185794,-0.005879,-0.287514,-0.309909,0.298886,0.254363,0.058313,0.314324,-0.154367,-0.261782,0.239246,-0.208623,0.002065,0.263471,-0.324470,0.044574,0.284730,0.153923,-0.214043
0.138096,0.146971,0.220807,0.012702,-0.026144,0.170549,0.409826,0.101949,0.046871,0.126949,0.465039,0.131354,-0.145118,0.047046,0.137030,0.137163,-0.572475,0.055645,0.200577,0.136177
0.232825,-0.002857,0.114293,0.144063,-0.106806,0.226423,-0.171095,0.257307,0.130281,-0.122522,0.149147,-0.147242,-0.152769,-0.284247,-0.464736,0.086454,0.286274,-0.206279,-0.321974,-0.349489
0.002727,0.380990,-0.000074,0.192810,0.182190,-0.324963,-0.070743,-0.050357,0.113335,0.255190,0.413187,-0.099184,0.166516,0.103124,0.398454,0.150245,0.120617,0.213803,0.275982,-0.238063
0.124132,0.390415,0.007596,-0.081998,0.035769,0.118428,-0.058420,0.099986,-0.346905,-0.285751,0.213647,0.287108,0.048029,0.425744,-0.318888,0.284586,0.087918,0.260988,0.141042,0.067959
0.135812,0.138616,0.104363,-0.220525,0.045301,0.088619,0.362829,0.027579,0.271874,-0.218156,0.246734,0.219198,0.046853,-0.358657,0.332019,0.146315,0.171510,0.097009,0.406934,0.251351
