-0.340857,0.277883,0.082554,-0.302104,0.211843,0.090631,0.280345,-0.209989,-0.354555,-0.228869,0.243142,0.087159,-0.292043,-0.008796,0.100974,0.177737,-0.089719,-0.238198,0.236019,-0.200712
-0.284186,-0.150757,-0.215597,0.198613,-0.061398,0.172084,0.075063,-0.346669,0.291972,-0.112829,-0.293284,0.046852,-0.326805,0.035181,-0.251612,0.010963,-0.029296,0.267447,0.339663,0.325532
-0.036601,0.372673,-0.347691,-0.105300,0.269778,0.121353,-0.046139,-0.184774,-0.107280,-0.265841,0.183537,0.325134,0.192948,0.002957,0.207204,-0.329063,0.048251,0.297132,0.012498,-0.321275
0.546293,0.094366,0.073289,0.060822,0.052983,0.112884,0.304457,0.207820,0.127481,-0.372525,0.442177,-0.012524,0.038213,-0.013645,0.011937,-0.101089,0.014235,-0.162098,-0.350925,0.140773
0.277300,-0.290415,0.080589,0.107457,-0.247290,0.115800,0.088212,0.169031,0.199854,0.261184,0.463216,0.412153,0.375746,-0.008544,0.039089,-0.231833,0.033491,0.003509,0.084153,0.111627
0.178904,0.282630,-0.189064,-0.334664,-0.315785,0.080284,0.141541,0.298382,0.086073,0.141489,0.201340,0.023785,-0.317463,0.007526,-0.011916,0.342001,0.262934,0.288033,0.270086,0.116688
-0.330051,-0.264509,-0.209754,0.286349,-0.292312,-0.194991,0.152465,-0.141270,-0.250875,-0.232325,0.016149,0.271234,0.207181,0.196126,-0.204539,0.164474,-0.253513,-0.230244,-0.185007,0.189503
0.252711,0.120335,0.095926,0.121466,0.027394,0.086063,0.136974,0.132166,-0.244649,-0.422695,0.323181,0.548868,0.134758,0.390748,0.011732,0.110071,0.036853,-0.143188,0.058837,-0.025839
0.322154,0.148191,0.116629,-0.276044,0.148561,0.069725,0.186158,0.164802,0.082206,0.355355,0.252558,-0.052909,-0.013506,-0.350041,0.001103,0.204359,0.120920,0.038529,0.353908,0.436183
0.228597,0.445700,0.196419,0.068728,0.021740,0.176447,0.022023,0.203923,0.139591,0.150857,0.307523,0.362609,-0.100852,0.010183,0.006930,-0.362963,0.048785,-0.196718,-0.142793,0.400354
-0.302866,0.200056,-0.309620,-0.282951,0.281123,-0.158937,0.050579,0.219602,-0.210476,-0.238834,0.209109,0.279183,-0.014728,0.111034,0.206289,0.235237,0.328230,-0.027703,-0.219731,-0.216837
0.608499,0.227632,0.069873,0.060228,-0.024165,-0.224672,-0.143803,0.340640,-0.074584,-0.242126,-0.071575,0.439608,0.163004,-0.013246,0.010108,0.179383,0.054087,0.061226,0.187510,0.134911
-0.111355,0.463065,0.460680,0.192891,-0.228571,0.072863,-0.121427,0.131365,-0.134433,0.422994,0.223538,0.127459,0.179006,0.313025,0.016893,0.144547,0.024160,-0.007097,0.045698,0.130546
0.253379,0.090364,0.099498,0.300091,0.025539,-0.405398,-0.042661,0.151281,-0.256220,0.196675,0.359261,0.288842,0.106410,0.049022,0.145130,0.331242,0.136924,0.149546,0.224922,0.291435
0.136609,0.146026,-0.176514,-0.225766,-0.147407,-0.044016,-0.255157,-0.325584,0.456489,0.158440,0.251308,0.023547,0.386598,-0.001367,-0.377403,0.162079,0.009969,0.022708,0.048772,0.254476
0.273469,0.232354,0.103162,0.093976,-0.019652,0.121658,-0.096674,-0.419395,0.082441,0.177225,0.040159,0.236587,0.187967,-0.375273,-0.357038,0.108238,0.235469,-0.271157,-0.281924,0.178131
