-0.245867,0.064971,0.094853,0.159665,-0.139639,0.401654,-0.000306,0.047861,-0.314407,-0.137585,0.033733,0.029855,-0.014922,-0.005481,0.405216,0.421702,0.223358,0.228902,-0.232407,0.315165
0.323454,-0.007936,0.258499,-0.389052,-0.405176,0.195671,-0.075241,0.140995,-0.241767,-0.110493,0.165580,0.098906,0.166917,0.035382,-0.075547,0.113004,0.152652,-0.338395,-0.033466,-0.393386
-0.068034,0.319245,0.008630,0.174991,-0.295208,0.216571,0.341723,0.066938,-0.093827,-0.149739,0.420473,-0.031994,0.038230,0.188347,-0.200070,-0.274881,0.019799,0.295810,-0.368985,-0.147773
0.128063,-0.344402,-0.347900,0.147118,0.072009,-0.012677,-0.000847,0.063961,0.131557,-0.110080,0.286320,0.169632,0.073426,0.482839,-0.046926,0.096190,0.098864,0.046824,-0.491428,-0.263143
-0.095609,0.010207,0.099703,0.101640,0.361377,-0.509098,0.398467,0.146885,0.028895,0.297798,0.471960,0.153836,0.061173,0.043044,0.124236,0.068375,-0.095215,0.068526,-0.061325,0.145601
0.413270,0.153372,0.228015,0.191728,-0.143154,0.082584,-0.144634,-0.207471,0.366375,-0.333990,0.212053,0.188069,0.087895,0.012220,0.107960,0.111318,-0.422365,0.259153,0.049583,0.140031
0.308791,-0.003920,0.327627,0.206503,-0.312400,0.286649,0.008410,0.176097,-0.287964,0.236922,-0.233925,-0.188549,-0.090503,0.228992,0.159956,0.035266,0.224565,0.333223,-0.099166,0.236054
0.142508,-0.011066,0.193564,-0.432216,-0.035513,0.046872,-0.088150,0.079689,-0.262061,0.182045,0.446367,0.518611,0.173098,-0.056370,-0.323435,0.058117,-0.106869,-0.079065,0.071930,0.060990
0.040664,0.031172,0.117681,-0.196265,0.302358,0.217884,-0.018569,0.110450,-0.328898,0.284261,0.388928,-0.213799,0.148674,0.084676,-0.272463,0.160299,0.264165,0.277971,0.094096,-0.350007
0.400995,0.125089,0.272087,0.049210,-0.300824,0.096482,-0.263765,-0.272888,0.098484,0.182214,0.044949,-0.282527,0.478699,-0.218735,-0.181435,-0.116303,0.140417,0.150983,0.022161,-0.109859
-0.180680,0.241151,-0.286616,0.238123,-0.231684,0.133052,-0.273773,0.226420,-0.159382,-0.177552,-0.295607,0.223697,-0.225584,-0.192787,-0.170264,0.169289,0.215116,0.271088,-0.278369,0.188265
0.039879,0.320668,0.240795,0.181784,0.144102,0.059660,-0.218916,0.354216,0.012378,0.031715,0.587226,-0.311719,0.034714,-0.119954,0.185982,0.065596,0.104630,0.193360,0.112288,0.219645
0.060402,0.079599,0.102248,-0.295812,0.299071,-0.382273,0.001112,-0.102061,0.370113,-0.342317,-0.133631,0.202638,0.087839,-0.387511,-0.109477,0.287614,0.257018,0.039566,-0.089123,0.069456
0.059610,0.017351,-0.197094,0.366950,0.109050,0.365485,-0.046752,0.037578,0.289012,0.131385,0.192346,0.286981,0.197046,-0.036933,-0.195866,0.285539,0.196298,0.126978,-0.297933,0.387203
0.268463,0.059727,0.126904,0.080341,-0.102648,0.096287,0.004134,0.141727,-0.419501,0.237983,-0.145341,-0.332119,0.088209,0.432917,0.086299,0.410277,0.183727,0.059749,-0.243209,-0.174347
0.264519,-0.209373,-0.252122,0.075652,0.228927,-0.124661,0.358947,0.006446,-0.009462,0.295655,0.336247,-0.151229,-0.334309,-0.282792,0.075374,0.133117,0.085922,0.200374,0.345451,0.120971
