0.340035,0.323044,0.228111,0.389105,-0.124614,0.034398,0.225152,0.274338,-0.337736,-0.086430,0.271275,-0.118525,0.044687,0.094838,0.040152,0.139263,0.200868,0.355302,0.145456,0.070703
-0.342330,0.204307,0.087235,0.356938,-0.194291,0.397464,0.229769,-0.088437,0.022072,-0.317920,-0.257988,-0.279986,-0.240647,0.060260,-0.134343,-0.121861,0.277432,0.000606,-0.142093,-0.107716
-0.138513,-0.100383,-0.291529,0.232613,0.270571,-0.365802,-0.179390,0.090699,-0.089054,0.430156,-0.145953,-0.047516,-0.292787,-0.045547,0.241617,-0.068381,-0.372515,0.183864,-0.209787,0.015823
0.285318,0.029734,0.348555,0.058043,0.090649,-0.362915,0.025859,0.023763,-0.437607,-0.351522,0.204641,0.147003,0.244037,0.169129,-0.183990,0.178767,0.043067,0.033235,0.306740,0.148725
-0.203787,0.211264,-0.203061,-0.175494,0.066241,0.128125,0.136276,-0.172215,0.205451,0.453781,0.285296,-0.388095,-0.399227,-0.168156,0.073297,0.184317,0.081667,0.015771,0.214113,0.113436
0.148231,0.263438,0.035562,0.093828,0.056920,0.012997,-0.018237,0.067811,-0.292792,0.081286,0.354149,-0.371859,0.138664,-0.226193,0.315461,-0.237660,0.201264,0.262756,-0.277042,-0.348562
-0.046942,-0.229533,0.185330,-0.223381,0.291290,0.167370,-0.284697,-0.182383,0.003230,-0.154560,0.345666,-0.258779,0.246236,-0.295375,0.132911,-0.266404,-0.157598,0.209545,-0.100375,0.328632
0.219622,0.122685,0.256080,0.054149,0.000307,0.547065,0.150310,-0.438247,0.020709,0.258334,0.028555,0.038049,-0.446470,0.009853,0.107059,0.183971,0.081435,-0.055863,0.164155,0.058354
0.305862,0.240018,0.016812,0.184523,-0.303378,0.069218,0.313090,0.198690,0.030841,0.122864,0.311878,0.116069,-0.226878,-0.305401,-0.035573,0.201589,-0.353619,0.027131,0.076808,0.367507
0.270145,0.061142,0.011813,-0.511913,0.190452,0.234601,0.241110,0.006158,-0.125493,0.136520,0.233206,0.193474,0.207916,-0.213271,-0.316985,-0.399473,0.147564,0.023867,0.082656,0.086351
0.273560,0.012172,0.148935,0.183508,-0.343155,-0.131198,0.229151,0.186539,0.320765,0.038075,0.178772,-0.100276,0.053810,0.289510,-0.157743,0.336350,-0.339203,0.009187,0.213114,-0.339476
0.290642,0.060494,0.042688,0.070764,0.017758,0.059337,0.080374,0.054280,0.080885,0.134422,0.246676,0.486325,0.159297,0.090765,0.206159,0.191601,-0.437892,-0.459865,0.225287,0.054926
0.052083,-0.338117,0.371415,0.078173,0.020487,0.249374,-0.217348,0.127155,0.369134,0.064381,-0.261674,0.074983,0.293316,-0.305844,-0.321146,-0.292531,0.053422,0.016920,0.110832,-0.121160
0.244347,0.092224,0.156422,-0.054686,0.090427,0.328891,0.297765,0.174914,-0.301656,-0.236419,0.359657,0.111953,-0.159480,0.282398,0.157138,0.010121,0.179329,0.276240,0.102327,-0.361985
0.156341,-0.159503,-0.379673,-0.003731,0.409052,0.349380,0.078145,-0.378574,0.092309,0.034479,-0.367456,0.378859,0.197218,0.077791,0.094160,0.069723,0.031524,0.015644,0.134935,0.027365
0.447454,-0.156711,0.307912,-0.214208,-0.142745,0.281005,0.249154,0.006479,-0.017388,-0.091835,-0.246955,0.154045,-0.120802,0.041063,0.088359,0.133603,-0.380773,-0.012274,-0.318006,-0.302352
