-0.279407,0.262782,0.499200,0.109883,-0.052643,-0.006970,-0.148688,-0.097115,0.103460,-0.256542,-0.327116,0.311964,-0.215322,-0.103358,0.053786,-0.274376,0.336702,-0.037152,-0.139807,-0.082958
0.413806,0.000358,-0.217099,0.238021,-0.306298,-0.162642,0.225145,-0.157651,-0.007472,0.366432,-0.102686,0.006438,0.366064,0.033398,0.077489,-0.212305,-0.326268,-0.014645,-0.191377,-0.234016
0.288918,-0.021063,0.229706,0.027966,-0.001286,-0.203426,0.127179,0.154966,0.350364,-0.041605,0.172931,0.457577,0.245857,0.332555,0.152175,-0.408067,-0.195274,0.095727,-0.072394,-0.062813
0.231804,0.104752,-0.171470,-0.152051,-0.412904,-0.186161,0.011359,-0.194995,-0.020229,0.135598,-0.071866,0.166032,0.106463,0.029659,-0.074767,0.054893,0.530816,0.095180,0.193098,0.488895
-0.245953,0.036135,0.384158,0.431616,0.005381,0.196193,-0.078392,0.004061,0.000031,-0.376670,0.436137,0.204843,0.173864,0.088471,-0.016431,-0.123454,0.166034,-0.022348,-0.070969,0.314521
-0.345963,0.212521,-0.183404,-0.293826,0.008831,0.273286,-0.217295,0.006037,-0.177311,0.134955,-0.043622,-0.261026,0.156065,-0.281184,0.277034,0.189179,0.058434,0.045897,-0.181909,0.467866
0.073688,-0.307500,-0.109946,-0.344997,0.012510,0.317537,-0.249434,0.072421,0.169138,-0.211550,0.114457,-0.088933,0.243603,-0.309641,0.132244,-0.336570,-0.127679,0.163935,-0.299026,-0.295810
0.184032,-0.013226,0.212273,0.080560,0.094167,0.080930,0.069469,0.107585,0.006817,0.175553,0.755585,0.000835,0.141061,-0.026225,-0.106897,0.383477,0.083146,0.014335,0.071012,0.299308
-0.483112,0.027471,0.054909,0.406972,0.190109,0.126302,0.052026,0.024576,-0.239472,0.118751,0.107572,-0.165303,-0.045575,0.152421,-0.024822,0.553189,0.152618,0.005665,0.004882,-0.275980
0.066837,0.108520,0.114350,-0.250854,-0.028528,0.215194,-0.072053,-0.367507,-0.003869,0.095773,0.105457,0.207247,0.466571,0.473184,-0.005279,0.294462,0.140580,-0.188307,-0.160213,0.218860
0.291376,-0.285559,-0.207122,-0.235231,-0.243551,0.318452,-0.238356,-0.027707,0.284986,0.322686,-0.060421,-0.004289,-0.093987,-0.267293,-0.276834,0.208441,-0.105838,-0.137452,-0.077899,0.302448
0.137910,0.155368,0.155830,0.053178,0.227272,0.108893,0.116595,-0.112391,-0.183448,0.138073,0.094550,0.347890,0.202711,0.037201,0.104596,0.755077,0.135370,-0.088233,0.076138,-0.042959
-0.344107,0.320936,0.301136,-0.001418,0.203693,-0.048350,0.111975,0.263290,0.260900,0.241517,0.273955,0.119628,0.067888,0.340349,0.004865,0.138273,-0.026147,-0.237411,-0.023843,0.386329
0.142169,0.138578,0.292676,0.274989,0.025209,0.019957,-0.345150,0.037765,0.065796,0.049896,0.575369,0.186023,0.062444,-0.021616,0.049148,0.365059,0.090375,-0.010728,-0.358794,0.167865
-0.272650,-0.008910,0.064070,0.067381,-0.089336,0.110361,0.351749,-0.303352,0.009737,0.320891,0.415329,0.110978,0.107749,-0.224011,-0.013083,0.226528,0.311388,0.369918,-0.187488,-0.104479
0.247065,0.361311,0.248565,0.308884,0.181823,0.126224,-0.217355,-0.358489,0.042852,0.169671,-0.202875,-0.094857,0.378501,0.086988,0.018262,0.111133,0.064361,0.307026,0.050504,0.284987
