-0.204832,0.318217,-0.233635,-0.280599,0.102037,-0.170423,0.114947,0.242036,0.242855,0.342507,0.139397,-0.304715,0.305762,0.063167,-0.075175,0.105139,-0.251408,0.175993,0.222144,-0.256759
-0.045816,-0.124313,0.012746,-0.350157,0.020757,0.140102,0.013960,0.381598,0.250202,0.112007,-0.065415,0.066005,-0.318755,0.286909,0.401515,0.015545,0.286116,0.396199,0.113129,-0.114058
0.012277,0.044237,0.000170,0.020257,0.285126,0.222843,-0.210639,-0.259499,0.190958,0.062810,0.311295,-0.258237,-0.294387,0.289056,-0.368885,-0.113542,0.114784,0.330918,-0.036062,-0.328100
0.501848,-0.027036,0.220766,0.203913,-0.486425,0.180214,-0.181682,0.074721,0.033663,-0.158330,0.258166,0.151635,0.094435,-0.240345,0.208766,0.157570,-0.008053,-0.027364,0.023642,-0.311625
-0.140585,-0.033254,0.179065,-0.183339,0.478748,0.306452,0.306923,0.023915,-0.340965,0.130568,-0.085381,0.152578,-0.454401,-0.035507,0.120485,0.113689,0.076232,0.052728,-0.191853,-0.226073
0.326817,-0.148551,0.124503,0.060538,0.109474,-0.074376,0.032407,-0.225156,0.267249,-0.101395,-0.456620,0.201333,0.079560,-0.178078,-0.036325,0.427538,0.048327,0.209569,0.388642,0.180302
-0.246263,0.184858,-0.275199,0.100447,0.079884,0.279027,-0.253189,-0.122974,-0.262906,0.117798,-0.318681,-0.268497,-0.172641,0.333555,-0.104990,-0.074880,-0.332458,-0.315165,0.059258,-0.167888
0.337013,0.489439,0.207116,0.139371,0.120811,0.023504,0.020061,0.045548,0.011079,-0.336726,0.324195,0.144007,-0.017938,-0.017771,0.150110,-0.019119,0.533198,0.075630,0.095068,0.070597
0.433273,-0.065405,0.130645,0.241793,-0.154395,0.067091,-0.328136,0.364687,0.104593,0.160961,0.194952,-0.061293,-0.492452,0.082274,0.099327,0.204772,0.258335,0.102790,-0.024948,0.076448
0.039470,-0.019970,-0.008733,0.359761,-0.054625,0.105886,-0.519447,0.116410,0.065500,0.215570,0.262753,0.311580,-0.199420,-0.208419,0.100687,0.372104,0.121612,0.207257,0.195564,-0.162138
-0.156361,0.306958,0.241093,0.294448,0.249498,-0.277427,-0.050298,0.172648,0.237117,0.079440,0.264530,-0.175585,-0.179340,0.259285,0.210551,0.298310,-0.269222,0.053593,-0.282432,0.117370
0.317775,0.118756,0.191920,0.136022,-0.100231,0.264837,0.629602,0.060406,0.111802,0.150896,0.289778,0.174632,0.155624,0.196286,0.209004,0.032097,0.137534,-0.094104,0.103132,-0.231828
-0.382342,0.157456,0.120886,0.141781,-0.322365,-0.362685,0.110918,0.054320,0.380681,-0.060788,0.001716,-0.339270,0.097793,0.307373,-0.138336,0.351785,0.151345,0.068231,0.068791,0.025483
-0.037185,0.093043,-0.153265,-0.285073,-0.098000,0.050296,0.003249,0.152028,0.194236,0.445148,0.186101,0.221869,0.277414,-0.284948,0.448290,0.079270,0.092454,0.394084,0.030192,-0.006361
-0.394608,0.003423,-0.119465,0.113998,0.412522,0.096341,-0.046324,0.006998,0.016288,0.134912,0.227296,0.210044,-0.296152,0.446161,0.089750,0.080017,-0.300563,0.131567,0.124437,0.311047
-0.053406,0.123227,-0.056847,0.246036,0.187810,0.298594,0.029408,0.073912,-0.082692,-0.089338,0.387778,0.119316,0.383901,-0.308321,0.153894,0.160054,0.374508,0.135869,0.097963,0.384650
