-0.086801,0.155888,0.130525,0.163538,-0.293784,-0.231279,-0.339869,-0.263556,0.293547,0.082981,-0.314656,0.116917,0.238799,0.143027,0.392837,0.181990,0.216341,-0.043800,0.177408,-0.220816
-0.283085,-0.090662,-0.145940,0.232298,-0.192395,0.061099,0.244117,0.224531,-0.256593,-0.284217,0.377438,0.102040,-0.247969,0.291420,-0.208790,0.312632,0.201708,0.226061,0.078939,0.019201
-0.149866,-0.020187,0.181922,-0.062682,-0.048039,-0.068220,0.154901,0.051039,0.373200,0.098269,-0.395866,0.109643,0.380460,-0.104689,0.053307,0.010191,-0.323839,0.451501,-0.066164,-0.342232
0.568333,-0.256263,0.041167,0.291249,0.088055,0.096571,0.035361,0.006194,0.367737,0.356619,-0.326190,0.022562,0.007942,0.123711,0.150539,0.218020,0.073453,0.038179,0.152641,0.146314
0.307225,-0.195717,0.197578,-0.189818,-0.156744,-0.316413,0.315204,-0.342929,0.190098,0.280632,-0.094338,0.141995,0.287721,-0.297352,-0.068437,0.255297,-0.160157,0.166339,-0.099963,0.047670
0.021474,-0.055694,0.350135,0.061639,0.057394,0.107118,-0.364074,0.076835,-0.132100,0.162156,0.458365,0.083044,-0.326297,0.044080,-0.275257,0.138492,0.130904,0.041961,-0.454046,-0.166338
0.204081,-0.270047,0.245156,0.341172,0.105798,-0.107240,-0.204967,-0.012567,0.288309,0.208047,-0.313381,0.081746,-0.231329,0.295106,-0.258718,-0.296717,0.210426,-0.172018,0.174656,-0.113206
0.266919,0.133124,0.022803,0.122084,0.072285,-0.594083,0.173823,0.037606,-0.021194,0.086241,0.251876,0.349341,0.046483,0.075479,-0.136952,0.195039,0.006525,0.034776,0.060136,-0.492880
0.186396,-0.397471,0.000280,0.192319,0.114459,0.221359,-0.433443,0.215606,0.058702,-0.207990,0.228056,0.049842,-0.289014,-0.051194,0.260341,0.159400,0.416916,-0.026847,-0.127260,0.050562
-0.018377,0.273110,0.073486,0.323222,0.328820,0.137859,0.327005,0.255215,0.408944,0.098628,0.214514,0.031586,-0.006100,-0.082734,-0.173417,0.249946,0.069888,-0.351304,-0.200913,0.154709
-0.287791,-0.252666,0.064595,-0.206862,-0.148532,-0.216913,-0.276274,0.268340,-0.277901,0.072378,-0.250300,-0.272535,0.075509,0.278697,-0.159617,-0.076565,0.160757,0.294904,0.269507,-0.263390
0.394673,0.185852,-0.039541,0.043920,-0.426677,0.115610,0.056233,0.110451,0.075300,0.085408,0.239927,0.172786,0.116629,0.046468,-0.232556,0.308220,0.365754,-0.059640,-0.433074,0.072841
0.203569,0.150162,0.274362,0.371226,0.041630,0.109481,0.295904,-0.197820,0.242459,0.095964,-0.274623,-0.269510,-0.088956,0.087790,-0.241405,0.144540,-0.257883,0.323054,0.301535,0.099442
0.298128,-0.332068,-0.037593,0.083815,0.274131,0.050437,-0.173047,-0.114279,-0.328626,0.177898,0.240066,-0.127593,-0.203089,0.187942,-0.029357,0.270713,-0.093932,0.380429,-0.319980,0.226959
0.223431,-0.099930,-0.201036,-0.032305,0.398399,0.404629,0.109318,0.063575,0.034770,0.095597,0.386032,0.073598,0.062137,0.118909,0.197289,-0.179472,0.029313,-0.148276,0.532364,0.004455
-0.187330,-0.284778,0.119087,0.058884,-0.304128,-0.312412,0.086237,0.142595,0.248452,-0.325145,0.374393,-0.252677,0.235544,0.242763,-0.123914,-0.369385,0.005781,0.071305,-0.055845,0.048796
