0.346902,-0.069837,0.351734,0.114956,0.307241,0.043357,-0.254610,-0.277491,-0.090562,0.336080,0.117312,0.152566,-0.183202,-0.192539,0.274958,0.227487,-0.361311,0.061723,0.001975,0.095963
-0.163684,0.076192,0.278592,-0.116302,-0.011939,-0.224318,0.028341,0.117804,0.371887,-0.316017,-0.357932,-0.026484,0.391517,0.122678,0.066596,0.299452,0.004324,0.265145,0.234441,-0.237511
0.015190,-0.269079,0.295757,-0.204166,0.226579,-0.237061,0.302300,0.037592,-0.204695,0.277588,0.265602,-0.210408,-0.145114,0.001279,0.025600,0.343369,-0.227071,0.122195,0.379689,0.117601
0.085541,0.373157,0.147646,0.050965,0.377705,0.163586,-0.016479,-0.008325,0.309653,0.260669,0.142735,-0.369949,0.008726,0.048021,0.025325,0.304224,-0.317886,-0.242819,0.154043,-0.242677
0.185481,0.236920,0.411566,-0.032633,-0.022848,0.242460,-0.213850,0.033626,0.009713,-0.418568,-0.297307,0.152199,-0.259337,0.079644,0.069500,0.046090,-0.323629,0.048387,-0.112075,0.381840
0.142030,-0.310130,0.250111,-0.153103,0.351280,-0.386378,0.310523,0.052914,-0.460714,0.159188,-0.057821,0.123070,0.072261,-0.230861,0.015984,-0.263377,0.008070,0.020882,0.160164,0.123924
-0.235857,0.146002,-0.268598,-0.113910,0.304052,0.177954,0.225619,0.272078,-0.269699,0.283506,-0.010257,-0.133069,-0.305444,0.276517,-0.248930,0.252070,-0.284182,0.009493,0.190031,-0.075750
-0.388376,0.019877,-0.418920,0.076056,-0.045375,0.100732,-0.001452,0.388552,-0.403492,0.263541,-0.113794,0.315095,0.042345,0.029823,0.045340,0.301828,0.132704,0.030858,0.119890,0.176186
0.032679,0.071844,0.056436,0.089403,0.413890,0.443799,0.079110,0.026262,-0.041460,0.097400,0.188595,-0.311802,0.343402,-0.036467,-0.452437,0.173975,0.149328,0.038436,0.275106,0.098531
0.351831,0.126758,0.085757,0.278241,0.182413,0.423384,0.448219,0.037172,0.075293,0.206947,0.197680,0.466666,0.049484,-0.054715,-0.077511,-0.046110,0.083716,-0.044796,0.163754,0.076203
0.358159,-0.321550,0.315632,0.309025,-0.016715,-0.299878,-0.181524,0.225565,-0.059588,-0.178573,-0.139894,-0.189869,0.026259,-0.289122,-0.207684,0.268353,-0.083446,-0.198500,-0.143621,-0.204187
-0.298326,-0.215526,0.164738,0.065018,0.004246,0.035659,0.025112,0.056177,-0.021217,0.250081,0.153013,0.679165,0.170985,0.427908,-0.001256,0.063670,0.094939,0.000313,0.137974,0.189715
0.250063,0.037784,-0.032463,-0.036190,0.359982,0.169762,0.127594,0.061389,0.299507,0.380893,-0.107861,-0.079715,0.229390,-0.145069,0.372828,-0.382298,-0.362340,-0.007333,0.022113,0.108624
0.230720,0.121911,0.087788,-0.340493,-0.024120,-0.181459,0.333832,-0.150914,0.058912,-0.226725,0.238771,0.353390,-0.338452,-0.040039,0.054114,0.063771,0.393761,0.026665,0.231902,0.266609
-0.078341,-0.182963,0.179983,-0.093215,-0.017165,0.068397,0.389766,-0.353355,-0.292522,0.434659,0.138850,-0.255862,-0.363060,-0.021967,-0.042593,0.331604,0.124583,-0.127385,-0.044415,0.022817
0.041028,0.200455,0.211669,-0.127257,0.326717,-0.015409,0.035944,0.071873,0.055445,0.203308,0.136399,-0.361354,0.220420,-0.148367,-0.190125,-0.298228,-0.032904,0.335563,0.364426,-0.384619
