-0.207920,0.397894,-0.353928,0.141726,-0.121672,0.116918,-0.124072,0.187427,-0.088038,-0.291987,0.116331,0.114327,0.409472,0.078826,0.338968,0.120764,-0.119908,-0.257284,0.208976,-0.163963
0.286980,0.151589,0.368859,-0.338205,-0.012613,0.064980,0.008759,-0.141286,0.008702,-0.310322,-0.126972,0.303098,-0.084411,-0.090310,0.135005,-0.119896,0.019775,-0.403714,0.271086,-0.361514
0.076881,0.086509,0.256285,0.206505,0.008386,0.159718,-0.340969,0.145126,-0.215230,0.337247,-0.294942,-0.360083,-0.331770,-0.088114,0.025481,0.071329,0.149165,-0.371342,-0.233694,0.018362
0.153804,0.192143,0.363108,0.020084,-0.401999,0.095846,0.216627,0.170775,-0.249850,0.094884,0.106592,-0.133379,0.146297,0.115898,0.114790,0.131483,0.438302,0.420272,0.143534,-0.071247
0.326488,0.125118,0.361194,0.338619,0.408727,0.226571,0.128267,-0.173076,0.032601,0.082156,0.172861,0.285853,0.215166,-0.280394,0.044019,0.150743,0.112816,0.006280,0.257892,-0.139890
0.139394,-0.199627,0.347437,0.128167,0.072509,0.315830,0.080474,-0.081426,0.289630,0.056095,-0.092922,0.339508,-0.357300,0.263998,-0.212281,0.281563,-0.276754,-0.006955,0.234333,0.145884
-0.080999,0.193848,0.179624,-0.321696,0.210017,0.250722,-0.198808,0.261278,0.024004,0.342073,-0.174327,-0.191516,-0.344328,-0.309264,0.071567,0.255695,-0.162708,-0.101641,-0.202776,0.240959
0.129587,0.113290,0.071752,0.195815,-0.191119,0.013035,0.058916,0.194221,0.069429,-0.042061,0.209998,0.167627,-0.398497,-0.439736,0.046093,0.269930,-0.301579,-0.240442,0.418039,0.139753
0.096486,0.202974,0.066584,0.139766,-0.222013,-0.259712,0.036598,-0.427243,0.171578,-0.168698,-0.021446,0.095071,0.105539,0.376649,0.209113,0.379461,0.048445,0.436537,-0.002891,0.154497
0.027481,0.179377,0.201893,0.154009,0.076355,0.082165,-0.089250,0.222792,-0.346921,0.389024,-0.075821,0.088829,0.040671,0.214433,-0.334312,0.383934,0.096252,-0.314692,0.065537,0.357319
-0.228762,0.056408,0.098640,0.340810,-0.087660,0.071559,-0.007219,0.182902,0.184948,-0.259795,0.304085,0.142351,0.317912,-0.280213,0.318191,0.184668,-0.214542,-0.321714,0.159519,0.260680
0.020597,0.176709,0.009306,-0.212587,0.102526,0.001029,0.066228,-0.376379,-0.009793,0.663409,0.070683,-0.430818,0.085291,0.112628,0.102898,0.183721,-0.109800,-0.008086,0.100129,0.221933
0.338488,0.138367,-0.182203,0.098051,0.083979,-0.122680,-0.283947,-0.168899,-0.002635,0.066066,-0.350042,0.211442,-0.122637,0.385367,0.248286,0.167121,0.309314,-0.153875,0.037732,0.383021
0.125870,0.213682,0.181875,-0.263274,-0.010483,-0.118819,0.256369,0.264884,0.085393,-0.288793,0.169342,0.098951,0.243141,0.152462,-0.329860,0.108542,-0.145922,0.359232,-0.331030,0.306520
0.020281,0.272936,-0.239047,-0.126450,0.329711,0.052050,0.373038,0.139499,0.019548,-0.284469,-0.365097,0.305851,-0.328978,0.182089,0.101064,0.129582,0.191071,-0.084441,0.079434,0.235465
0.101757,-0.059820,0.206268,-0.064698,0.035291,-0.180686,-0.334445,0.007348,0.306929,-0.264380,0.355614,0.182344,0.267015,-0.220448,-0.049540,0.281759,0.175805,-0.179892,0.357438,-0.277406
