0.296685,0.301766,-0.001251,0.387164,-0.010567,-0.193534,-0.206785,0.206269,0.077925,0.353892,0.137461,0.261959,0.156300,0.001832,0.015887,0.432455,0.000450,0.001237,0.162197,0.302162
0.009624,0.209386,-0.308378,-0.330271,-0.012308,0.054068,0.089401,-0.202210,0.250564,-0.159342,-0.114304,-0.285854,-0.339358,0.006504,-0.097247,0.202686,0.358684,0.033670,0.356602,-0.307060
0.255715,0.002900,0.039320,0.026790,-0.046151,0.056901,0.108177,-0.380373,0.012452,-0.365375,0.388728,0.195543,0.060353,0.310549,-0.008677,0.478473,0.076006,0.176232,0.016240,-0.285291
0.191106,0.239139,0.222068,-0.368443,0.004053,0.086279,-0.262725,0.159342,0.001256,0.288250,0.442499,0.064649,-0.063433,0.220382,0.241054,0.235875,-0.309585,0.065995,0.130614,0.229528
0.153772,0.145651,0.138242,0.219016,0.038539,0.333383,-0.073287,-0.234737,0.414159,0.147945,0.065103,-0.000562,0.085430,0.001240,-0.143284,-0.148173,0.033494,-0.005999,-0.517580,0.445502
-0.219894,0.088621,0.176800,-0.073598,0.199055,-0.308021,0.119319,-0.108274,0.326723,-0.276507,-0.236645,0.293490,0.108660,-0.256701,-0.235149,0.362527,0.094266,-0.349195,0.009799,0.161167
-0.177980,0.279455,-0.102810,0.272042,-0.258657,0.048313,0.158307,-0.295829,-0.264229,-0.120439,-0.303748,0.324624,0.046490,0.194535,-0.322026,-0.282639,-0.186405,-0.059838,-0.277576,0.053905
0.504857,0.361341,0.162324,0.064466,-0.093469,0.064798,0.140092,0.146157,0.053633,0.137651,0.135994,0.435469,0.032661,0.040022,0.321124,-0.088924,-0.407865,-0.068314,0.029211,0.120838
0.099226,0.359086,0.152088,0.415120,-0.145827,-0.169857,0.244372,0.194922,-0.159279,0.239201,-0.103961,0.415075,0.058300,0.037230,0.130737,-0.064509,-0.207186,0.009496,0.022960,0.427390
0.218961,0.374099,-0.190710,0.043386,0.190471,0.027135,0.109616,-0.219938,0.061587,-0.539565,-0.228120,0.001192,0.094222,0.015856,-0.244580,0.218190,0.033742,-0.050217,0.099171,0.446581
0.000658,-0.287564,0.241256,-0.169375,0.280720,0.176937,-0.275863,-0.234267,-0.315676,-0.289423,-0.268247,0.161027,-0.157972,0.114040,-0.292320,-0.135865,-0.223323,0.140299,-0.241493,0.195637
-0.066167,-0.009662,0.081700,-0.365945,0.151786,0.390901,-0.074845,0.114861,0.189648,0.091205,0.203312,-0.001760,0.123695,0.016761,-0.084262,0.442283,0.576675,0.061697,0.086664,0.111846
-0.337690,0.408366,0.122903,-0.257464,0.000037,-0.368163,-0.001346,-0.282032,-0.085023,-0.184323,-0.296694,0.022994,-0.114004,-0.083204,0.052725,0.164474,0.223137,-0.319689,0.010642,-0.301838
0.402499,0.044921,0.089854,0.073434,-0.362770,0.056020,0.211807,-0.421066,-0.192732,0.140265,-0.180051,0.069510,0.104883,-0.172913,0.053078,0.142887,-0.448163,0.024370,-0.105528,0.307941
-0.193489,0.162663,0.189879,-0.357768,-0.004141,-0.211283,0.060682,0.175803,0.020783,-0.254821,0.082611,0.277238,0.136679,0.044784,-0.374342,-0.388188,-0.403357,0.156402,0.053705,0.205431
0.287423,-0.020397,0.037124,0.059850,0.032045,-0.010863,0.136874,-0.173404,-0.389455,-0.343475,0.120635,-0.182401,-0.343679,0.183226,0.388825,0.190339,-0.286262,0.042498,0.158502,0.310829
