0.084547,0.098008,-0.267845,-0.011874,-0.176599,0.392968,-0.249879,-0.241878,0.113663,-0.146328,0.440414,-0.127929,-0.146624,-0.130499,0.219258,-0.207715,0.075569,0.191430,0.380622,-0.207775
0.058004,0.016514,0.277939,0.282759,-0.369007,-0.137250,0.081721,0.099406,-0.042861,-0.275332,-0.094811,-0.032943,0.313173,-0.040776,0.271865,-0.347406,0.105973,-0.334412,-0.385017,0.119316
0.127548,0.129132,0.174150,0.024742,-0.435302,-0.036330,0.341925,0.046905,0.224998,0.317038,0.404185,-0.270073,-0.201677,-0.036719,0.022634,0.066943,0.013950,0.053637,0.314902,-0.299169
-0.296387,0.377934,0.113637,-0.049646,-0.003117,0.232988,0.034884,0.192774,-0.139119,-0.260706,0.478408,0.182835,0.078110,0.043269,0.096449,-0.462471,0.076112,0.109272,0.231447,0.095866
0.112807,-0.232017,0.305073,0.132317,0.050779,-0.422114,0.301654,0.084116,-0.013356,-0.117357,0.192907,0.207965,0.062185,0.221885,-0.338276,-0.183056,0.387638,0.276226,0.075504,0.127744
0.114749,0.213163,0.117116,-0.173629,0.363419,-0.304365,0.000263,0.011543,0.249754,0.236744,-0.084229,0.297197,0.206848,-0.325565,0.157067,0.112311,-0.176888,0.350204,0.339491,0.059932
0.209002,-0.203206,-0.280620,-0.079572,-0.218471,-0.279250,-0.272136,-0.313269,-0.273398,-0.175117,-0.165465,0.229119,0.118987,0.233440,-0.163697,0.086649,0.312853,0.218627,0.267763,-0.162561
0.401839,-0.427350,0.089322,0.208568,-0.126819,0.135105,-0.055585,-0.053908,-0.025788,0.088658,0.480617,0.059712,0.064646,0.135581,-0.097655,0.026965,0.030059,0.204069,0.207144,-0.450246
0.007237,-0.021909,0.259819,0.361827,-0.158534,0.409298,0.388064,-0.217942,-0.359923,-0.015191,-0.235065,0.260795,-0.171500,0.068350,-0.217863,0.104534,0.202146,0.015530,0.134800,0.074137
0.139813,-0.119282,-0.095873,0.382906,-0.015174,-0.114546,-0.300668,0.036438,0.131575,-0.427452,0.244575,-0.215065,0.074496,0.077840,0.231837,0.310791,0.263123,0.236202,-0.160956,-0.293868
-0.082241,-0.186325,-0.254279,-0.296922,0.189487,-0.270785,0.182759,-0.191283,0.275378,-0.276699,-0.076492,-0.247735,-0.282128,-0.116071,-0.238422,0.272088,-0.148459,-0.281752,0.271502,0.088187
-0.008148,0.065019,0.234784,-0.600549,0.179225,-0.318467,0.024758,0.023928,0.106327,0.155523,0.394620,0.182353,0.058646,-0.150566,-0.062249,0.350185,-0.099208,-0.023330,0.063076,0.231832
-0.400851,-0.120053,-0.092556,0.184495,-0.187305,0.259396,0.000066,0.085134,-0.122419,-0.009079,0.144029,-0.190480,0.286774,-0.302868,0.252005,0.304617,-0.377480,0.304891,0.171400,0.074119
-0.197195,0.109227,0.103070,0.353474,0.014754,-0.253493,-0.293758,0.202376,0.046047,-0.000672,0.320709,-0.385035,-0.127994,0.250286,0.188394,0.217545,0.090576,0.320651,-0.160167,0.264850
0.314651,0.031690,0.144717,0.018945,0.459511,0.319581,-0.238371,-0.189854,-0.236662,0.109313,0.012150,0.146667,-0.188303,-0.228293,0.101120,-0.375551,0.029379,0.079197,0.101995,-0.355734
0.340312,0.025655,0.086391,0.141994,-0.061783,0.058958,0.107917,0.069821,0.001613,0.174091,0.521506,-0.072896,0.054600,-0.110634,-0.237898,0.166103,-0.144133,0.136713,-0.423376,-0.454289
