0.229700,-0.120435,-0.266812,0.143152,-0.007002,-0.324873,-0.290670,0.153780,0.048026,0.279866,-0.309812,0.154037,-0.264026,0.078981,-0.102949,0.196122,-0.309505,-0.255139,-0.125284,-0.354098
0.202857,0.104218,0.318930,0.300272,-0.047980,-0.042157,0.089536,-0.087692,-0.121407,-0.337515,-0.366763,-0.154497,0.063322,0.088742,0.008323,0.164785,-0.034561,-0.386157,0.384245,-0.334989
-0.354131,0.362066,-0.133460,0.010495,-0.035941,-0.487372,-0.149282,0.055027,-0.081860,0.384245,0.092763,0.282127,0.229719,0.007721,-0.382911,0.094284,-0.071970,0.049568,0.053897,0.003641
0.306885,-0.016429,-0.357953,-0.438090,-0.034838,-0.399053,0.262597,0.264813,-0.020378,0.373914,0.212850,0.145139,-0.022235,0.082008,0.124044,0.198114,0.032005,0.023300,0.111190,0.059784
0.074449,0.140554,0.023698,0.256398,0.393675,-0.349422,0.090176,-0.062043,0.108768,-0.477669,0.026315,0.176430,0.060579,-0.029722,0.359755,-0.228212,-0.259131,0.009717,0.189464,-0.241511
-0.263881,0.036100,0.003851,0.055227,0.011098,-0.157877,0.334847,-0.183634,-0.183451,-0.018111,0.203065,-0.249287,0.364753,0.090402,0.208169,0.350291,-0.387448,0.334164,0.071602,0.208762
0.110403,-0.348039,0.235476,-0.182516,-0.259127,-0.004406,-0.045981,0.295267,-0.245408,-0.336911,0.020500,-0.127691,-0.235693,-0.166663,0.305718,0.341119,-0.220748,-0.150743,-0.114303,-0.230923
0.226469,-0.187156,-0.219628,0.021559,0.052428,0.368199,0.157510,0.066425,0.013910,0.206217,0.181084,0.462863,0.165617,0.000592,0.019365,-0.377629,0.121329,0.340819,-0.278454,0.169903
0.203245,-0.064463,0.432282,0.108346,-0.056881,-0.408470,-0.143528,-0.126418,0.089749,0.105631,-0.201095,-0.597561,0.115396,0.146672,-0.119557,0.190740,-0.029938,-0.049380,0.151586,0.143929
-0.425634,0.276232,0.016108,0.090543,0.271156,0.187417,0.268163,0.090572,-0.000234,0.090397,0.158788,0.108144,0.253236,0.230256,0.071320,-0.442672,0.220753,0.201563,-0.282151,0.114318
-0.238657,0.130039,0.298176,-0.087377,-0.024715,0.333822,0.302084,-0.201572,-0.147269,-0.204421,-0.152183,0.177826,0.296550,0.137328,-0.232047,-0.236533,0.281194,0.056428,-0.283007,-0.297413
0.266637,0.101507,0.051882,-0.039106,0.019676,0.207383,0.082050,0.068800,-0.100526,0.169878,0.342469,0.260697,-0.591258,0.343186,0.193478,0.214412,0.259510,-0.113190,0.065653,0.008454
0.435521,-0.297300,0.102837,0.159848,0.115725,0.410565,0.090654,-0.268483,0.294497,0.013280,-0.269550,0.210224,0.306019,-0.090516,-0.133557,-0.015408,-0.277904,0.026194,0.148177,-0.002422
0.201856,0.026568,-0.016523,-0.033881,0.095104,0.298686,0.167665,-0.056045,0.136414,-0.363075,-0.339414,-0.428912,-0.266895,0.149603,0.154505,-0.080349,-0.292729,-0.394654,-0.065976,0.090998
0.379634,-0.219160,0.034164,0.336965,0.169187,-0.142342,0.345043,0.493464,0.282122,0.094988,-0.272173,0.168547,0.001777,0.086763,0.004400,0.182335,0.194539,0.017900,0.098531,0.043765
0.361204,0.286260,0.427038,0.118348,-0.000518,-0.334839,0.110241,-0.262226,0.259662,-0.321796,0.086794,0.151933,0.223315,-0.174560,-0.318525,-0.011971,0.070347,0.052387,0.066017,0.050978
