0.111535,-0.056104,0.292294,0.317559,0.199307,0.190333,-0.307659,0.359872,-0.358128,-0.005641,-0.184365,0.045679,-0.268522,-0.114255,-0.202757,-0.157575,-0.072203,0.356245,0.138792,0.176553
-0.118481,-0.354525,0.059681,-0.118086,-0.298661,0.121708,-0.358707,0.137527,-0.273932,-0.069159,-0.358683,0.036201,-0.019481,0.191691,-0.007570,0.293225,0.349375,-0.007874,-0.041435,-0.366582
-0.032128,0.366500,0.257833,-0.080423,-0.227406,0.122034,0.341889,0.317731,-0.427562,0.271832,-0.170740,0.017808,-0.104154,-0.151988,0.012318,0.131575,-0.312437,-0.081966,0.254800,-0.020289
-0.036563,0.183747,-0.030264,0.161657,-0.166949,0.291170,-0.446232,0.147107,0.175372,0.260033,0.170530,0.058791,0.025049,-0.309637,0.072800,0.144149,-0.394765,-0.078291,0.079340,-0.427413
0.089267,0.200904,0.066986,0.064939,0.387230,-0.249767,0.068281,0.429281,0.087551,0.150820,0.344588,0.043182,0.090075,0.228022,0.080753,-0.549868,0.058590,0.012936,0.042056,0.127746
-0.385947,0.256290,0.305942,0.073949,0.337969,0.278951,0.041323,0.140943,-0.026122,0.156326,0.240532,0.218592,-0.262272,0.276623,0.015092,0.273940,0.308278,-0.010489,-0.135450,0.088621
0.040286,-0.006447,0.234133,-0.030157,0.023846,-0.315587,-0.217585,0.077484,-0.336664,-0.198885,-0.143689,0.339330,0.351408,0.339307,0.124548,-0.307667,-0.298863,0.137199,0.153862,0.140726
0.138467,-0.309866,0.151114,0.129644,0.113105,0.098346,-0.174942,0.107683,0.044857,0.164084,0.402538,-0.083667,0.104588,0.428470,0.023575,0.077970,-0.003997,-0.007051,-0.007237,-0.617455
0.298297,-0.235097,0.292885,0.115860,0.182888,0.071318,0.116492,-0.391888,0.126618,-0.026467,0.308001,-0.013532,-0.340302,0.460842,-0.077691,0.169757,-0.006473,0.004604,0.069520,-0.266744
-0.284443,0.303445,0.239590,0.045291,0.186982,-0.096310,0.378403,0.199606,0.286614,0.179157,-0.157397,-0.196544,0.037026,-0.033932,-0.211004,0.411729,-0.014249,0.237205,0.127983,0.270605
-0.316989,-0.299817,0.211444,-0.018690,-0.091744,-0.099781,-0.160759,-0.246245,-0.151977,0.333233,-0.257704,0.020172,-0.292785,-0.195272,0.183386,0.226268,-0.304514,0.286697,0.176231,0.209988
0.234469,0.276945,0.080490,0.090124,0.149458,0.066760,0.160445,0.120008,0.083497,-0.180260,0.223968,-0.690213,0.203859,-0.263297,-0.215920,0.153729,-0.030502,0.075010,0.026834,0.179864
-0.134601,0.046785,-0.153681,-0.314933,-0.004702,-0.261005,-0.377145,-0.016201,0.286703,-0.246317,0.321274,-0.274457,0.089438,-0.006812,0.158357,0.148427,0.204559,0.366309,0.037261,-0.303752
0.349387,0.344074,-0.296218,0.105405,0.093843,0.057354,-0.171125,-0.128608,0.266394,0.185109,-0.093073,-0.226404,0.048629,0.397420,0.285096,0.134968,-0.094002,0.035918,-0.237537,0.333557
0.170851,0.117638,0.281008,0.070354,0.264397,-0.339563,-0.350689,0.126369,0.357566,0.173445,0.352993,0.029826,0.102680,-0.370864,0.113899,-0.068146,0.252530,-0.081347,0.037865,-0.167157
-0.350692,0.183446,0.125810,-0.226757,-0.155727,0.093899,0.270875,-0.210475,-0.326232,0.126441,0.218373,0.364263,-0.074099,-0.400284,0.123642,-0.361976,0.020297,-0.020558,0.085991,0.048213
