-0.228582,0.243607,0.224553,0.350669,-0.183827,0.068834,0.214195,0.280368,-0.305974,-0.289290,0.347095,-0.050253,0.148983,-0.125862,0.039198,0.107992,0.079924,0.163024,-0.377359,0.158391
-0.194833,0.352966,-0.338020,-0.086553,-0.199721,-0.255250,-0.151374,0.068166,0.031859,0.127704,0.267481,-0.189264,-0.229562,0.003674,0.381926,0.056801,-0.340979,0.331181,0.106651,0.138876
0.091086,-0.058596,0.259702,-0.001294,-0.071295,0.350966,0.080066,-0.173403,0.236179,-0.187425,0.555068,0.283638,0.037388,0.042601,-0.158909,-0.345515,-0.265985,0.100172,0.217034,0.029888
0.432531,0.042367,0.140455,0.155130,-0.010764,0.079926,-0.037151,0.039712,-0.072540,0.147760,0.637696,0.364861,-0.204962,0.033501,0.040380,0.185389,-0.018722,-0.303597,0.048023,-0.130514
0.328719,0.008055,0.191582,0.039453,-0.090983,0.072611,-0.261169,-0.013658,0.303972,0.171000,0.320995,0.110905,0.456712,0.286015,0.096689,0.221059,-0.396204,-0.150037,0.068700,0.043362
0.032189,0.093829,0.165630,-0.103675,0.004471,-0.091870,-0.101359,-0.375175,-0.065315,0.088814,-0.380599,-0.335971,0.401718,0.285224,-0.362896,-0.239264,0.100174,0.018326,-0.265098,0.101404
0.219917,-0.268285,0.185875,-0.001367,0.268450,-0.258197,-0.219801,0.231489,-0.202547,0.311660,-0.075795,-0.106368,-0.215353,-0.198097,-0.179116,0.242052,-0.178684,0.276933,-0.278311,-0.294777
0.082782,0.034904,-0.385871,-0.205374,0.021698,0.082062,0.018068,0.240886,0.096849,-0.505710,0.358269,0.158811,0.000292,0.061951,0.494360,0.177330,0.166621,0.092749,-0.023557,0.001021
-0.232943,-0.328377,0.249121,0.146490,0.036346,-0.098521,-0.074625,-0.041045,0.033552,-0.256491,-0.339757,-0.334292,-0.172512,-0.114542,0.055895,0.295759,0.246993,0.363303,0.201420,0.273793
0.044054,0.019413,0.224597,0.121404,-0.029408,0.177024,-0.071963,0.285367,-0.387009,0.125682,-0.393601,0.138822,0.236318,0.056460,-0.443461,0.249134,0.069962,-0.284114,0.170417,0.203719
0.188530,0.149483,-0.210992,-0.113017,0.306261,0.200239,-0.101047,-0.110654,-0.292233,0.271726,-0.281186,-0.065560,-0.181977,0.268214,-0.223904,0.299487,0.270816,0.181131,-0.303126,0.207270
0.067340,-0.018379,0.070636,0.163751,0.126084,0.126880,-0.297609,0.382676,0.053228,0.125031,0.627824,0.103544,0.371141,0.022522,0.003254,0.257396,0.000734,-0.225066,0.043200,0.126210
0.256298,0.100272,0.287547,-0.002117,0.246495,0.067533,0.027248,-0.075561,0.158211,0.042264,-0.425483,-0.309326,0.418693,0.034609,0.325545,0.164397,0.112024,-0.113153,0.328861,-0.152483
0.057709,-0.144682,0.330392,0.212227,0.373933,0.062428,-0.098898,0.321562,-0.353375,0.332376,-0.086137,0.045034,0.146864,-0.330738,0.037271,-0.237832,-0.004492,0.100557,0.161289,0.307864
-0.210164,0.441990,0.048836,-0.241133,0.272739,0.041249,-0.158545,0.204600,-0.185755,-0.150077,-0.088106,-0.206756,-0.002393,0.283477,0.038452,0.572184,0.108190,-0.037156,0.115145,0.117216
0.282010,-0.290108,-0.276200,0.105065,0.197996,0.172097,-0.043878,0.199730,0.343869,-0.162966,0.254102,0.051678,0.322838,0.025686,-0.094380,0.133721,-0.365070,0.299984,0.144967,0.224383
