0.094375,-0.303740,0.264131,-0.019442,-0.217123,0.254304,0.071456,0.103795,0.044612,-0.028027,0.300277,0.283045,0.279836,-0.145371,0.404129,0.106588,0.261736,-0.013551,0.397950,0.163608
-0.356555,0.124735,0.424136,-0.050385,0.068727,0.045715,-0.201082,0.099611,0.035951,0.383705,-0.352466,0.087561,-0.361372,0.017109,0.093617,-0.226878,0.232277,0.291383,-0.085340,0.005423
-0.206507,-0.057591,0.213163,0.104036,0.003747,-0.196612,-0.353362,0.115711,-0.219569,0.026366,0.026302,-0.389053,0.315107,-0.054954,-0.406834,-0.353908,-0.299508,-0.084457,0.055548,0.163984
0.122976,0.137059,0.022398,0.023872,-0.196373,0.079454,-0.322101,0.012197,0.064969,0.038981,0.200804,-0.541255,0.254035,0.263082,0.033942,0.439550,-0.015604,0.246433,0.080222,-0.285861
-0.414225,0.086000,0.336341,0.157173,0.004957,0.207143,-0.211378,-0.379393,0.006671,0.069109,-0.092512,-0.334128,-0.186219,0.105340,0.113529,-0.252612,0.018415,-0.002146,-0.399007,0.211174
-0.401324,0.067847,0.046673,0.091729,-0.381241,0.071333,-0.351494,0.102440,0.000044,-0.160524,-0.165660,0.026735,-0.070915,-0.083458,-0.402451,-0.233074,0.167377,0.265899,-0.341421,-0.204383
-0.300052,0.252118,0.145940,-0.012142,-0.079657,-0.143555,-0.290646,-0.273294,-0.273474,-0.296827,-0.229455,0.349101,-0.161284,-0.092997,0.130386,0.210368,-0.045894,-0.270719,-0.188013,-0.307839
0.013039,0.478539,0.089126,-0.011977,-0.194041,0.017879,0.626529,0.046653,0.015281,0.005237,0.166740,0.069571,0.199927,-0.310843,-0.068352,0.052254,-0.106942,-0.004971,0.373668,-0.045473
0.527975,0.069771,0.325194,0.139343,-0.063023,-0.047088,0.076663,0.033643,0.083932,-0.321514,0.211641,-0.332917,0.018755,-0.419678,0.209670,0.216997,0.040614,0.080360,-0.029947,0.188239
0.018898,0.199386,0.145633,0.223266,-0.384125,0.041837,0.181430,0.067700,0.032008,0.074907,0.464908,0.213198,0.409487,0.222311,0.041221,0.440794,0.060841,-0.071783,0.011554,0.108224
-0.139236,-0.154307,0.090164,-0.194317,-0.205091,-0.079648,-0.145726,0.291350,0.184414,-0.243739,0.304661,-0.210056,-0.209206,0.315634,0.294740,0.255224,0.185763,-0.301711,-0.239041,-0.218969
0.117074,-0.026807,0.095459,0.151930,0.497093,-0.023345,0.062401,0.036028,-0.041339,0.160351,0.294534,0.133512,0.176426,0.525812,0.117005,0.153297,0.053734,-0.350212,0.250810,0.187905
-0.375216,0.089506,0.193840,0.112538,-0.009047,0.007471,0.044226,-0.055202,0.026416,0.398083,-0.277573,0.329478,-0.406375,-0.061752,-0.214451,0.177466,0.407478,0.181437,0.017848,-0.073064
0.456276,0.016367,0.141979,-0.024327,0.032367,-0.189338,0.142620,-0.403942,-0.076900,0.183230,0.245479,0.114424,0.185376,0.252624,0.173542,0.179590,-0.004313,0.459516,-0.086193,0.241647
0.216067,0.101002,0.246455,0.102026,0.286782,0.057958,0.347594,0.077101,0.321548,0.079779,0.090394,-0.292845,0.147746,0.233751,-0.296811,0.294140,0.028702,-0.354610,0.259874,0.103526
-0.079815,-0.206144,0.040718,-0.023588,0.321530,-0.271930,-0.181991,0.152562,-0.340056,-0.240312,0.341563,0.077703,0.375051,0.350225,0.213944,0.199957,-0.154750,0.063357,0.145664,0.144400
