-0.410911,0.099873,-0.030921,-0.281221,-0.048207,0.178027,0.066462,-0.146963,-0.381300,0.271991,-0.063716,-0.139546,0.297499,0.306152,0.146308,0.091680,-0.328534,-0.037867,-0.309917,0.144011
0.176001,0.017832,0.373609,-0.385642,0.007091,0.194958,0.243253,0.200471,-0.141176,-0.202643,-0.250630,0.164854,-0.290421,-0.096309,0.179384,0.303246,-0.321002,-0.008176,0.031806,0.264797
-0.252252,0.372969,-0.075041,-0.128228,-0.403502,-0.181813,0.124442,0.129744,0.468978,0.217162,0.014842,0.277004,-0.266298,0.093293,0.039089,0.287774,-0.136279,0.001648,0.132023,0.054635
0.099826,0.049579,0.020935,0.354313,0.087458,-0.462310,0.066113,0.119399,0.130151,0.111008,-0.058976,0.174030,-0.463561,0.109901,-0.089618,0.488469,-0.136797,-0.069920,0.214692,0.123583
0.366903,-0.330396,0.322821,0.234863,0.109738,0.267735,0.096853,0.135415,-0.264175,0.075496,0.183015,0.137662,0.134700,0.181669,0.157000,-0.311119,0.083214,-0.281456,0.312299,0.034736
0.088540,0.025877,-0.161290,0.226274,-0.373298,0.120921,0.288346,0.072167,0.112588,-0.384415,-0.013150,-0.164894,0.075209,-0.349679,-0.207239,0.132933,0.096131,-0.356116,0.340633,0.208555
0.161557,-0.228080,-0.273348,0.065971,0.030987,-0.200105,0.318094,0.235052,0.317366,-0.315693,0.007701,-0.331116,-0.260062,0.107427,0.230669,0.114286,0.214874,-0.252373,-0.233557,-0.159489
-0.265985,0.029708,-0.427679,-0.300813,-0.040011,0.113813,0.114202,0.101837,0.260956,0.086875,0.299803,0.209269,-0.047150,-0.296358,-0.378459,0.343681,0.194750,0.096336,-0.043253,0.084887
0.473511,-0.106834,0.298971,0.342742,-0.369416,-0.017289,-0.109972,-0.034366,0.032858,0.010476,-0.463022,0.182193,-0.042682,-0.009841,-0.184808,0.282133,0.038194,0.109037,0.171064,0.020517
0.131003,0.358071,0.186954,-0.204309,0.036482,0.008141,0.280186,0.013397,0.042031,0.100034,0.222268,-0.234583,-0.041217,-0.434653,0.028001,-0.350538,0.353771,0.304125,0.057087,0.215535
-0.056561,0.143994,-0.056676,-0.171157,-0.323421,0.100438,0.165105,0.197883,0.253711,-0.216022,0.149192,-0.250929,0.169107,-0.361683,0.110053,-0.137154,-0.256275,-0.352143,0.300841,0.309312
0.232193,0.048458,0.217691,0.319744,0.235356,-0.131765,0.064544,-0.285964,-0.105867,0.024247,0.135226,0.021152,-0.007379,0.136836,0.119240,0.570657,-0.402376,0.153235,0.219223,0.113117
0.083591,-0.440516,0.012854,-0.361837,-0.089139,-0.229798,-0.434910,0.078378,0.026144,-0.369513,0.129849,-0.061898,0.039688,-0.333649,-0.090385,0.001477,0.150636,0.243696,-0.166351,0.151953
-0.273473,0.053460,0.400086,-0.074217,0.026539,0.186890,0.086505,-0.010639,-0.058954,-0.196246,-0.215579,0.341245,0.167860,0.103495,0.035357,0.090478,-0.130842,-0.110914,0.480527,0.447198
-0.156933,-0.227559,-0.353803,-0.276481,0.012166,-0.411757,0.132966,0.143108,0.033979,0.264503,0.247094,-0.353339,-0.207646,0.082391,0.056223,0.151339,0.091947,-0.078395,0.334710,-0.233448
-0.233053,0.134061,-0.089813,-0.394996,-0.074439,0.252365,0.239070,0.215903,-0.025333,0.093532,0.014617,-0.361583,-0.344003,0.324465,-0.232898,-0.252189,0.167429,-0.029605,0.187805,-0.211295
