-0.140931,-0.072248,0.423818,-0.254590,0.144148,-0.130723,-0.321243,0.072210,0.149618,0.339860,-0.137029,0.130524,0.292002,0.222645,0.153411,0.284585,0.175831,0.007943,-0.215183,-0.306357
0.092770,-0.105759,-0.089336,-0.228936,-0.213414,-0.179950,0.361637,-0.096999,-0.280821,0.183624,0.383363,0.092076,-0.341175,-0.313443,-0.238141,-0.131654,0.114535,0.114332,0.197668,-0.282351
0.166241,0.043654,0.285757,-0.370081,0.106226,-0.079531,0.144022,-0.073599,0.323111,-0.030336,0.294193,-0.357920,0.184351,-0.370824,0.111252,0.238247,0.319892,0.203325,-0.010468,0.060664
0.088153,-0.003155,0.195980,0.094724,0.116737,0.383790,-0.033566,-0.180819,0.023488,0.123596,0.480721,-0.495704,-0.348344,-0.049350,0.004535,0.126334,-0.179242,0.028342,0.003549,0.291114
0.098377,-0.006279,0.089112,0.257056,0.034819,-0.289494,0.388756,0.012154,-0.015121,0.466362,-0.139608,0.093112,0.064348,-0.338604,0.209951,0.316130,-0.375304,0.046823,0.041577,0.162784
0.081559,-0.415147,0.086468,0.006144,0.007985,0.083738,0.019346,-0.025746,0.025652,0.000477,0.195421,0.499292,0.407062,0.030744,0.315336,0.237149,0.247624,-0.006815,-0.244055,0.272003
0.144974,-0.074584,0.169163,-0.203489,-0.253805,0.161074,0.320342,0.286566,-0.221686,-0.193227,-0.312160,0.028247,-0.288796,0.169165,-0.114776,-0.108965,-0.210355,-0.306408,-0.308220,0.270870
-0.455011,0.032533,0.135624,0.404262,0.472568,0.007767,0.028865,0.121013,0.004983,0.150433,-0.207639,0.121460,0.082427,0.048746,0.073590,0.181622,-0.467823,0.013429,0.117190,0.101790
-0.148775,-0.386599,0.087709,0.526925,-0.079240,0.038117,-0.096376,0.238463,0.111472,-0.125984,0.342365,0.201412,0.093047,0.229470,0.174348,0.172277,0.054987,0.340009,-0.008843,0.207368
0.027142,0.244112,0.188610,0.251491,-0.084906,0.237800,-0.349551,-0.275415,-0.253288,0.204434,0.362647,0.254045,-0.182534,0.079492,0.048162,0.325394,0.162658,-0.263528,-0.009731,0.182254
-0.080873,-0.226682,0.177924,0.308070,0.277500,0.179119,0.206083,-0.209976,0.255102,0.240957,-0.342379,0.227317,-0.132133,-0.300183,-0.271419,0.089072,-0.078196,-0.241254,-0.158442,0.221887
0.099392,0.035450,0.209067,0.218085,-0.123822,0.372541,0.094046,0.434410,-0.053151,0.078652,0.516513,0.107724,-0.369708,0.182412,0.179803,0.049381,0.092051,0.190992,-0.093959,-0.003564
0.098590,0.009563,-0.268926,0.090408,0.010858,-0.349251,0.351134,-0.302782,-0.284434,0.056453,-0.043731,0.232557,0.091297,-0.214342,0.102442,0.251128,0.064501,0.321762,-0.399045,-0.194366
-0.207262,0.438140,0.105903,0.153106,0.168752,-0.463543,0.027537,0.049274,-0.104591,-0.306406,0.188202,-0.199490,0.123837,-0.102503,0.446017,0.110760,-0.097296,-0.012616,0.217520,0.099303
0.123695,-0.247107,0.081983,0.076162,-0.004206,0.100253,-0.295801,0.233505,-0.146999,0.080172,0.431330,0.344198,0.381256,-0.151437,0.267280,0.065323,-0.059792,-0.186124,0.367691,0.095188
0.361846,0.025635,0.358965,-0.217293,0.078737,-0.090600,-0.124740,-0.177090,0.028095,0.261423,0.423486,-0.065502,-0.282011,0.252928,-0.142199,0.288039,-0.236909,0.094178,-0.090021,-0.241783
