-0.275755,-0.289175,-0.346393,-0.105594,0.043393,-0.137943,-0.105842,-0.339034,0.185772,0.064612,-0.213339,0.003609,-0.266689,0.202664,0.156631,-0.411396,-0.294048,-0.232432,-0.083405,0.156548
0.123730,-0.044605,-0.351273,0.317775,0.345341,-0.300642,-0.193177,0.134477,0.168180,0.057923,-0.160077,0.330887,-0.179411,0.357720,0.009848,0.178303,0.031987,-0.007540,0.364194,0.027775
0.162612,0.417891,-0.324577,0.053862,-0.089569,0.082893,0.230342,0.089503,-0.110189,-0.024458,0.135715,-0.192412,0.316610,-0.440783,-0.305076,0.286168,0.031304,0.237536,0.139533,0.012730
0.341373,0.180092,-0.215457,0.431263,0.095508,-0.227565,-0.220954,0.138804,-0.181743,0.098919,-0.337229,-0.364108,0.209369,0.076679,0.011882,0.184033,-0.149067,0.148210,0.140864,0.229693
0.401355,-0.018046,0.241675,-0.189303,-0.282708,-0.338685,0.034130,0.175163,-0.036844,0.115864,0.211791,-0.075101,0.188821,0.055021,0.009441,0.016549,-0.120673,0.534988,-0.293127,0.163855
-0.386664,0.075860,-0.099436,0.200875,-0.355939,0.065050,0.024063,-0.462863,-0.109133,0.232706,0.015160,0.225871,0.383797,-0.191110,0.070985,0.217534,-0.128982,-0.229632,0.129626,0.095341
-0.019345,-0.182571,0.168327,0.040211,-0.277009,-0.293286,-0.035463,-0.234515,-0.306027,0.300683,-0.172309,-0.278614,-0.179061,0.311727,-0.289568,0.237693,0.122360,-0.305129,-0.180918,0.124771
0.090572,0.336075,-0.398545,0.207309,0.569439,0.029511,0.097705,0.236766,-0.117182,0.097158,0.023513,0.049127,0.170007,0.057471,0.365480,0.162854,0.039492,0.000136,0.212978,0.144709
0.330499,-0.046669,0.143069,0.152756,0.007432,-0.052068,0.322971,0.150110,-0.011184,0.147325,0.438747,0.065317,0.138259,-0.296814,0.171984,0.386934,0.164493,-0.258178,-0.124432,0.317611
0.135597,0.259751,-0.306420,-0.234441,0.114880,-0.496236,0.081223,0.131945,0.109667,-0.039673,0.136888,0.434509,0.089352,0.121523,0.138837,0.444672,0.134955,-0.000936,0.035644,-0.038092
0.073098,0.170079,-0.026302,0.175556,0.252318,-0.152956,0.214930,0.217003,-0.281766,0.298793,-0.197192,-0.298185,-0.162604,-0.303700,-0.147958,-0.214100,-0.271391,0.274834,0.263750,0.228584
0.162035,0.409382,0.142539,0.091816,-0.100583,0.137801,0.339021,0.354294,0.019899,-0.206466,0.062343,0.069826,0.159762,-0.358639,0.194453,0.223544,0.022851,0.000385,-0.016624,-0.461869
-0.102988,-0.224455,0.113107,0.162013,0.104475,-0.432988,0.255746,-0.394996,0.013504,0.091352,-0.428827,-0.054816,-0.313300,-0.031575,0.009232,-0.192666,0.079307,0.020375,0.163932,-0.338803
0.098205,0.355872,-0.029584,0.233714,-0.383917,-0.305495,0.225539,0.226793,-0.001003,0.075780,0.211895,0.033675,0.060402,0.143258,0.381029,0.300998,-0.040841,0.053418,-0.049105,0.382789
0.133249,0.488621,-0.093105,0.219094,0.004694,0.378666,-0.059553,0.088622,0.089987,-0.262322,-0.163908,0.036218,-0.045204,0.036693,0.011508,-0.466122,0.002256,0.004862,-0.022576,-0.453426
0.179333,0.262841,-0.384016,0.185508,0.043786,0.417962,0.037102,0.146415,0.419164,-0.014354,0.249672,0.016818,-0.320337,-0.137810,0.013147,0.346585,0.155386,-0.093797,-0.039107,0.050523
