0.374073,0.255828,0.399725,0.023869,0.011273,0.028119,-0.108500,-0.037301,-0.217985,0.122395,0.238146,0.346055,-0.343009,0.335770,-0.174955,0.047449,0.301044,0.133338,0.005550,0.097625
0.117815,0.188033,0.390290,0.179837,0.228910,-0.281511,-0.377488,0.019969,0.039831,-0.262273,0.197634,0.036053,-0.209713,0.292020,0.354640,0.101682,-0.091099,-0.002989,-0.281320,0.167349
-0.145656,0.252323,-0.023523,-0.368493,-0.200047,-0.036187,0.201020,0.029291,0.039225,-0.132346,0.008591,0.262461,0.103549,0.340296,0.331411,0.209559,0.338785,-0.381252,-0.017023,0.259763
0.198468,-0.056101,0.436484,0.116860,-0.002633,0.311823,-0.052731,-0.138070,-0.050248,0.190872,0.041352,0.222120,-0.243410,-0.042487,-0.171109,0.269998,0.113986,-0.407720,-0.200456,-0.401945
0.353161,-0.000890,0.278688,0.000335,-0.023429,0.163580,-0.274702,0.326435,-0.030061,0.174006,0.295202,0.141042,-0.140624,-0.140754,0.025313,-0.177474,-0.217980,-0.364876,0.378150,-0.233859
-0.212356,0.023560,-0.019793,-0.230646,0.321574,-0.418864,0.256429,0.006259,-0.232657,0.150482,-0.141839,0.281726,0.154510,0.315712,0.008324,-0.450640,0.082964,0.011120,0.055669,0.207481
-0.115965,0.324208,0.324863,0.171548,-0.269177,0.357763,0.235536,0.044328,-0.289459,-0.111032,0.025460,-0.311721,0.033648,-0.287254,-0.113338,0.019752,0.231242,-0.239176,-0.291101,0.048477
0.168603,-0.011057,0.153972,-0.338748,-0.026652,0.058009,-0.345644,0.014480,-0.021354,0.123594,0.675098,0.119774,0.183794,-0.004046,0.113910,-0.342143,0.104029,0.197307,0.036390,0.092158
-0.425365,0.090793,-0.046320,0.313218,0.169002,0.056747,-0.028906,0.167583,0.027898,0.090661,-0.181318,-0.338781,-0.130140,0.035123,0.022478,0.434421,0.099647,-0.015629,0.088378,0.517534
0.122318,0.086888,0.112401,0.319857,0.052203,0.193258,-0.036735,0.141588,0.184228,0.135039,0.474038,0.235584,0.014973,0.336825,-0.148328,-0.143253,0.375659,0.380579,0.099083,0.129279
-0.048572,-0.218160,-0.230679,-0.040160,-0.152382,0.337775,0.097935,0.030043,0.315637,-0.285963,-0.326071,0.230401,-0.161350,0.241128,-0.214995,-0.288729,-0.247781,-0.168084,-0.246278,0.206255
0.341120,0.021378,0.206447,0.048714,0.207791,0.092979,-0.335007,-0.382612,-0.079713,0.277168,0.466926,0.193930,0.165731,0.116121,-0.007466,0.204490,0.049941,-0.281952,-0.009383,0.155033
-0.316939,0.247681,0.219489,0.315782,0.093020,-0.263781,0.308701,-0.125203,0.015645,0.106264,0.369727,0.085025,-0.334175,-0.229747,-0.113902,0.190984,0.095973,-0.332714,0.055045,0.093792
0.427598,0.123240,-0.181112,0.227413,-0.010834,0.090793,0.119787,0.092707,0.034964,0.241794,0.512290,-0.067870,0.178922,0.195730,-0.188198,0.128676,0.230335,0.164277,0.375932,0.125498
-0.401794,-0.003798,0.128064,0.096646,0.318167,0.223684,-0.217200,-0.237568,0.146651,0.196475,0.341629,0.101757,0.111190,0.021925,0.400262,0.222365,-0.108462,0.356267,0.081308,0.054330
0.216303,-0.041913,0.308292,-0.192867,0.186862,-0.272733,-0.265703,0.046271,-0.071685,0.340783,0.026587,0.356195,0.297496,-0.039670,0.205037,0.173059,-0.329730,-0.026630,0.132333,-0.315139
