-0.446580,-0.307522,0.153495,-0.036531,-0.101238,-0.346791,0.084570,0.213631,-0.108903,-0.230731,0.057922,0.018814,0.148565,0.000894,0.054224,-0.362460,0.281955,0.165833,-0.227799,0.337210
0.284429,0.276167,-0.192002,0.266313,-0.264774,0.224044,-0.037434,0.073523,0.037515,0.032724,-0.066336,0.124158,0.163829,-0.373300,0.334810,-0.327211,-0.128223,0.093838,0.405703,0.102193
0.206346,0.281925,-0.385678,-0.082023,0.201526,-0.237047,0.200896,0.171020,0.060860,-0.227397,-0.151713,0.040619,-0.084992,0.084474,0.041320,0.245847,0.349785,-0.345230,-0.362294,0.163325
0.151547,0.228140,0.133049,-0.116822,0.030526,0.033481,0.057554,-0.125144,0.325306,0.105822,-0.030711,-0.070341,0.341591,0.346490,0.034507,0.595451,0.160627,0.344429,-0.084134,0.075449
-0.335316,0.189191,0.140887,-0.333095,-0.143607,-0.381073,0.026571,-0.342243,0.015197,0.290148,0.100112,0.069718,-0.239976,0.080059,-0.004739,0.270505,0.399051,-0.177098,0.097135,-0.027549
0.055045,-0.008678,-0.399907,0.080703,-0.011020,0.192883,-0.012625,0.373845,-0.320029,0.084998,0.396685,0.137369,0.098685,0.055554,0.002105,0.382937,0.015014,0.276708,-0.296461,0.207814
0.206132,-0.179367,0.260965,0.227770,0.240136,-0.044641,-0.196674,-0.265624,-0.314726,-0.226563,-0.232736,0.130481,0.253106,-0.062062,-0.123539,-0.221944,0.283969,0.251998,-0.274327,0.251104
0.107017,0.187617,0.116154,-0.546801,-0.068136,0.170781,-0.044097,0.271699,-0.145730,0.186922,-0.023703,0.177273,0.120075,-0.577269,-0.003421,0.270641,0.006397,-0.099610,0.070374,-0.085407
0.124531,0.369642,0.244283,0.260877,-0.118838,-0.344262,-0.182461,-0.336199,0.060603,-0.203868,0.233670,-0.249500,0.135158,0.091765,0.049269,0.265384,0.116176,0.349657,-0.068870,0.197570
0.157410,0.312234,0.101425,0.088846,0.516137,0.038966,-0.401623,-0.015596,0.121541,-0.008323,0.240437,-0.303894,-0.058981,0.065382,0.118315,-0.243945,-0.078754,-0.244230,-0.160183,-0.303839
0.265261,-0.204123,0.163303,0.269748,0.258749,0.167425,0.061292,0.287108,0.257462,-0.235253,0.248065,-0.148731,0.222809,-0.283800,0.276010,0.125252,-0.161395,0.276399,0.170975,-0.219881
-0.001669,-0.307857,0.082279,0.134431,-0.029586,0.058048,-0.366729,0.219290,0.156192,0.026666,0.315390,-0.374757,0.484010,0.050267,0.048414,0.179926,-0.322849,-0.063718,-0.201697,0.089742
-0.079972,0.239843,-0.054282,0.087439,-0.024979,-0.269661,-0.456999,0.176871,0.028509,0.255456,0.061830,0.387644,0.108619,-0.290534,-0.282735,0.074275,0.150946,-0.247333,0.267747,0.233544
0.129004,0.310355,0.245897,0.119756,0.436724,0.090108,0.272845,0.162983,0.141362,0.207224,0.196226,0.056778,0.207096,0.314448,0.043084,0.337520,0.044517,0.102922,0.016928,0.370565
-0.049324,0.499629,0.030162,0.146745,0.017783,0.105153,0.234230,-0.224711,0.036992,-0.320146,-0.074177,0.153458,-0.331467,0.097398,0.020292,0.187468,0.023596,0.010742,0.421241,-0.377916
0.269919,-0.063687,-0.259709,-0.208907,-0.327974,-0.311222,-0.263944,-0.075529,-0.136838,-0.259977,-0.268223,0.021089,-0.375073,-0.109142,0.224698,0.103578,-0.315989,-0.029164,-0.207160,0.126781
