0.268030,0.099385,0.440508,0.134860,-0.158297,-0.320467,0.147792,0.390912,-0.222225,0.136746,0.219881,0.043957,0.023942,-0.005586,-0.022253,0.290119,0.079441,0.095717,0.401878,0.151741
0.196782,0.203945,-0.117222,0.073418,-0.231725,0.072974,-0.426585,-0.241015,-0.374797,0.070620,0.141956,-0.321877,-0.083443,0.224744,0.037625,0.214127,-0.128156,-0.067748,-0.340299,0.301158
-0.278531,-0.068571,0.220921,0.105069,-0.066358,-0.177134,0.422126,0.072623,-0.359376,-0.158189,0.174571,0.017463,-0.064594,0.089897,-0.233207,0.273264,-0.211189,0.305629,0.272860,0.316067
-0.101239,0.214304,0.014621,0.100181,-0.173432,0.496388,-0.003633,0.101988,-0.020941,0.248565,0.009082,-0.246277,0.018544,0.092555,0.003912,0.462562,0.000657,-0.534031,0.014862,-0.124181
0.170353,0.239236,0.141503,0.097996,0.001060,0.127878,0.057685,-0.196994,0.055042,0.281539,0.226814,-0.357976,0.163802,0.027702,-0.300444,0.379110,0.259949,0.339925,-0.324259,0.117855
-0.205689,0.220817,-0.141383,0.076704,-0.002627,0.371230,-0.208322,0.167678,-0.417963,-0.031729,0.109761,-0.094478,0.094399,0.314654,0.292471,-0.072077,-0.218869,0.305394,0.066468,-0.364435
0.018611,-0.338877,-0.265982,0.121574,-0.004694,-0.257103,0.199194,-0.145872,0.244805,-0.258742,-0.186219,-0.254178,-0.102173,0.268804,0.190747,-0.328395,0.178415,-0.291455,-0.213886,0.237907
0.351027,0.252865,-0.017708,-0.002878,-0.092067,0.086569,0.069011,0.140947,0.196561,0.160146,0.096595,0.129805,0.059154,-0.050767,-0.579858,0.144848,-0.120370,0.528008,0.054552,0.148004
-0.254158,0.420954,0.127609,0.155615,0.070611,0.166195,0.202720,0.370159,-0.000459,0.208679,0.162477,-0.054446,0.021211,-0.172965,-0.395054,-0.268958,-0.180044,0.048690,0.373445,0.032421
0.269453,0.388197,0.039903,-0.012845,-0.045790,0.048324,0.549440,0.164670,0.502810,-0.155585,-0.144649,0.247324,0.009147,-0.006928,0.029969,0.012553,-0.054111,0.134256,-0.017142,0.244863
-0.259207,-0.085570,-0.196409,0.331486,0.049386,0.243120,-0.250968,0.316358,-0.198300,0.308430,0.315505,-0.222589,0.138981,0.132622,0.042093,0.146709,0.315977,-0.040008,0.187717,0.268319
0.332066,0.145209,-0.258406,0.178926,-0.033447,0.118012,0.141478,0.120477,0.076519,0.172368,0.564845,-0.005563,0.508225,-0.198669,-0.072349,-0.056652,-0.026759,0.112956,0.110215,0.183868
0.116650,-0.315052,-0.309132,0.078532,-0.166229,0.091909,0.200550,0.275411,-0.331678,-0.184473,-0.007456,0.217345,-0.378737,-0.126488,0.000223,0.162532,-0.192445,0.358749,0.160555,-0.254065
-0.409942,-0.271809,0.128852,0.115378,-0.040135,0.000054,0.006091,0.367925,-0.014900,-0.130149,0.495065,0.125745,0.046935,0.140453,-0.282693,0.362911,0.024595,0.066999,0.047365,-0.268675
-0.186745,0.180904,0.566399,-0.194857,0.004931,0.311628,0.188095,0.499814,0.038002,0.111955,-0.118452,0.020317,-0.379749,0.062251,0.018813,-0.009344,0.042696,0.032612,0.041319,0.098748
0.366540,-0.065844,0.419945,-0.037011,-0.257827,-0.220844,0.088100,0.208498,0.087597,-0.216675,0.110766,0.333726,0.342382,0.152526,0.014135,0.160933,0.174716,-0.330154,0.093529,0.154857
