0.402671,-0.080876,0.276706,0.139739,-0.140509,0.141548,-0.116658,0.333837,-0.003318,0.073734,-0.329126,-0.171750,0.168279,0.039575,0.398789,0.346374,0.133961,-0.218015,0.209124,0.094960
-0.262203,0.007608,0.060344,0.345665,-0.005168,0.282164,-0.294502,-0.343778,0.036364,-0.250127,-0.049924,0.029109,-0.316256,0.264386,-0.222648,0.318132,0.094798,0.030854,-0.324678,0.142238
0.117929,-0.033503,0.112797,0.078014,0.135839,0.064532,0.044036,0.339263,0.005247,-0.450360,0.326959,0.404589,-0.016929,0.252164,-0.352805,-0.016504,0.353004,-0.195418,-0.025102,0.031823
0.125085,0.160897,0.157981,0.106766,-0.026184,0.101911,0.013621,0.168292,-0.074500,0.093337,0.530946,-0.158465,0.096494,-0.065588,-0.402932,0.141125,0.076143,0.088704,0.589389,0.065761
-0.053474,0.015954,0.056709,0.075619,0.003088,-0.020539,-0.196179,0.066241,0.014900,-0.309414,0.108372,-0.142982,0.054949,-0.279961,0.360695,0.434322,-0.381659,0.026801,-0.510616,0.096201
0.310909,-0.005185,0.065371,-0.336493,-0.225274,0.100341,0.234557,0.286042,0.019620,-0.239468,0.319683,-0.336306,0.108351,0.175025,0.060913,0.364284,0.064338,-0.325829,0.099704,0.126861
0.271359,-0.128362,-0.253685,-0.199669,0.133523,0.276537,-0.278561,-0.158035,0.292648,-0.282423,-0.031003,0.061032,-0.078918,-0.318578,0.142542,0.270924,0.272280,0.318627,0.205445,0.139265
0.323135,-0.044667,0.165258,0.153421,-0.088752,-0.463928,0.061771,0.191840,-0.156914,0.157228,0.376972,0.062710,0.244582,-0.025920,0.142477,0.140230,0.124519,-0.314171,-0.300220,-0.280779
0.092629,-0.082204,0.161927,0.235552,-0.008552,-0.466431,0.037175,0.290764,0.030415,0.068924,-0.389261,-0.519693,0.058584,-0.029972,-0.236892,-0.130820,-0.059458,-0.024887,0.257874,0.154611
0.253807,0.008358,-0.260610,0.132284,0.071014,-0.325587,-0.198444,0.222563,0.039224,0.372351,0.195237,0.325525,0.057118,-0.378958,0.248444,0.029637,0.047916,-0.019654,-0.331825,0.208804
0.183184,0.018778,-0.155251,-0.248511,-0.319429,0.104919,0.325605,-0.145982,-0.251463,-0.261692,0.142608,-0.086234,0.322375,0.315157,-0.253731,0.150770,0.153083,0.260522,0.224541,0.219734
-0.007413,0.129751,0.056220,0.211443,-0.138934,0.109601,0.051618,-0.449344,0.317049,-0.008377,0.468593,0.061881,0.018782,-0.054379,0.167652,-0.468432,0.148221,-0.093864,0.199435,0.232278
0.042550,0.355021,-0.312834,0.080329,0.019579,0.062641,0.398944,-0.171605,0.149787,-0.020714,0.177711,0.045541,0.080022,-0.375222,0.078985,-0.172223,0.398432,-0.059302,0.185537,0.372312
0.067803,0.047844,-0.230287,-0.321889,-0.011028,0.239137,0.037086,0.390524,0.047804,-0.289369,-0.295299,0.130701,0.210728,0.254943,0.261641,0.207558,-0.321194,0.006369,0.105068,0.315892
0.176234,0.201716,0.193904,-0.371620,-0.074668,0.081987,0.040908,0.307581,-0.378049,-0.092457,0.204995,0.115455,0.126350,0.128954,0.387430,0.387708,0.087632,-0.285715,0.114591,-0.041196
0.187470,-0.056280,0.093388,-0.354481,-0.110257,0.144153,-0.378485,-0.342585,0.396161,-0.033502,0.145327,0.217780,0.208537,0.362205,0.258514,0.124551,-0.066588,0.005020,-0.074448,0.200296
