-0.242822,0.217904,-0.179675,0.230020,0.208930,0.306934,0.179364,0.063506,0.123921,0.227948,-0.049840,-0.367097,0.334247,0.171062,0.111496,0.355546,-0.012726,-0.165144,-0.300120,0.180009
0.094109,0.154709,0.062409,0.368145,0.013453,-0.215491,0.052058,-0.190561,0.063494,0.390028,-0.370291,-0.386803,-0.004209,0.076306,-0.061831,0.502225,0.125178,-0.104909,0.096369,-0.037435
0.005849,-0.285711,-0.135460,-0.344849,-0.001786,-0.288946,-0.033991,0.270238,-0.313839,0.186929,0.069265,-0.233817,0.303537,0.302073,-0.149575,0.251398,-0.127404,-0.291147,0.178355,0.169463
0.507710,-0.068378,0.173562,0.056404,-0.276126,0.167102,-0.020397,-0.562481,-0.009456,0.076430,-0.161543,0.152583,0.012682,-0.105189,0.032647,0.326886,0.102850,0.248432,0.153087,0.114430
-0.019018,-0.004897,0.241901,-0.194304,-0.398949,0.318200,0.058869,0.427572,0.010815,0.129189,-0.333893,0.135591,0.412991,0.057166,-0.043993,0.177555,-0.248726,-0.177326,-0.049948,0.082933
0.083503,0.009677,-0.207802,-0.357797,-0.236545,-0.232296,-0.137192,-0.111049,0.335771,-0.375257,0.316587,0.184360,0.026441,0.060558,0.018367,0.121243,-0.234407,-0.248187,0.396149,0.002794
0.137376,0.098761,-0.171425,0.221024,-0.294148,0.256000,-0.316626,-0.289691,0.007301,0.302808,-0.161930,-0.141237,0.249464,0.151078,0.290556,0.203752,-0.183399,0.165871,-0.276669,0.265143
0.079397,0.035147,0.192778,0.103602,0.004701,0.265877,-0.010378,0.057167,-0.047576,0.106063,0.192698,0.489699,0.050492,-0.297329,0.043101,0.364469,0.158774,-0.213151,0.461869,-0.265350
0.422751,-0.001814,0.308498,0.114413,0.024217,-0.144748,-0.014769,0.301421,-0.295773,0.051349,0.339596,-0.286888,0.051829,0.063421,0.037113,0.193019,-0.099241,-0.019999,0.459619,0.214047
0.101070,0.287189,0.249110,0.169590,-0.061022,0.013260,0.054693,0.077061,-0.365393,-0.014358,0.285779,0.301546,0.169339,0.065655,0.541672,0.190828,0.202233,0.049941,0.263810,0.146786
0.299297,0.044826,0.314997,0.183133,-0.282612,0.198713,-0.327356,-0.175388,0.303568,-0.037234,0.137596,-0.309300,-0.004813,-0.275280,0.328686,-0.224232,0.081524,-0.165601,-0.191054,-0.074469
0.024695,-0.043840,0.166708,0.060942,0.024682,0.138302,0.011446,0.051710,0.197732,0.512247,0.174009,0.325589,0.060779,0.075875,-0.087643,0.421320,0.169534,-0.490004,0.186693,0.085418
-0.060758,-0.199086,0.485976,0.319005,0.334492,0.039161,-0.056874,0.093140,0.181161,-0.060069,0.164695,0.128702,0.201626,0.232571,0.415745,-0.250754,-0.223031,0.130859,0.054092,0.114174
0.404327,0.203773,0.308638,0.148291,-0.031715,0.055959,-0.224781,-0.457663,-0.019360,-0.076709,0.169425,0.276806,0.008503,0.128573,-0.007486,0.073245,0.184211,0.023504,0.491687,-0.061467
0.099624,-0.351005,-0.274251,0.016023,0.057797,0.109798,0.431844,-0.468921,0.100927,0.090670,0.077253,0.294003,0.034785,0.062908,0.049166,0.088306,0.117252,0.466363,0.074981,0.081039
-0.369900,-0.080348,0.197827,0.232545,-0.252280,-0.254425,0.197077,-0.214737,0.024973,0.004247,-0.062055,0.007821,-0.306178,0.138708,0.020624,0.403210,-0.099549,-0.377640,-0.248107,0.235701
