0.173811,0.012150,-0.199082,0.106151,-0.108674,0.247582,0.119405,0.133854,0.335147,0.179847,-0.401758,0.252944,-0.184543,0.044188,-0.001162,0.454962,-0.256093,-0.361966,0.009783,0.060837
-0.165367,-0.340411,0.023282,0.017792,0.343489,-0.373347,0.276126,-0.210070,0.004616,0.113881,0.140938,-0.375637,-0.261386,0.115965,0.198647,-0.148079,0.053803,-0.030230,-0.390036,0.071518
0.019093,0.345704,-0.041566,0.094356,-0.221662,-0.011602,-0.331607,0.090072,-0.248642,-0.396226,-0.107683,0.240056,0.200389,-0.257669,0.145121,-0.045025,-0.158279,-0.341966,-0.078146,0.369286
0.122248,0.099558,0.476535,0.110255,-0.263777,0.233593,-0.155917,0.237449,0.039748,-0.047169,0.253872,0.209972,0.124234,0.216592,-0.374229,0.232019,-0.006821,-0.238112,-0.313224,-0.087422
0.108846,-0.114685,0.369361,0.289963,-0.263698,-0.186224,0.025141,-0.127935,-0.000154,-0.237906,0.191464,-0.263261,-0.300176,0.072870,0.100421,0.213480,-0.241826,0.282086,-0.226416,0.361004
-0.348423,0.151769,0.111076,-0.161397,0.367656,0.082779,0.140652,0.011983,-0.342201,0.199954,0.201936,-0.154781,0.299123,-0.342887,0.251771,0.180009,0.237310,-0.016308,-0.222494,0.156488
-0.288443,-0.227190,0.357812,-0.162605,0.258234,0.167280,0.260829,-0.136014,0.279195,-0.002673,0.075752,-0.166396,0.280199,0.311839,-0.313554,0.199977,0.127552,-0.035037,0.047295,0.290410
0.152826,0.089332,0.163381,0.392554,-0.313640,-0.353558,0.012898,0.095742,-0.007861,0.198352,0.488230,0.301183,0.268001,0.030406,-0.084885,0.190613,0.071250,-0.248619,0.052749,0.026865
0.140512,0.068336,0.043692,0.395246,0.393802,0.129060,0.075564,-0.359407,0.023160,0.125665,-0.300285,0.321405,-0.169158,0.244124,0.005016,0.202723,0.253231,-0.092138,0.299761,-0.096091
0.134090,-0.227422,-0.388040,0.121673,0.005841,0.287833,0.129681,0.074613,-0.030056,-0.288829,0.302594,-0.193077,0.017598,0.198227,-0.429942,0.234000,0.275241,0.040275,0.058254,0.294115
-0.177149,-0.157190,0.300279,-0.121275,0.251053,0.337522,-0.295506,0.093945,0.068471,-0.157660,-0.239597,-0.263925,0.250989,-0.167817,0.207932,-0.068366,-0.202859,0.302991,0.213658,0.302748
0.420850,0.397885,0.197552,0.148173,-0.006542,0.136906,-0.008551,0.060052,0.217692,0.247009,0.299645,0.250745,0.248685,0.018915,-0.244204,0.205488,0.141083,0.217429,0.251114,0.160504
0.180490,0.125421,-0.198392,0.024540,-0.082084,-0.327778,0.012775,0.079094,0.376164,0.004935,0.354348,-0.096010,0.059781,0.018805,-0.140900,-0.140657,0.276509,-0.362722,-0.383308,0.341053
0.169398,0.066270,-0.365535,0.033372,-0.276963,0.094135,0.284891,-0.095610,0.199543,-0.249152,0.502888,0.386959,0.121895,-0.022069,0.046515,0.245569,0.071979,0.029337,0.228475,0.125403
0.131295,-0.283692,0.353609,-0.066615,-0.018965,-0.221885,-0.068254,0.212631,-0.381835,0.201213,-0.094861,0.158636,-0.177799,0.356787,0.023093,-0.051930,-0.296012,-0.389909,0.116883,0.193491
0.406155,0.004598,0.244135,-0.332989,-0.037984,0.304702,0.252414,0.242057,0.012221,0.008405,-0.294562,0.090754,0.152973,-0.176970,0.073740,0.196242,-0.210678,-0.284036,0.228984,0.276689
