0.237563,-0.185190,-0.002281,0.183381,-0.500093,0.299849,0.033250,0.298876,-0.024821,0.043759,0.308470,0.121184,0.147135,-0.132122,0.104667,0.123600,0.124930,0.068496,0.486424,0.102885
0.109955,-0.100375,0.128359,0.049845,0.207357,0.023380,0.327367,0.243838,0.035202,0.103090,0.316197,0.020107,0.323853,0.053718,0.053467,0.384370,-0.406113,-0.005542,0.408753,-0.214595
0.346728,-0.147703,0.030947,-0.172339,-0.260815,-0.280277,-0.240942,-0.201822,0.068341,0.031852,0.345432,0.229435,-0.275202,0.011419,0.142601,-0.319005,0.008991,0.262060,-0.242440,0.280700
-0.127748,-0.019710,0.108271,-0.414925,-0.048373,-0.217026,0.018270,0.103437,0.048818,0.060396,0.249125,-0.356929,0.061915,-0.437657,-0.350107,0.192796,-0.388826,0.071532,0.041497,0.174055
0.088518,0.013344,-0.149070,-0.363526,-0.079766,0.331329,0.359459,-0.356644,-0.001324,0.108934,0.185560,0.222188,-0.299635,0.136126,-0.031353,-0.026778,0.327990,0.021698,0.362926,0.140083
0.077946,0.103383,-0.362416,0.138920,0.290396,-0.107457,0.239832,0.284797,0.117872,0.099081,0.206630,0.063710,0.077220,0.297705,-0.307906,-0.028932,-0.336358,0.165233,0.221794,0.384390
0.239083,0.258841,0.264883,-0.281543,0.224711,-0.094004,-0.234228,0.008454,0.234685,0.304101,-0.234882,0.293423,-0.041339,0.175009,-0.180182,-0.194790,0.203369,0.240170,-0.264951,-0.226582
-0.274763,0.095513,0.422812,0.375633,0.080671,0.052713,-0.152190,0.207175,0.074016,0.098825,0.374313,-0.428361,0.044353,-0.138639,-0.089194,-0.157174,0.077123,-0.301941,0.173488,0.015255
0.066371,0.164974,-0.205641,-0.043691,-0.053330,-0.293111,0.023796,0.164846,-0.110669,0.263794,-0.016348,0.327224,0.180299,0.094462,0.063810,0.270958,-0.313009,0.006320,0.259490,0.578130
-0.341979,0.454350,0.199986,0.200852,0.313951,0.011425,0.072023,0.298890,-0.403293,0.178624,0.259324,0.056765,0.204175,0.040224,0.200950,0.137674,-0.037452,0.074785,0.156462,0.062631
-0.176035,0.240447,-0.138910,-0.317054,0.057087,-0.142287,-0.310326,-0.160905,-0.293285,0.209492,-0.039228,0.260343,0.235631,0.314946,0.261246,0.101860,0.204803,-0.302841,0.211699,0.186143
0.061785,-0.161306,0.083683,-0.000859,-0.136919,0.050839,0.046092,0.129060,-0.063372,-0.413741,0.375470,0.076098,0.554615,0.206395,0.164647,0.205466,0.073985,-0.304081,0.148928,0.247872
0.359260,-0.313555,-0.149456,-0.021795,0.173127,-0.159167,-0.248848,-0.042569,-0.367439,0.099669,0.162054,-0.284183,0.076268,0.208087,0.331688,0.310257,0.031921,0.328528,0.096061,-0.072266
0.138127,-0.190471,0.222320,0.318187,-0.047654,0.077716,-0.091817,0.456909,-0.202388,0.018900,0.336286,0.319827,-0.272704,0.041860,-0.039764,0.123593,0.061673,0.316762,0.161843,0.297420
0.082176,0.217380,0.060614,0.079085,-0.137131,0.383666,-0.172745,0.194627,0.264218,0.051107,-0.146990,0.164071,0.098641,0.032382,0.002913,0.113599,0.284428,-0.118532,0.135565,0.666612
0.039822,0.082694,-0.219404,0.085772,-0.012343,-0.327045,0.191244,0.295171,0.007943,-0.352866,0.280119,-0.305573,-0.122143,0.032972,0.274241,-0.327626,-0.197733,0.163181,-0.266747,-0.270957
