0.211326,0.292943,0.316604,0.276248,-0.033836,-0.262828,-0.101812,0.042305,-0.194184,-0.190496,0.233755,0.031306,-0.277904,-0.084023,0.143128,0.178465,0.477514,-0.039603,0.069342,-0.331596
-0.163654,0.244226,-0.025062,0.222750,-0.280497,0.106892,-0.024410,-0.332112,0.033951,0.375427,-0.129544,0.316654,0.060365,-0.033519,0.129083,0.278371,0.414396,0.174198,-0.297393,-0.117240
0.263195,0.282617,0.384057,-0.270843,-0.038140,-0.304046,-0.024872,-0.037598,0.383113,-0.324690,0.107098,-0.054799,0.397079,0.026916,-0.222221,0.086133,0.025161,-0.113465,-0.152575,0.124149
0.250806,-0.015217,-0.096141,-0.220911,-0.239390,0.131111,-0.013868,0.096639,-0.179810,0.283219,0.254574,0.025166,0.026567,-0.104238,-0.047306,0.225894,0.695154,0.131933,-0.198342,0.109464
-0.031555,-0.056101,-0.052287,0.333773,0.316750,-0.175938,0.519401,-0.217862,-0.320003,0.059876,0.172827,0.165592,0.358379,-0.015461,-0.006380,0.251346,0.080942,-0.005550,-0.009327,-0.267127
-0.023181,-0.293463,-0.414199,0.354304,-0.007790,0.055874,0.212243,-0.341038,-0.016770,-0.217406,0.090348,0.136458,0.248696,0.019246,-0.400224,0.147034,0.186881,0.025564,0.104101,-0.294873
-0.122070,0.222190,0.338461,0.151953,0.160325,-0.208330,0.222636,-0.171237,0.286318,-0.239472,-0.283824,-0.266737,0.026983,-0.005743,0.006983,0.362927,-0.341705,0.025442,0.314093,-0.102328
0.224229,-0.108515,0.171178,0.215660,0.045071,-0.545483,0.001754,0.071394,-0.142465,0.044768,0.252529,0.458764,-0.014940,0.030555,-0.000703,0.423405,0.258603,0.049485,0.104233,0.017251
0.390181,-0.114034,-0.038952,0.235878,-0.018830,0.015472,0.198956,0.146175,0.074017,-0.281363,0.296286,-0.297943,-0.405989,0.022596,-0.452335,0.213874,0.075294,0.036937,-0.069487,0.165249
0.202503,0.038132,0.080409,0.464333,-0.230740,0.064598,0.260180,0.097393,-0.389701,0.017160,0.293272,0.043500,0.390119,-0.028624,0.023284,0.236052,-0.012695,-0.020012,0.045434,-0.385891
-0.210422,-0.332508,0.363078,-0.019266,0.240945,-0.247729,-0.089105,0.208714,0.185132,-0.141047,0.202362,-0.304959,0.241599,0.068552,0.324804,-0.192651,-0.208974,-0.194868,0.017507,-0.257467
0.619057,-0.150488,0.157696,0.258822,-0.021665,0.005118,0.438828,0.038378,0.183742,0.193171,0.185890,-0.033714,0.102272,0.127809,-0.078992,0.246427,-0.158687,-0.123308,-0.110129,0.233844
0.031493,0.430549,0.185958,-0.320283,0.392766,-0.170630,0.211291,0.018333,0.041795,0.010731,0.099356,0.034052,0.161505,-0.118636,-0.328337,0.370410,-0.038223,-0.294353,0.009247,0.248725
0.340686,0.241506,-0.019553,-0.076530,0.013789,0.171954,0.309401,-0.325188,0.017600,-0.087475,0.307059,0.052124,0.311219,-0.007230,0.025902,-0.135510,0.065702,0.398961,-0.389393,0.228285
-0.266493,-0.168223,0.191228,-0.402542,0.075044,-0.331895,-0.195294,0.144394,-0.125705,0.335533,-0.304615,-0.246289,0.074171,0.064877,-0.205506,-0.396911,0.135230,-0.091841,-0.001216,0.096229
-0.362327,-0.142508,0.443362,-0.361955,0.073866,0.282151,0.140095,0.067521,-0.045303,0.225955,0.139479,0.147616,0.069522,0.038705,0.179911,0.244365,0.306906,-0.345936,0.013149,-0.069115
