0.144696,-0.164993,-0.095216,0.089502,0.374230,-0.137983,-0.336303,0.438626,0.094288,0.160063,0.105012,-0.063876,0.258647,-0.407371,-0.062880,0.185466,0.269363,-0.165738,-0.209502,0.073815
0.350993,-0.112256,-0.226382,0.379670,-0.166461,-0.261067,-0.271112,0.174570,0.004914,0.248384,0.299000,0.117396,0.194517,0.305455,-0.109019,-0.065670,0.299103,-0.068293,0.242726,0.060674
-0.291853,0.341587,0.024110,0.181955,-0.004070,0.067460,-0.055750,0.113857,0.187549,0.054382,-0.130961,0.261971,0.102299,-0.198823,0.148910,0.404225,0.337561,0.264799,0.283942,-0.345895
0.173046,0.045575,-0.470000,0.154012,0.059477,-0.011922,-0.068732,0.369220,0.042079,-0.129281,-0.178552,0.097417,0.065829,0.085657,-0.441735,0.170049,-0.375995,-0.171836,-0.317436,-0.106741
-0.128710,-0.275056,-0.104433,-0.202109,0.019014,0.068550,-0.032203,0.077934,0.024120,0.067939,-0.228933,0.354306,0.329494,0.389443,0.224689,0.174456,0.007752,0.338308,-0.366017,-0.266607
-0.191085,0.203278,0.079318,-0.036201,-0.401937,-0.278483,-0.490897,0.132690,0.209504,0.049555,0.197040,-0.041842,0.159036,-0.138442,-0.028662,0.277825,0.427013,0.054548,0.044236,0.142155
-0.232516,-0.280204,-0.130867,0.124095,-0.152337,-0.267938,0.239503,0.178697,-0.231192,-0.146571,-0.275860,0.174431,-0.294658,-0.153369,-0.250027,-0.287834,-0.174357,0.188207,0.297470,0.243166
0.060044,0.132783,0.175576,-0.238382,0.042616,0.140590,0.183186,0.229765,-0.082454,0.636917,0.159691,0.097757,-0.314545,0.172769,0.120884,0.201467,-0.251435,0.005009,-0.281084,0.097048
0.152236,-0.352570,0.160234,0.133595,0.074560,0.186374,-0.101694,0.219886,-0.131752,0.381869,0.156911,-0.040320,0.161381,-0.134470,-0.007183,0.444645,0.245069,0.258178,0.143306,0.362550
0.170165,0.346917,0.156591,0.357514,0.191471,-0.048885,-0.253087,0.309824,0.028091,-0.204778,0.034598,0.093364,-0.050258,-0.089622,0.012271,0.472037,-0.048068,-0.014167,-0.407677,0.210676
0.261775,-0.134775,0.310437,0.304219,0.117205,-0.222181,0.274460,-0.308232,-0.214165,0.186325,0.019480,-0.256064,-0.242213,0.116265,-0.106267,-0.307260,0.209773,0.261246,0.031013,0.230908
0.278704,0.183760,0.060048,-0.450518,0.075555,-0.015536,0.131882,0.166111,-0.101904,0.125047,0.232255,0.315365,0.220692,0.024138,0.362782,0.478174,0.022072,-0.080888,-0.008116,0.187042
0.105979,0.317559,0.158260,0.364264,0.255259,0.034504,0.312688,0.147136,0.010527,-0.125774,0.111713,0.033148,0.385990,0.301163,0.102169,-0.021990,0.136898,0.305889,-0.382779,0.073989
0.053535,0.241388,-0.061072,0.141269,-0.474517,0.377348,0.166199,-0.044800,0.262984,-0.344297,0.086721,0.078203,0.231020,0.143795,0.194141,0.309829,0.236026,0.011768,-0.039219,0.227020
0.419884,0.209249,0.040991,0.099119,0.242498,0.383070,0.040017,0.109450,0.341986,-0.289694,0.366240,-0.001670,0.134389,-0.020947,0.055893,-0.347409,0.042379,-0.149834,0.048578,-0.212947
0.130580,0.192962,0.160575,0.254694,-0.336017,0.275386,0.072948,0.198679,0.135204,0.134948,-0.192898,0.159304,0.293452,0.185486,-0.431981,0.311565,0.056070,-0.107261,-0.250723,-0.201824
