-0.240954,-0.262270,-0.041656,0.230184,0.103054,-0.028452,0.204993,0.432826,0.270511,-0.331565,0.097477,0.051448,0.415148,-0.180725,-0.211349,0.204065,0.018791,0.057599,0.005146,-0.295582
-0.347925,0.085715,0.087140,-0.251508,-0.254660,-0.322106,0.209014,0.328447,0.311755,0.305977,0.112648,0.118665,0.224868,0.007524,-0.169173,0.357407,0.034916,0.047798,-0.084911,-0.212847
0.387678,0.056940,0.074789,-0.022135,0.333383,-0.360092,-0.224944,-0.169849,0.017859,-0.357990,-0.066706,-0.134513,0.071301,-0.349899,0.048743,0.261797,0.229283,-0.306408,-0.082983,0.131657
0.544565,0.328324,0.224732,-0.107183,-0.190544,0.167306,-0.119703,0.114016,0.155391,0.208713,0.362578,-0.092928,0.190949,0.142069,0.279470,0.220915,0.033382,0.002688,0.162320,0.152332
0.350525,0.407959,-0.001212,0.154409,0.051913,-0.082680,0.069284,0.243290,-0.244998,-0.258060,0.461986,0.059304,0.064367,-0.296532,-0.273262,0.270467,0.020520,-0.000638,-0.035171,0.167966
0.136361,0.131991,-0.271069,-0.356642,0.016684,0.104570,-0.353461,-0.275325,0.085980,0.113210,0.210284,0.021176,-0.458558,0.010965,0.357863,-0.164013,0.012011,0.061631,-0.235359,0.248567
-0.151331,-0.127119,-0.312722,-0.136224,-0.274857,0.314579,-0.095153,-0.298025,-0.167372,-0.180821,0.289563,0.248213,0.195290,0.290065,-0.260469,0.272503,-0.234161,-0.097755,-0.140154,0.132793
-0.420872,-0.451459,0.088963,-0.046049,0.015323,-0.305822,0.104493,0.106214,-0.021831,0.179540,0.410831,0.087507,0.131000,0.492732,0.078899,0.071305,-0.001079,-0.070322,0.048572,0.073100
0.301942,0.008238,-0.355941,0.078813,0.026760,0.102122,0.273093,0.154280,-0.203775,0.245655,0.008280,-0.316827,0.069280,0.458873,0.042983,-0.009689,0.461265,0.182802,-0.015780,0.016587
0.280615,0.369298,0.042556,0.045371,0.288120,0.096149,0.157538,-0.070096,0.184117,-0.401457,-0.300226,0.069604,-0.001335,0.413974,0.347779,0.150647,0.151453,0.045405,0.066823,0.156468
-0.230935,-0.286459,-0.213307,0.230645,0.260802,-0.283647,0.274384,-0.053241,0.198709,-0.086077,-0.109548,0.287804,-0.190539,0.146902,0.241585,-0.296526,0.061908,-0.270078,-0.306175,-0.151321
0.553009,0.169496,0.042511,0.166964,0.142776,0.072999,0.061350,0.075344,0.083137,0.143808,0.036455,0.078156,0.441275,0.001444,-0.060788,0.215010,-0.442773,-0.336067,-0.017074,0.107946
0.125016,0.335497,-0.184804,0.377379,0.054884,-0.159219,0.023581,-0.142973,0.149543,0.093000,0.077891,0.030019,-0.366227,0.378363,0.215346,0.272370,0.285117,0.318679,0.136501,0.092646
0.185939,-0.189874,0.036951,-0.020363,0.349183,0.365327,0.288422,0.143614,0.152195,0.237750,0.247613,0.014717,0.144068,0.335503,0.159125,-0.313368,0.065756,-0.327698,0.036076,0.239421
-0.132863,0.324589,0.086646,0.097335,0.134226,-0.402669,0.223088,-0.286799,0.050077,0.173204,0.182221,0.341880,0.174246,-0.429799,0.189667,0.148148,0.038507,0.013702,-0.190830,-0.232674
-0.230922,-0.272382,0.347283,0.025590,0.058659,0.229959,-0.311423,0.170464,-0.086784,0.160139,-0.040692,0.182111,-0.276209,-0.359390,0.104730,-0.450010,-0.090930,0.052131,0.087364,-0.251622
