-0.122154,0.059862,-0.248865,0.060128,0.056139,0.038484,0.167295,0.094979,0.260658,0.290173,-0.025161,0.429690,0.046021,0.123555,-0.472172,-0.268864,-0.270683,-0.129273,0.360251,-0.067197
0.172795,-0.215323,0.062013,0.069041,-0.005513,0.128789,0.090241,0.284990,0.001173,0.343251,0.299091,-0.261677,0.225316,0.025238,0.386995,0.064528,0.394212,-0.205535,0.206663,-0.296214
0.117470,-0.306285,0.101866,-0.264472,0.036445,0.374811,0.046398,0.075902,0.292374,0.211979,0.419607,-0.299057,0.039282,-0.273306,0.068924,-0.292672,0.118824,0.144958,-0.253386,0.020899
0.005140,0.037807,0.185131,-0.522806,0.119907,0.096241,-0.047265,-0.097246,0.328996,0.152828,0.371099,-0.169462,-0.201984,0.119457,-0.213391,0.119960,0.471666,0.021671,0.108831,0.088382
0.051258,0.018084,0.349859,0.139031,0.034266,-0.227680,-0.138463,0.071050,-0.393026,0.147460,0.211630,-0.226918,-0.313887,0.382044,-0.046941,-0.220418,0.090049,-0.067260,-0.429408,0.115302
0.065618,-0.445770,0.149841,-0.078693,0.020461,0.096670,0.173957,0.090377,-0.235280,-0.020931,0.084098,0.363282,0.107372,0.489363,0.304496,-0.016627,-0.041633,-0.051250,0.416000,0.062378
-0.192049,-0.146844,-0.253472,-0.095663,-0.265115,-0.133351,-0.308406,0.169984,0.290730,-0.292257,0.025856,-0.245272,0.224140,-0.289122,0.246586,0.213939,0.298612,0.111393,0.099973,-0.270805
0.539117,-0.098999,0.130769,0.131658,-0.000269,-0.136423,-0.132414,0.148454,-0.390838,0.151323,0.417148,0.130071,0.084517,-0.035279,0.095577,-0.100056,-0.414355,0.123141,-0.025487,0.159102
0.148259,-0.194179,0.044441,0.122950,0.344120,0.119535,0.010922,0.111763,-0.290082,0.178089,0.191988,-0.366048,-0.252960,-0.271579,0.175890,-0.235029,0.122583,-0.407820,0.146070,0.254147
0.431981,0.002455,0.195478,0.218623,-0.040776,0.105944,0.088823,0.133670,0.062174,0.294996,0.426005,0.141235,0.136578,0.254848,0.162215,0.338879,-0.015173,-0.345446,0.139612,0.180585
-0.168585,0.303861,0.209093,-0.044979,0.204904,0.237762,0.142439,-0.108806,0.275245,0.021965,-0.133957,-0.213882,-0.253945,-0.257047,0.301138,-0.285165,-0.257273,0.285267,0.305211,-0.140157
-0.034877,0.002931,0.124488,0.161664,-0.022637,0.082164,0.086066,-0.067258,0.024723,0.169332,0.491471,0.142441,0.162174,0.501509,0.112532,0.116953,0.159282,0.301605,0.091313,0.466908
-0.391163,0.226614,0.103558,-0.231591,-0.303109,0.168096,-0.250957,0.163255,-0.320613,0.311710,0.152788,0.255104,0.123486,-0.300465,-0.236183,0.035110,-0.244029,0.055648,0.050871,0.073207
0.151889,-0.393837,0.161597,-0.065252,-0.167073,0.044466,0.087495,0.104509,-0.346255,0.255457,-0.431473,0.245518,-0.310608,-0.089770,0.066388,0.083881,0.427506,0.056358,0.066846,-0.070700
0.092651,0.558717,-0.015413,-0.113544,-0.050008,-0.058361,0.038101,0.104117,-0.030316,0.120409,-0.457280,0.272155,-0.092944,0.398361,-0.121703,0.367675,-0.065266,0.063067,0.114024,0.103762
0.208686,-0.366363,0.153699,0.130674,-0.279087,-0.229738,0.021658,0.186179,-0.147904,-0.195725,0.464440,-0.109406,0.124394,0.139825,0.059366,-0.120282,-0.380178,0.060601,-0.329734,-0.133870
