-0.166682,-0.393997,0.197965,0.043642,0.097785,0.319012,-0.369674,-0.125984,0.015674,0.039296,-0.356168,0.059113,0.219058,-0.063016,0.108655,0.226363,-0.114040,0.358938,0.223185,0.270612
-0.164827,0.275609,0.328692,-0.008778,-0.211893,0.066779,-0.268450,0.142600,0.137318,0.123835,-0.212849,0.218859,0.444106,-0.120971,0.230024,-0.002876,0.094463,-0.343864,-0.346007,0.089070
-0.291849,0.079930,0.368840,-0.412054,0.337317,0.356313,0.113126,-0.151542,0.143073,0.159100,-0.079690,-0.218370,-0.199443,-0.135129,0.066031,0.138869,0.002554,0.350239,0.088545,0.118686
0.148019,0.104867,0.099040,0.126856,-0.143144,0.027909,0.013441,-0.067799,0.025534,0.122048,0.348229,-0.162786,0.496157,-0.413711,0.418716,0.027640,0.006390,-0.007406,-0.282133,-0.280581
0.075476,-0.471776,-0.030834,0.056553,0.013046,0.054249,0.028539,-0.143050,-0.479303,0.079758,0.197823,0.136546,0.285332,-0.394722,0.093168,0.402713,-0.037473,0.168320,0.073924,0.077725
0.029245,0.062031,-0.397201,0.228036,0.162766,-0.356003,0.044403,0.108662,0.369558,0.115907,-0.159300,0.269416,-0.340811,-0.047467,0.083061,-0.088774,0.277088,0.131940,-0.123082,-0.357812
-0.222091,-0.184522,0.316347,-0.128359,0.111094,-0.280359,-0.007996,-0.071412,-0.289794,-0.291916,0.199004,-0.231240,-0.221206,0.196376,0.218606,0.228931,-0.220032,-0.228461,0.277944,0.275942
0.152696,0.011688,0.054786,-0.489571,0.109006,0.078462,-0.011600,0.064110,-0.023917,0.078421,0.108207,0.512422,0.048466,0.113891,0.326300,0.056456,-0.091790,0.061110,0.541321,-0.020182
0.017842,0.008352,0.265016,0.218123,0.026035,-0.010828,-0.328453,0.085514,0.098887,0.458474,-0.473982,0.117776,-0.168631,0.235694,-0.407716,0.142433,0.163273,0.074432,-0.028975,0.061318
0.090653,0.101684,0.130191,0.148233,-0.188096,-0.134537,-0.260801,0.028131,0.106784,-0.325618,0.210209,0.376597,0.432543,0.173317,-0.321528,-0.235209,-0.372395,0.028252,-0.002934,-0.038306
-0.079532,0.271471,0.213419,0.266844,0.163469,0.292403,-0.236132,-0.208820,-0.290725,0.293079,-0.300308,0.006631,-0.237802,0.216214,0.200109,0.166383,-0.047431,0.167874,-0.262712,0.246007
0.184805,0.002451,0.123357,0.156817,-0.017637,-0.687514,0.451772,0.012708,0.019146,0.174567,0.208304,0.096132,0.198937,-0.175982,0.000393,0.134490,0.246980,0.078784,0.097284,0.003289
0.150310,-0.264733,0.329013,-0.025744,-0.001260,0.289509,-0.023344,-0.237107,-0.197847,-0.089612,0.183944,0.210442,-0.264260,0.165117,-0.250381,-0.237269,0.368452,-0.084281,0.205774,0.362280
0.303571,0.281068,-0.333715,0.120531,-0.329330,0.034277,-0.356667,0.117800,0.028920,-0.099274,0.290241,0.204014,0.122230,0.266501,0.187058,0.016739,0.246352,0.215437,0.155248,0.251475
-0.235998,0.009660,0.077967,-0.154328,-0.306202,-0.295991,0.133661,-0.048510,-0.010487,0.223008,0.218839,-0.390459,0.039837,0.104952,-0.337762,-0.076742,0.209716,0.317645,-0.416195,0.108922
0.113553,-0.224900,-0.288310,-0.119616,0.205327,0.018474,0.239521,0.016298,-0.076641,0.107164,0.502196,-0.176808,-0.243059,-0.267360,-0.317092,0.092159,-0.122941,0.135807,0.365206,0.177777
