-0.342545,0.113062,0.060327,-0.246419,0.255284,-0.319507,0.102929,0.169574,-0.328526,0.287172,0.023903,0.212107,0.143372,0.344639,-0.003850,0.305567,0.339931,-0.014973,-0.000494,-0.120254
-0.294629,-0.206094,0.175854,0.207621,-0.004234,-0.351626,0.116819,-0.036537,-0.068286,0.063679,0.263905,-0.007223,-0.307002,-0.189116,-0.358053,-0.401375,0.151772,0.224781,0.294524,0.002802
0.149015,0.178664,0.166020,0.198954,-0.295675,-0.294706,-0.343451,-0.314516,0.316026,0.176367,-0.265991,0.006650,0.026188,-0.023327,-0.392767,0.187413,0.081107,-0.259669,-0.020394,-0.144082
0.079217,-0.120147,-0.256214,0.129901,-0.044405,0.273316,-0.069897,0.106291,0.036893,0.615301,0.279564,0.460034,0.024640,0.098273,-0.095133,0.268537,0.015762,0.180545,-0.059111,0.080019
0.201370,0.028508,0.222956,0.097139,0.032161,0.019106,-0.068257,0.100763,0.027848,0.085021,0.166130,-0.236762,-0.281644,0.317619,-0.403440,-0.068927,0.249123,0.013310,0.467638,-0.403703
0.105620,-0.260664,0.044536,0.274562,0.207249,-0.211798,-0.332002,-0.199416,-0.308016,0.128817,-0.182204,0.155653,0.333149,0.155584,-0.251699,0.055710,0.377459,0.022817,0.156496,0.260185
0.226472,0.166019,0.008297,0.281853,-0.284502,0.294893,0.198323,0.243228,0.280055,-0.110886,0.197777,0.115118,-0.246058,0.304104,0.025537,0.192736,-0.234453,0.288285,0.134146,-0.291982
0.175292,-0.296130,-0.014888,0.168403,0.121842,0.117593,0.088241,0.066382,0.041396,0.566059,0.219926,0.151810,0.077321,-0.369511,0.417338,-0.262424,0.103715,0.004073,0.144587,0.036734
0.454763,-0.158312,0.319227,0.329330,-0.322846,-0.099221,0.197590,0.069993,0.345925,-0.225371,-0.255097,0.189785,0.049196,0.096038,0.071811,0.141021,0.246393,0.050826,-0.086488,0.144012
-0.053840,0.267144,-0.335463,0.345330,0.060873,0.266118,0.051992,0.383606,0.074148,-0.016175,0.159384,0.312168,0.082724,-0.223820,0.025698,0.134396,0.240895,-0.141569,-0.368264,0.227161
0.194884,-0.184131,-0.108754,0.146833,-0.286735,0.383612,-0.353889,-0.183022,-0.385801,-0.175478,0.208644,0.088345,-0.088636,0.123100,-0.056932,0.287388,0.315235,-0.186010,-0.085878,-0.159547
0.215795,0.424902,0.373095,0.077185,0.091305,0.492514,0.184655,-0.056148,-0.005629,0.317526,0.203826,-0.269273,-0.091992,-0.047377,0.127803,0.205024,-0.126910,0.145825,0.131930,0.028609
-0.026420,-0.305358,0.274075,0.072357,-0.344301,-0.303172,-0.132858,-0.171023,-0.383075,-0.311383,0.032394,0.175774,-0.384412,0.087749,-0.255306,-0.054283,0.082654,0.028781,0.145161,0.200911
-0.243218,0.352401,-0.201758,0.230540,-0.112620,0.277928,0.093957,0.027488,-0.120134,-0.319934,0.111047,0.159546,0.070126,-0.003917,0.188655,0.381142,0.361724,0.049307,0.380398,0.070326
0.194314,-0.081405,0.298037,0.036788,0.161495,0.125729,-0.316701,-0.319095,-0.341906,0.111825,0.266818,0.132412,0.289997,-0.315736,-0.302835,-0.316946,0.084660,0.035196,0.089818,0.104269
0.295326,-0.358599,0.374336,-0.194633,0.012058,0.095698,0.133639,-0.169315,-0.030391,-0.203772,0.305331,0.007611,-0.276257,0.120991,-0.060255,0.125573,-0.337454,0.156308,-0.217587,-0.344398
