-0.012680,-0.266242,0.082251,0.265563,0.275658,-0.267798,0.189261,0.319180,0.136381,0.234467,0.293247,0.432327,0.151769,0.110709,-0.061307,-0.185402,-0.169297,0.337630,-0.001713,0.060907
-0.213358,0.048805,-0.146877,-0.077742,-0.143587,0.345298,0.091083,0.447957,-0.329617,-0.389760,0.192455,0.272398,-0.143880,-0.197745,0.067226,0.139848,-0.002369,0.202078,-0.165352,0.227611
0.187407,0.289272,-0.117530,-0.005426,0.168674,0.031429,-0.116368,0.233343,-0.377723,0.114994,0.219952,-0.103028,0.027812,0.446136,0.002616,0.011972,0.155877,-0.287903,-0.494565,0.057402
0.190698,0.001688,0.414429,0.100112,0.120871,-0.433258,0.311860,-0.024160,-0.024805,-0.163691,0.161120,0.388163,0.050784,0.101928,0.067483,0.292387,0.350913,0.047917,-0.201350,0.093080
-0.250795,0.028818,-0.234794,0.027699,0.489465,0.091515,-0.162061,0.297127,0.472301,0.069202,0.170503,0.145343,0.041759,0.064842,0.041446,0.270601,0.190295,0.011455,0.096431,0.336586
0.121685,0.395102,0.275278,0.039639,-0.111093,-0.352718,-0.088215,-0.121480,0.332345,-0.109921,-0.355823,0.093809,-0.229634,0.081631,-0.099766,0.226291,-0.046821,-0.027913,0.416182,0.194337
0.203174,0.258771,0.110704,-0.141474,0.268947,-0.293057,-0.074656,0.179527,0.143040,-0.134061,0.237398,-0.357952,0.282918,-0.325592,0.235746,-0.114314,-0.237366,0.054208,-0.129652,0.331302
0.068310,0.029330,0.398550,0.122896,0.087744,0.122044,0.422729,0.029629,-0.287291,0.240770,0.208583,0.362230,-0.100380,0.008432,-0.048353,0.179710,-0.455206,-0.105152,0.109252,0.167765
0.150771,0.008591,-0.113631,0.428381,0.035568,-0.487532,-0.239324,0.049721,0.472379,-0.043715,0.213766,0.203582,0.033150,0.140141,-0.103012,-0.046971,0.112792,-0.333831,-0.053966,-0.096147
0.151809,0.021097,0.088596,0.058747,0.536798,0.174132,0.145027,0.021616,0.051652,-0.346300,0.426232,0.173094,0.218837,0.181710,0.020628,0.222061,0.125711,0.041414,0.166303,0.339393
-0.283268,0.304996,-0.293304,-0.292438,-0.180557,-0.308147,0.153601,0.102931,0.224652,0.168526,-0.285371,-0.244996,-0.066649,0.320620,-0.032182,-0.094010,0.253258,0.163193,-0.001725,-0.255402
0.243353,0.285685,0.059576,-0.118436,0.107088,0.458435,0.173866,0.344136,0.048566,-0.083111,-0.228420,0.568648,-0.105222,0.034145,-0.022712,0.224520,0.053279,0.067938,0.100540,0.075953
0.163913,0.014847,-0.307130,0.199652,0.129566,0.027370,-0.186669,-0.284493,0.300392,-0.143816,0.222587,0.097248,0.044554,-0.264673,0.028389,-0.360039,-0.340996,-0.167566,0.121632,-0.416967
0.457182,-0.017198,-0.002263,0.106199,0.013408,0.330183,0.041220,-0.148011,-0.115150,0.089653,0.062418,0.134096,-0.390121,0.025157,-0.398869,0.069902,-0.087509,-0.363992,0.178007,0.338790
0.053268,-0.278724,0.392937,0.420303,-0.022000,0.220586,0.087027,-0.083319,0.213176,0.185081,0.469576,0.068368,0.088959,0.069038,-0.053575,-0.021650,0.142474,0.076376,-0.307089,-0.288851
0.323000,0.358709,0.035485,0.355974,0.120433,-0.162379,-0.379347,0.094114,-0.269435,-0.009784,0.244845,0.181455,0.059360,0.248424,-0.060771,-0.441018,0.120833,0.007524,0.038343,-0.016356
