-0.242051,-0.288793,0.182712,0.017518,0.207137,-0.182878,-0.326654,0.313726,0.053496,0.161275,0.561546,-0.325223,0.055444,0.000447,-0.251103,-0.107361,0.069817,-0.010134,-0.096994,-0.028772
0.076398,0.242738,-0.124489,0.208387,0.358594,-0.030580,0.255158,0.213178,0.338196,-0.057591,-0.181330,-0.163005,-0.229246,0.071950,0.344457,0.384522,0.264270,0.040938,0.122675,0.219767
0.003688,-0.061414,-0.205964,-0.206859,0.217232,-0.302562,0.299950,0.173439,-0.042536,0.005334,0.027764,-0.393771,0.053985,-0.297268,0.040770,-0.080859,-0.251630,-0.352291,0.379357,0.252455
0.523838,-0.094107,0.088227,0.101939,-0.292782,-0.375425,0.008983,0.188350,-0.110865,0.377995,0.424900,0.063162,0.110611,0.002132,0.112459,0.167379,0.089217,0.035748,0.096291,0.158837
0.398338,0.337915,-0.019278,0.216920,0.014225,-0.093464,-0.420319,0.149808,-0.012234,0.156398,0.258242,0.049705,0.027580,0.001444,-0.001822,-0.097381,-0.413711,-0.319075,0.071023,0.299395
-0.378767,0.010602,-0.326574,0.067070,0.019172,-0.304052,0.419306,0.039070,0.216007,0.123735,-0.194199,0.231632,0.106892,-0.160521,0.048527,-0.373674,0.031010,0.025134,0.338159,-0.163263
0.324403,0.264233,-0.305353,-0.278663,0.333848,-0.287221,0.102191,0.206140,-0.032570,-0.097489,-0.159039,-0.173999,0.272809,0.007566,0.321405,0.314700,0.065720,0.227876,0.086699,0.021132
-0.030315,0.009191,-0.073012,0.233194,0.058046,0.382487,0.064684,0.252798,-0.181383,0.165589,0.573690,0.096164,-0.364594,0.039797,0.056046,0.059355,0.059409,0.375508,0.156171,0.112873
0.108372,-0.257768,0.220180,0.432207,-0.010325,-0.116750,-0.054645,0.314865,0.378140,0.137038,0.082353,0.137211,-0.289156,0.031417,0.272454,0.159218,0.106065,-0.023935,-0.349554,0.255141
-0.139532,-0.027467,0.091137,0.071950,-0.188098,0.181279,0.219654,0.132989,-0.505804,-0.416530,0.303532,0.019033,0.099659,0.092097,0.003939,0.280535,0.038146,0.083220,0.086418,-0.444196
-0.224093,-0.192693,-0.241551,0.276375,0.195370,0.067171,0.378131,-0.270946,0.021265,0.198499,0.122652,0.163262,-0.358747,0.222899,0.020206,0.285796,0.126884,0.375841,0.101406,-0.095829
0.053694,-0.002243,0.224502,-0.330327,-0.113727,0.042582,-0.079981,0.232918,0.076737,-0.115670,0.677998,0.202550,0.172742,0.050450,0.081414,-0.204323,-0.056673,0.116328,0.330608,0.188195
0.229015,-0.044994,0.358315,-0.284617,-0.193642,0.320537,-0.178570,-0.095385,0.340678,0.071524,0.162485,0.222608,-0.206808,-0.201311,0.299634,0.174335,0.072695,-0.315161,0.183802,0.126128
0.124633,0.028244,0.164120,0.075557,0.233228,0.091047,0.131760,0.347037,0.335686,0.122196,0.370258,0.263319,0.109451,0.332084,-0.191384,0.294421,0.315796,-0.058030,-0.202131,0.164246
0.086129,0.338733,0.061247,-0.393975,-0.005735,0.073700,-0.227915,-0.187496,0.000153,-0.418706,-0.216412,0.358986,0.138085,0.033439,0.123849,0.127544,0.089869,0.035054,0.236768,0.397660
-0.030130,0.318229,-0.178084,0.162181,-0.358504,0.161168,-0.111280,0.221672,0.315862,-0.346458,0.361906,0.046522,-0.249817,0.034268,0.127923,-0.198828,0.090845,-0.256290,0.197595,-0.195908
