0.073914,0.104008,0.324692,0.065976,-0.173175,0.159448,0.041207,0.357524,-0.252913,-0.073822,0.293968,0.276803,0.179434,-0.309621,-0.191315,0.385381,0.223188,-0.280978,-0.120777,-0.004953
-0.277789,0.011815,-0.228878,-0.021023,-0.012913,0.433673,0.114537,0.226586,-0.262909,-0.057626,0.047875,-0.280291,-0.003913,0.275871,0.214403,-0.106955,-0.058646,0.384981,-0.119663,-0.405430
0.038351,0.230681,0.295016,-0.071550,-0.313520,-0.251286,-0.157066,0.376818,-0.080885,0.432379,0.285728,-0.187105,0.103935,-0.005176,0.331264,0.204417,0.149013,0.148841,-0.090539,-0.003251
0.162842,-0.031951,0.220092,0.115050,-0.141022,0.208805,-0.206856,0.328602,0.030393,0.121014,0.152018,0.219541,0.367295,0.357059,-0.038817,0.238508,-0.412959,0.030552,0.202449,0.276424
0.496902,0.060369,0.274271,-0.250382,-0.006474,0.167055,0.057012,0.062775,0.016882,-0.378935,0.182868,0.039289,0.399951,0.088151,0.258803,-0.054608,0.032742,0.055536,0.174107,-0.354069
-0.359895,0.187393,0.391053,0.190912,0.000134,-0.259431,0.303478,0.422309,0.171875,0.180865,-0.177645,0.109580,-0.130440,-0.029771,0.111914,0.130819,0.382265,0.002806,0.021715,0.090979
-0.203468,-0.016012,-0.131098,0.286870,-0.230401,0.251463,-0.303413,0.197276,-0.286674,-0.241328,0.219179,0.233846,-0.069897,-0.277366,-0.260863,-0.010756,0.216279,0.184589,-0.293751,-0.226498
-0.320249,0.488573,0.192241,-0.027810,-0.037473,0.118628,0.117080,0.169592,0.034203,0.021049,0.203012,0.169637,0.043705,0.144238,0.526980,0.148661,0.118946,-0.356242,0.146985,0.079207
-0.008500,0.040125,0.233160,0.380010,0.100187,0.082206,0.084608,-0.375703,0.027238,0.060587,0.195311,0.379115,0.009577,-0.195462,0.026869,0.277311,0.290751,0.399908,-0.049062,-0.292169
0.129334,-0.093637,0.484658,0.107739,-0.042901,0.078655,0.170592,-0.462549,0.039491,0.246137,0.181752,0.254229,0.049973,-0.073874,0.027894,-0.133901,0.141520,-0.002044,0.274933,0.441397
-0.281882,0.103926,-0.285914,0.082334,-0.255805,0.088984,-0.204254,0.175628,-0.027115,-0.133667,0.325050,0.254936,0.324073,-0.234903,-0.317595,-0.304744,0.189149,0.137588,-0.270607,-0.064578
0.142048,0.104608,0.232700,0.111696,-0.109816,-0.487943,0.065595,0.088219,0.048519,0.492986,0.127482,0.091264,-0.511226,0.056672,0.081451,0.183210,0.157988,0.129837,0.123084,0.091211
-0.027978,-0.309308,0.442708,0.298664,0.170784,-0.241273,0.359976,-0.172228,0.034063,0.142304,0.279111,0.179806,-0.009633,-0.125150,-0.395183,0.046176,0.231495,0.002976,-0.044363,0.102291
-0.128537,-0.244249,-0.045073,-0.227338,0.314519,-0.262038,0.243711,0.145896,0.047199,0.275575,0.164878,0.105609,-0.185116,0.071343,-0.098629,0.202389,0.221312,0.044488,0.485373,0.358804
-0.360863,-0.184557,0.113380,0.117059,0.000294,0.419390,-0.439583,0.126717,0.298097,0.015422,0.186512,-0.056973,0.031413,-0.227284,-0.376267,0.265974,0.050356,-0.027071,0.096498,0.138939
-0.260426,-0.065569,-0.134959,0.069777,-0.270584,0.108943,-0.253393,-0.290511,0.407075,0.041312,-0.119342,0.221932,0.154600,-0.397163,-0.116047,0.169783,0.055824,0.276898,-0.322941,0.179390
