-0.291608,0.073699,0.132881,0.069371,-0.141907,0.249612,-0.343557,-0.254666,-0.253861,0.338245,0.484630,-0.115072,0.130468,0.114190,0.200318,-0.164700,0.148493,0.204534,0.158001,0.092775
0.182339,-0.000088,-0.404945,-0.024347,-0.127198,0.361801,0.105226,0.318661,0.401255,-0.121207,0.288020,-0.041662,-0.222168,-0.252374,0.108235,0.090648,-0.056133,0.055353,0.339134,0.166987
0.105426,-0.000751,-0.000237,-0.408476,0.264943,0.220875,0.173443,0.227960,0.355100,-0.080250,0.276588,-0.328425,-0.305324,-0.198573,0.055550,-0.226739,0.217567,0.132626,-0.056395,0.221013
0.086938,0.287389,-0.242170,0.225268,-0.004948,0.338823,0.166172,0.222750,-0.058562,-0.040793,0.142301,-0.432464,0.050847,0.163830,0.077245,-0.107023,0.177065,0.043164,-0.264657,0.495911
-0.289040,0.384746,0.164677,-0.317195,-0.324001,0.100475,-0.093197,0.026152,0.001090,0.138087,0.121327,-0.275822,0.082277,0.412998,0.263126,-0.136101,0.041639,0.357740,0.101668,0.035251
0.174191,-0.276770,-0.190079,0.087432,0.011610,0.039937,0.206452,-0.414056,0.185372,0.423280,0.232867,0.272681,0.315727,0.073927,-0.028775,-0.272512,0.284036,0.043381,0.082203,-0.147718
0.215131,-0.239131,0.127388,-0.104244,-0.246068,-0.133470,-0.254438,0.162871,0.055728,-0.258961,-0.284549,-0.275984,0.102747,0.277284,-0.248167,-0.225357,-0.336787,-0.299323,0.232582,0.124815
0.061966,-0.036183,0.177509,0.106735,-0.010197,-0.397608,0.071531,0.074331,-0.167921,0.133297,-0.336470,0.160854,0.119110,0.040515,0.379997,0.021677,0.341946,0.053205,0.563218,-0.019778
0.100340,-0.048339,0.127583,0.187712,-0.156946,0.046966,-0.002978,-0.020043,0.133756,0.166794,0.080852,0.631843,0.069809,-0.213940,0.249859,0.138973,-0.371603,0.203321,0.378386,0.048679
-0.305664,-0.012083,0.108186,0.340627,0.030233,0.069263,0.152183,0.314212,0.061193,0.258154,0.231356,0.352977,0.141073,0.115669,0.140894,0.360242,0.147905,-0.219626,-0.354848,0.153785
-0.267318,-0.005288,-0.007875,-0.279780,-0.168041,0.194116,0.127966,0.339723,-0.322734,-0.053343,-0.183893,-0.051517,0.091637,-0.254152,0.299321,0.296058,-0.339047,-0.251068,-0.090810,-0.269308
0.359398,0.066633,0.102652,0.106438,0.027104,0.226320,0.082716,0.073912,0.035341,0.195934,-0.043576,-0.243398,0.045557,-0.660498,0.368312,0.269290,0.104103,0.094961,0.050208,0.102983
-0.179408,-0.116476,-0.118737,-0.182845,0.017465,-0.278259,0.194317,0.096975,-0.303208,0.094207,0.181146,0.380863,-0.169332,0.382382,0.256408,0.289876,-0.299688,-0.251362,0.127692,-0.095790
-0.084806,0.346710,0.117223,-0.286266,-0.083407,0.039802,-0.082896,0.188782,0.118013,0.132774,-0.299103,0.193121,-0.315586,0.003257,0.189132,0.352524,0.409992,0.117991,0.032322,-0.353321
0.192141,-0.419819,0.041059,0.133204,0.101155,0.106260,0.155002,0.356003,0.015843,0.079635,0.401437,0.444070,0.040334,0.009362,0.117772,0.103820,0.423621,0.075437,0.117828,0.069158
-0.229774,0.322125,-0.289776,0.102710,0.322851,0.361255,0.064556,-0.041114,0.279162,0.156420,-0.314266,-0.252925,0.110318,0.091536,0.178769,0.084118,-0.351678,0.036824,-0.167207,-0.174977
