0.059127,0.105497,0.010575,-0.174435,0.161023,-0.047661,-0.230698,0.043880,-0.369604,-0.002728,0.376136,0.097070,0.457603,-0.341778,0.172736,-0.121381,-0.299725,-0.283717,0.100526,0.180977
0.080345,0.047754,-0.183252,0.206241,0.232972,-0.114481,0.332007,0.345810,-0.205457,0.089277,0.447732,-0.232700,0.018341,-0.240605,0.256797,0.071574,0.046001,0.214343,0.091014,-0.357098
0.213414,-0.338058,-0.100975,0.010433,0.336003,0.414354,-0.162725,-0.196375,0.334140,0.049850,-0.133466,-0.200173,0.211396,0.134336,0.272515,0.003910,-0.035756,0.063926,0.306267,-0.268403
-0.235050,0.001516,0.089110,0.234354,-0.028594,0.068980,-0.296338,-0.336293,0.392090,-0.413070,0.269753,0.118512,0.395001,0.137144,0.132371,0.040557,0.029747,-0.180411,-0.191696,-0.006935
0.090725,0.023400,-0.078290,0.084410,-0.163003,0.044152,0.471790,0.006986,-0.411544,0.405917,-0.156551,0.237762,0.198234,0.084886,0.093914,0.032008,0.416430,-0.242811,0.112925,-0.100832
-0.026207,0.406839,-0.195867,-0.228672,-0.104357,0.066866,0.053829,0.260862,0.255755,0.041147,0.203669,0.154010,0.078945,0.119873,-0.209457,0.342551,0.459862,-0.151968,0.322354,0.065068
0.270595,0.204040,-0.126716,-0.251418,-0.291883,-0.231328,0.165995,-0.065920,0.110837,0.186681,-0.215490,0.315023,-0.290141,-0.287147,0.183088,0.071802,0.286243,-0.312095,0.009841,0.240235
0.093454,-0.012370,0.127172,0.221038,0.013003,0.098417,0.073068,0.018022,0.527899,-0.176328,0.286956,0.156782,0.069329,-0.108197,0.139249,0.068136,0.158539,0.482297,0.428371,0.109901
0.121165,0.142511,0.232878,0.322799,-0.058852,-0.327010,-0.236134,0.004585,-0.277070,-0.331624,0.219522,0.197396,0.172009,-0.020920,-0.334176,0.305471,-0.249055,0.186269,0.063822,-0.175193
0.334344,-0.107411,0.223511,-0.100062,-0.014298,0.093515,0.091050,-0.108875,0.416326,-0.430818,0.188220,0.153243,-0.397058,-0.189496,0.241560,0.229205,-0.172079,-0.118760,0.075156,0.126328
0.299715,-0.268826,-0.249680,0.256747,-0.306600,0.223812,-0.268768,0.066637,-0.221984,0.176292,-0.212683,0.191500,0.209958,-0.244180,0.315044,-0.034889,-0.207155,0.186736,-0.194064,-0.083613
-0.310320,-0.216039,-0.559724,0.116678,0.158863,0.320798,-0.123596,-0.032923,0.070267,0.006851,0.442007,-0.080384,0.222390,-0.219877,0.158399,0.114303,0.151094,0.090892,0.077612,0.075670
-0.051612,-0.204440,0.404868,-0.192034,-0.130397,-0.166754,0.356278,0.280335,-0.268983,-0.334752,0.239062,0.304701,0.080346,0.110165,0.032537,0.348808,0.038355,-0.087189,-0.094900,0.103014
0.089875,0.098990,0.267293,0.379431,-0.022943,0.004423,0.152599,-0.104504,-0.281223,0.177996,0.254767,0.165244,0.145807,0.257338,0.100299,0.411115,-0.195605,0.189695,-0.365444,-0.233716
0.123448,0.152526,-0.129991,-0.163971,0.306039,0.103898,-0.130293,0.131100,-0.353936,0.094988,0.225584,0.094343,0.106888,0.452903,0.379681,-0.157243,0.324140,-0.052510,0.290630,0.085397
-0.327233,0.026014,0.121733,0.231594,0.009037,-0.303393,-0.057125,0.119558,0.080909,0.136286,0.183330,-0.273104,-0.360195,0.296652,0.000675,-0.401397,-0.001549,0.063862,0.388230,0.217071
