-0.289906,-0.273856,0.119844,0.053138,-0.330105,0.168969,0.226788,0.240576,0.101519,0.062080,0.435294,0.299967,0.143666,-0.247855,-0.002993,0.321096,0.254948,0.180843,-0.017713,0.010967
0.281881,-0.150403,-0.163190,0.313991,0.019306,-0.224679,-0.229751,-0.150079,-0.234695,0.107239,0.178724,0.330972,0.096395,-0.163461,0.338555,0.075716,-0.013563,0.238558,0.342765,-0.327911
-0.066276,0.403840,-0.092420,0.312844,-0.016816,-0.238799,0.088548,-0.143251,-0.027313,0.041841,-0.373327,0.059316,0.223409,-0.116010,0.050259,0.137263,-0.362948,0.332552,-0.397945,-0.098131
0.582271,0.321684,0.114603,0.092987,-0.045034,0.404395,-0.051247,-0.237388,0.078890,0.120772,0.309188,-0.010998,0.048987,-0.334534,0.119960,0.212329,0.063552,0.043181,0.071995,0.098768
0.365565,0.099687,-0.207630,-0.098716,0.021929,0.098572,0.089871,0.082595,-0.519949,-0.066493,-0.505120,0.029853,0.059320,0.008857,0.058856,0.114278,0.059977,-0.004348,-0.057210,0.469743
-0.377907,-0.215357,-0.123846,0.085823,0.031722,0.094239,0.212022,-0.222021,-0.115246,0.205189,0.412486,0.218777,0.272974,-0.070472,0.087226,0.406341,0.210321,-0.104865,-0.270907,0.172493
-0.298228,-0.208697,0.298864,-0.115807,-0.093113,0.034529,0.229417,0.275732,-0.151974,-0.093527,-0.272425,-0.198017,0.219953,-0.278134,-0.246982,0.254213,-0.270450,-0.174305,-0.232193,-0.268667
0.474777,0.105870,0.077354,0.115429,0.219959,-0.042708,-0.221954,-0.354178,0.211838,0.193938,0.396712,0.072773,0.071878,0.020951,0.099194,-0.087212,0.035759,-0.339071,0.365207,0.036347
0.387808,-0.231526,0.043874,-0.021247,-0.294439,-0.092999,0.039744,-0.368502,0.213079,-0.015562,0.232411,0.431747,-0.106603,0.125120,-0.220377,-0.165694,0.011900,0.118081,-0.345445,0.195922
-0.306101,0.342993,0.043738,-0.166814,0.060019,0.177603,-0.238808,0.056230,0.094999,0.295565,0.436220,0.029815,0.148010,0.058258,-0.002434,0.077035,0.053778,-0.024334,-0.483334,0.328153
0.068599,0.020124,-0.248729,-0.112733,0.198646,-0.313602,-0.252605,-0.315746,0.251184,0.208707,-0.187228,-0.260908,-0.283260,-0.063619,0.171909,0.311470,-0.284085,-0.050099,0.214658,-0.262834
0.371063,0.175730,0.050065,0.196350,0.505432,0.035479,0.068206,0.189109,-0.578861,0.089337,0.247108,0.057556,0.120355,0.079391,0.059833,0.115080,-0.005671,-0.126967,0.044264,0.173422
0.191633,-0.316972,0.159793,0.293086,-0.086770,0.049269,0.157085,0.239888,0.120643,0.148068,0.363060,-0.119331,0.184539,-0.166358,0.054751,-0.259400,-0.251790,-0.383283,-0.363170,0.049506
0.219554,0.309021,-0.001023,-0.037084,-0.220288,0.326808,0.177214,-0.259917,-0.305518,0.342440,0.211919,0.115986,0.052143,0.209737,0.132371,-0.338209,0.028175,0.047708,-0.298864,0.246293
-0.089365,0.397937,0.096986,-0.088291,-0.382955,0.081584,0.185974,0.052778,0.032074,-0.449109,0.266558,0.140680,0.062938,0.080186,0.115460,-0.262230,-0.152171,0.331709,-0.042263,-0.323642
0.392754,-0.124397,-0.042893,-0.284697,0.073407,0.089964,0.097131,0.356787,0.026353,-0.218122,0.119642,0.147005,-0.293954,0.340826,0.271512,0.170655,-0.111946,0.292749,-0.320610,0.080809
