-0.199343,0.112526,0.481396,-0.176990,-0.034707,0.372812,-0.187483,-0.030253,-0.283735,-0.281843,0.065044,-0.114540,0.152951,0.035994,0.044374,-0.316123,0.105010,0.337208,0.081037,-0.270346
-0.232002,0.351118,-0.158314,0.101474,-0.002530,0.339804,0.214230,-0.297382,0.140026,-0.129416,-0.023229,-0.074149,-0.351568,0.074059,-0.263343,0.139296,0.159986,-0.078176,-0.212173,-0.448076
-0.034228,-0.323809,0.152016,0.086748,-0.000989,-0.348675,-0.161332,0.317190,0.344648,-0.148990,-0.348619,0.139262,-0.098593,-0.375938,-0.279730,0.059747,0.027478,0.293118,0.115272,-0.019755
0.256452,0.080801,0.099378,0.271964,-0.258842,0.226686,0.007675,-0.017236,0.091940,0.311134,0.436448,-0.321673,-0.051890,0.051637,-0.028374,0.222460,0.289268,0.418705,0.013480,0.105256
0.069500,-0.008237,0.444121,0.390034,0.013995,-0.026820,0.028261,0.107665,0.035266,0.184598,0.017799,0.005759,0.087762,0.193975,0.381135,-0.084726,0.147636,0.508108,0.284775,0.194726
0.057226,-0.267753,0.206662,-0.241235,0.002239,-0.326007,-0.380813,0.002910,-0.293402,0.155481,0.361362,0.201385,0.068294,-0.028414,-0.041607,0.101070,0.191763,0.204787,0.016793,0.441599
-0.260280,-0.221800,0.335909,0.071029,-0.242452,0.074061,-0.358876,-0.291641,-0.144370,-0.197649,-0.153461,0.073356,-0.318798,-0.263761,-0.214248,-0.290270,0.198343,0.009324,-0.119459,-0.207768
0.170020,-0.106768,0.334389,0.048652,0.105870,0.164159,0.368309,0.043933,-0.001705,-0.150934,0.358227,-0.168131,-0.093879,-0.003941,0.160756,0.656296,-0.001114,0.092085,0.114204,0.058936
0.104997,-0.008361,0.072361,0.182591,0.359582,0.048270,0.090638,0.125948,0.024041,0.115809,0.217364,0.125775,-0.360597,0.028892,0.018511,0.544076,-0.298961,-0.080185,0.058402,0.437175
-0.050894,0.050958,0.168038,0.196435,0.053154,0.186869,0.120042,-0.003833,-0.020706,-0.320224,0.746664,0.044050,-0.075126,0.059058,-0.233139,0.234099,0.001456,-0.037117,-0.265835,0.151867
0.047406,0.172590,0.365918,-0.143361,-0.348290,0.065167,-0.182197,-0.387573,0.201287,0.139067,-0.223427,0.317189,0.064605,-0.125964,-0.008671,0.240355,-0.252684,-0.078287,0.055911,-0.378393
0.159872,-0.093903,0.185372,0.032574,-0.047837,0.053360,0.129525,-0.382862,0.007735,0.145524,0.555836,0.293462,-0.371958,-0.183825,-0.176016,0.132995,0.310029,0.028324,0.161072,0.041416
-0.167479,0.071177,0.389826,0.022400,0.223235,-0.026797,0.156994,0.400193,0.184003,0.074756,0.224201,0.185282,-0.026066,-0.002553,-0.440043,-0.130150,0.460972,-0.101854,-0.142256,-0.025579
0.163127,0.115945,-0.461291,0.297580,-0.171503,-0.197459,0.056508,0.070059,0.123721,-0.375007,-0.085868,-0.010739,0.051688,0.012802,0.076174,0.521502,-0.104951,-0.294595,-0.086687,0.180981
0.237512,0.012723,0.063679,-0.250434,-0.115254,0.220043,0.300998,0.281468,-0.151071,0.096414,0.589188,0.057207,0.133942,0.006659,-0.004655,0.375657,-0.224040,0.168928,0.155871,0.021054
0.467421,0.027686,-0.258146,0.260030,-0.048917,-0.158514,0.361460,0.015870,0.028252,0.220662,0.285146,-0.188377,0.302618,-0.261612,-0.194056,-0.101473,-0.246455,0.021730,0.167441,0.156735
