0.247804,-0.267198,0.113583,-0.303852,-0.029778,-0.228382,0.147386,0.145231,-0.271777,-0.126227,0.326782,0.335961,0.208652,-0.256898,0.310266,0.231511,0.154795,0.128967,0.238047,0.002283
-0.169038,-0.101280,-0.141012,0.032281,-0.064485,0.079131,-0.335232,-0.411036,-0.284200,0.172790,0.023157,-0.093191,0.004641,-0.006479,0.460254,-0.440183,-0.043928,0.013037,0.004166,-0.347663
0.015816,-0.083256,0.224505,0.011232,-0.108402,-0.054321,-0.026653,-0.151185,-0.075596,0.385379,-0.149253,0.398785,0.274478,-0.169161,-0.021399,-0.384212,0.475850,-0.192932,-0.191672,-0.126722
0.653561,0.110645,0.091530,0.095377,-0.006617,0.100304,-0.010865,0.026432,0.031486,0.197466,0.083683,0.197614,0.107566,-0.020699,-0.185180,0.202399,0.518936,-0.026608,-0.027685,-0.296910
-0.479227,-0.308512,-0.508712,0.145797,0.001448,0.314099,0.098309,-0.221862,0.001607,0.183575,0.018851,0.327156,-0.022182,-0.001501,-0.177922,0.092814,0.103062,-0.191512,0.080363,0.044250
0.023319,0.485649,0.044295,-0.202418,-0.396175,0.189994,0.069937,0.357723,0.010742,0.184010,0.130539,0.228725,0.018111,0.155010,-0.198373,-0.374624,0.288966,0.012798,0.008562,-0.060304
-0.252082,0.088928,0.272431,0.306308,-0.289973,0.273921,0.232108,-0.074710,-0.328213,0.038440,0.080629,-0.117660,-0.237765,-0.295402,0.206537,-0.181759,0.279379,0.277305,-0.173799,-0.087975
-0.061747,0.062034,-0.540092,0.016454,-0.486151,0.178545,0.051423,0.011021,0.082265,0.120335,0.118554,0.172216,0.023530,0.098875,0.167250,-0.453239,0.149396,-0.041209,0.094248,0.296298
-0.388038,-0.158395,0.158622,0.130441,0.108972,0.223343,0.118272,0.197385,-0.012748,-0.344914,0.041574,-0.302315,0.103784,-0.137616,-0.169205,0.501732,-0.068829,0.059051,0.130618,-0.346186
0.316095,0.139930,0.122876,0.140555,0.014867,-0.048283,0.090344,0.073530,-0.015791,0.535442,0.059343,-0.534826,-0.013898,0.374675,0.136734,-0.067472,-0.074892,-0.252966,-0.073792,-0.118963
-0.199866,-0.317614,0.217855,0.279702,-0.263132,-0.333636,-0.022224,-0.138834,-0.005500,0.046268,-0.241311,0.368134,0.227873,-0.309603,-0.156292,-0.323450,0.159019,-0.062426,-0.175760,-0.018250
0.736274,0.112360,0.154741,0.012186,-0.115068,0.138862,0.079786,0.064913,-0.098980,0.204854,0.051395,-0.246736,-0.000236,0.054957,0.112746,0.456790,0.170484,-0.003242,-0.011769,0.095891
-0.025977,0.031115,-0.077326,-0.021117,0.301048,0.225194,0.147900,0.045287,-0.426699,-0.217953,-0.113724,-0.299836,-0.235969,-0.268811,0.141787,-0.072064,-0.427262,-0.248296,0.143870,0.275889
-0.059705,-0.177833,0.256961,0.193849,-0.091691,0.227996,0.289309,0.040237,0.396120,0.206969,-0.197745,-0.479882,-0.101974,-0.085837,-0.196667,-0.082115,-0.414248,-0.045746,-0.095919,0.016634
0.084621,-0.380356,0.059501,0.222473,0.029430,-0.349682,0.032900,-0.140716,0.312848,0.182137,-0.416415,-0.376766,0.031539,0.012349,-0.317942,-0.125022,-0.099921,-0.000712,0.178424,0.212179
-0.223380,-0.003838,0.026786,-0.280934,-0.120660,0.151162,0.055552,-0.069379,0.054732,-0.024102,0.294195,0.408670,0.021395,-0.337768,-0.238546,-0.154828,0.477586,-0.260460,-0.094096,-0.260376
