-0.184550,-0.110593,0.001015,-0.255298,0.077201,0.232894,-0.351109,-0.282031,0.003563,0.186765,0.391743,0.052053,-0.421497,-0.411937,-0.072988,-0.027837,-0.006323,-0.011597,0.199064,-0.202960
0.213780,-0.306750,0.127220,-0.179171,0.008945,0.361878,-0.304556,-0.145645,-0.268750,0.240004,0.285277,-0.195044,0.217579,0.180178,-0.297291,0.239752,0.131114,0.017305,0.272263,-0.019364
-0.119716,0.192084,-0.364070,-0.003548,-0.013274,-0.342471,-0.202582,-0.274745,-0.258422,0.260642,0.162951,-0.248405,-0.091467,0.273302,0.333015,0.215741,0.041635,-0.271665,0.168737,-0.121414
0.370551,-0.512365,0.167862,-0.042901,0.054073,-0.060509,-0.166468,0.257992,0.085627,0.162215,-0.115758,-0.386058,0.297243,0.058933,0.037039,0.355346,0.016330,-0.003843,-0.129550,0.191519
0.183398,0.244561,-0.220836,0.041606,0.076065,0.087741,0.068674,0.396225,0.053901,-0.009683,-0.479362,0.377060,0.323873,-0.086266,0.045170,0.239241,0.338339,-0.010456,0.086702,-0.110405
-0.372657,0.408658,-0.125986,0.238590,-0.008894,-0.212582,-0.100721,0.364592,-0.159807,0.110915,0.336502,0.036804,0.093373,0.096021,0.260281,0.155096,0.011982,-0.282827,-0.296784,0.051002
-0.071437,0.250734,-0.129651,0.247368,0.245756,0.365586,-0.160628,-0.142031,0.032581,-0.193694,0.304352,0.087455,-0.334721,-0.286892,-0.226494,-0.111546,-0.114377,0.266260,0.335974,-0.142146
-0.190659,0.330501,0.275395,0.077253,0.528657,0.219920,0.025187,0.235039,-0.012269,0.123973,0.133628,0.397455,0.097842,0.032516,0.056554,0.364758,0.004228,0.106336,0.080430,0.181301
0.169768,0.297546,0.076247,0.289261,0.070074,0.011733,-0.226938,-0.169862,0.073875,-0.423558,0.455858,0.186569,0.079035,0.222724,0.053961,0.269233,-0.310928,0.149204,0.046295,0.167192
0.201878,0.319699,0.010742,-0.316327,-0.023441,0.001697,0.105631,0.180791,0.043454,0.002623,0.084419,-0.471278,0.223286,0.186163,-0.024694,0.234253,-0.164301,-0.258925,0.061032,-0.493538
-0.327345,-0.132678,-0.027148,-0.232266,0.325254,-0.076010,-0.243144,0.316048,0.149479,-0.135992,-0.343682,-0.091722,-0.156787,-0.152101,0.254485,-0.172095,0.132590,0.302975,0.109136,0.345306
0.176162,0.329379,0.111512,0.167478,0.304561,0.048264,0.138531,0.243565,0.066748,0.185342,-0.559416,-0.116112,0.296050,0.179067,0.093252,-0.223180,0.027028,0.043955,-0.294214,0.117115
0.189555,-0.347300,0.129224,0.090777,0.001720,-0.027956,-0.087965,-0.015822,-0.372907,0.311767,-0.343599,0.023477,0.341774,0.284133,0.004511,-0.241097,-0.033173,-0.156694,0.330588,-0.253453
-0.040358,0.047987,0.168090,0.085243,-0.388502,0.134149,0.171948,0.182762,0.147932,0.093339,-0.263817,0.097775,0.257140,0.161767,-0.355912,0.304547,-0.249024,0.034137,-0.373258,0.323548
0.135583,0.067771,-0.351284,0.489073,0.238388,0.475043,-0.261713,-0.053709,0.104422,0.099171,0.072508,0.141274,0.260693,0.064998,0.035503,-0.049826,-0.350414,-0.004165,0.061906,0.109705
0.402097,0.379354,-0.301515,0.416045,0.085190,-0.187397,-0.256765,0.066209,0.117973,0.061499,0.121166,-0.333001,0.182666,-0.015192,0.055664,-0.297142,0.202304,-0.065384,-0.032873,0.056338
