0.339116,0.145545,0.036248,-0.315731,0.097194,0.240950,0.275257,-0.076990,0.102008,-0.076353,0.488818,0.362897,0.116272,-0.208162,0.189242,0.162580,0.122949,-0.266040,0.063822,-0.132982
0.011615,0.082489,0.237180,0.220119,0.023299,0.389222,-0.215593,0.101005,-0.251771,0.111724,0.434006,-0.292021,0.054370,-0.328840,0.016061,-0.118620,0.021743,-0.256264,0.058749,-0.367574
0.396430,0.282037,0.224114,-0.131985,0.239872,0.436712,0.182967,-0.039017,0.046557,0.176143,-0.282220,0.074652,-0.160703,0.078765,-0.262230,-0.061331,0.053288,-0.249615,-0.323644,0.139764
0.447067,0.113147,0.017935,0.257896,-0.393584,0.077830,-0.246953,0.036501,0.144539,-0.286846,0.123108,-0.179771,0.492533,-0.034638,0.108968,0.222932,-0.036007,-0.078268,0.110360,-0.146985
0.280565,-0.477055,0.217529,0.093368,-0.037680,0.280484,0.064563,0.104521,-0.328374,0.173994,-0.365512,-0.079190,0.078688,-0.108628,0.265496,0.202635,0.053300,0.357384,0.063067,0.020599
0.205634,0.407816,0.333563,0.093560,0.352587,0.091065,-0.205810,-0.159707,-0.057916,0.062492,-0.320788,-0.095635,-0.407856,0.138416,-0.319728,0.141862,-0.139136,-0.006218,0.140972,0.066868
0.258500,0.246363,-0.190431,0.302369,-0.167962,-0.118608,-0.258845,-0.287515,-0.172002,-0.146652,-0.311513,0.198162,-0.123135,0.160461,-0.287821,0.186974,-0.168520,-0.271540,0.142988,-0.290101
0.358314,0.020578,0.315486,-0.019289,0.098802,0.118343,-0.018102,0.124139,-0.453722,0.159902,0.333844,0.391236,0.098578,-0.035955,0.172332,-0.354007,0.211363,-0.119189,-0.041823,0.095767
0.151679,-0.403171,0.043673,0.080098,-0.032245,-0.114927,0.088373,0.185426,0.272165,0.201550,-0.379697,-0.130839,-0.073383,0.106689,0.094313,0.354313,0.209500,-0.013972,-0.312855,0.424894
0.057491,-0.017184,-0.045675,0.051334,-0.060777,0.147191,-0.267432,0.160849,-0.115242,-0.486365,0.279391,0.486354,-0.008605,0.107935,-0.075295,0.135682,0.498396,0.081033,0.040671,0.109877
-0.178663,-0.242931,-0.092957,-0.206678,0.295895,-0.272416,-0.183129,-0.013856,0.230210,-0.172582,0.191474,-0.309133,-0.313036,-0.182466,0.205648,-0.124572,0.309617,0.007353,0.319831,0.244753
0.538972,0.028213,0.020575,0.037722,0.032380,0.140978,0.086585,-0.371725,-0.053352,0.098955,0.357575,-0.124671,0.456835,0.012143,-0.028168,0.097187,-0.381161,-0.128962,0.042643,0.037522
-0.202153,0.203141,0.396518,0.082868,-0.185458,0.345526,0.035595,-0.055260,0.101676,-0.181889,-0.215365,0.253514,0.087039,-0.308213,0.320565,-0.207432,-0.086307,0.238874,-0.128049,-0.335158
0.234673,-0.214552,0.035712,-0.075321,0.392478,-0.237435,0.225501,-0.041948,0.201539,0.323035,0.133846,0.014995,-0.066496,0.084852,0.386560,0.017111,-0.220366,0.447797,0.189210,0.139953
0.229092,0.062692,0.060638,0.072874,-0.027841,0.121934,0.203634,-0.045047,-0.323457,0.388728,-0.397624,-0.299763,0.085585,0.219050,0.389744,-0.169475,0.007926,-0.321595,0.170024,0.058651
-0.247768,0.300127,-0.272125,-0.297455,0.123983,-0.183428,0.066863,-0.226678,-0.332438,-0.122050,0.471668,-0.036341,0.191472,-0.242044,0.056849,0.143563,0.170637,0.094409,0.146713,-0.230837
