0.246665,-0.073983,0.293357,0.001635,0.214187,0.428421,-0.007251,0.240516,0.004182,0.380038,0.344264,-0.031353,0.236707,-0.098200,-0.081304,0.066281,0.198224,-0.050982,-0.323800,-0.270069
0.152630,0.236203,0.207218,0.325184,-0.221444,0.141976,-0.331090,0.093412,-0.182014,0.120295,-0.231827,0.170522,0.271160,0.160156,-0.294575,0.234895,-0.184564,-0.334831,0.247768,0.074655
-0.302185,-0.042646,-0.069256,-0.400229,0.121067,-0.057947,0.104525,0.100019,-0.333904,-0.017693,-0.043661,0.252027,0.363626,0.017174,-0.215222,0.264144,-0.237445,0.380849,0.273894,0.025632
0.537004,0.238990,-0.400031,-0.193409,-0.295815,0.138693,0.035777,0.161130,0.100787,0.266079,0.278271,-0.261491,0.030907,-0.000270,-0.086011,0.216517,0.025240,-0.133430,0.091770,-0.119290
0.176058,-0.101481,0.072271,0.093388,0.007348,-0.304654,0.068083,0.369028,0.249640,0.118354,-0.098803,-0.208231,0.421464,-0.011795,-0.010428,-0.384139,-0.010254,-0.475352,0.089520,0.148678
-0.179430,0.242647,0.170038,0.059151,0.170584,0.309744,0.041919,0.234699,0.351431,0.284534,0.413202,-0.252180,-0.146885,-0.036745,0.043073,0.156802,0.063652,0.045718,-0.137424,0.425965
0.090408,0.137166,0.143956,0.099031,-0.240298,-0.295676,-0.239876,-0.258892,0.319104,0.231634,-0.003231,0.211095,0.232804,-0.025386,0.163662,-0.309075,0.303668,0.311099,0.275614,0.174872
0.331766,-0.083672,-0.402345,0.089380,-0.003630,0.072871,0.123852,0.159752,0.197991,0.123210,0.293869,0.230743,0.107837,-0.452806,0.002646,0.405972,0.257966,0.032375,0.038575,0.149429
0.041571,0.298312,0.147740,-0.371222,-0.160418,0.117104,-0.018658,-0.488560,0.371684,-0.234518,0.216223,-0.047083,0.224443,-0.020301,0.036845,0.025290,-0.074351,0.057795,0.061216,0.404533
0.365648,0.331243,0.155916,0.067680,-0.015715,-0.090069,-0.195714,0.157529,0.169103,0.072467,-0.015647,-0.151367,-0.451493,0.000712,-0.189867,0.182143,0.079278,0.126129,0.100232,0.542121
-0.310175,0.136008,0.086896,-0.240919,0.190687,-0.185488,-0.289927,-0.169914,0.034564,0.276065,-0.226839,0.288689,-0.254151,-0.254888,0.183078,0.294868,0.257923,0.257883,0.099025,-0.175903
0.369438,0.177818,0.067768,0.191836,-0.643031,0.117061,0.102539,0.153762,0.027164,0.170425,0.197817,0.013390,-0.404735,0.008056,0.114862,0.239598,0.040848,-0.052106,0.022991,0.143778
-0.392848,0.174176,0.194925,0.053028,-0.141403,-0.282486,-0.372344,0.001971,0.187856,-0.170839,0.267883,0.037566,0.119924,0.018318,0.161663,0.379508,-0.265865,0.020785,-0.131326,0.353834
0.263908,0.460143,0.079375,-0.014867,-0.281865,-0.151875,0.175652,0.236843,0.125648,-0.143534,0.153425,-0.101695,0.092400,0.111495,0.142489,-0.276482,-0.291887,-0.359334,0.002370,0.346883
0.316537,-0.354086,-0.182525,-0.045163,-0.001566,-0.137434,-0.081164,0.415306,0.115464,0.152495,0.122087,0.014623,-0.019685,0.278563,0.168888,-0.449329,0.265447,0.029675,0.313398,0.106974
-0.342707,0.197372,0.077673,0.112517,-0.008987,0.314972,-0.220750,0.227153,0.080241,0.395200,0.404020,0.052040,-0.072147,-0.280449,-0.022368,-0.291484,0.009482,0.269280,0.014808,-0.233630
