0.091235,-0.307402,-0.290059,-0.399791,0.340772,0.314112,0.126263,0.099783,0.339235,0.070315,0.375042,0.152152,-0.106741,-0.006516,0.041224,-0.302278,0.136999,-0.014213,-0.040497,0.059775
0.069695,0.380679,0.171316,-0.170041,-0.057075,-0.247356,0.416204,0.200923,-0.293389,-0.217650,0.330446,0.175954,0.233213,0.064873,0.005517,0.276466,0.099375,-0.078417,0.099908,-0.281524
-0.139835,-0.151705,0.302011,-0.256371,-0.057014,-0.188318,0.249645,-0.302324,-0.323339,0.434879,-0.094543,-0.318907,0.149472,-0.154260,0.011137,0.160404,-0.140789,-0.277147,-0.029639,-0.185062
0.419530,0.080920,0.318286,-0.150118,-0.051187,0.211127,0.063436,0.301488,0.258703,0.427503,0.198698,-0.059486,0.113585,0.029785,-0.053276,0.287536,0.039817,-0.120691,0.207880,-0.316411
0.070732,0.044238,0.280483,0.095577,0.351949,0.183862,-0.520561,0.059094,0.025755,0.034801,0.371913,0.100591,-0.117723,0.087919,-0.080360,0.162871,0.334887,0.000041,-0.383171,0.096073
0.111294,0.029047,-0.042361,0.321717,0.001180,0.159969,0.076126,-0.302086,-0.177146,-0.311370,0.036090,0.108600,-0.009720,0.436739,0.427022,0.117881,0.151383,-0.240930,0.344138,-0.175864
-0.324310,-0.224713,0.272196,0.113921,-0.284072,-0.133135,-0.233887,0.204569,-0.094669,0.145059,0.187253,0.080062,0.267520,0.155857,-0.329791,0.333719,-0.295921,0.253506,-0.118301,0.094812
0.395112,0.114681,0.058221,-0.315632,0.093675,0.128210,0.036795,0.016600,0.486439,-0.013981,0.128090,0.256204,-0.032307,0.012512,0.112553,0.187564,0.100070,0.013696,0.135324,0.551770
0.443120,0.019980,-0.014080,0.438820,-0.334859,0.112093,0.121764,0.017996,-0.024984,-0.264101,0.232881,0.218462,0.100594,-0.288798,0.227899,0.236709,-0.219161,-0.135226,-0.132417,0.113843
0.115847,-0.099616,0.099601,0.288440,-0.019639,-0.140834,0.077923,0.031677,-0.210277,0.302710,0.046264,0.478589,-0.026310,0.518378,-0.047141,-0.041616,0.145790,0.204100,-0.296985,0.254423
0.306500,0.150612,0.204749,0.210799,-0.219144,0.328339,0.153538,0.382095,0.058011,-0.009075,0.186677,-0.030853,-0.393578,-0.303643,-0.116046,-0.255035,-0.131294,0.180035,-0.068980,-0.228793
0.037996,0.035837,-0.156738,0.074673,-0.048458,0.134189,0.066215,0.196319,-0.019237,0.139992,0.366110,0.024522,-0.016874,0.601696,-0.540640,0.221767,0.074552,0.120766,0.137438,0.080106
0.192722,0.157242,-0.280695,0.008713,-0.232718,0.133442,0.092503,0.032355,0.017169,-0.255284,-0.268429,-0.265861,0.327674,-0.289057,0.016031,-0.464200,-0.043472,-0.114362,0.173194,-0.343325
0.100117,0.047681,0.070733,0.250619,-0.135372,0.321368,0.145347,-0.060921,0.482139,-0.019063,0.212490,-0.271864,-0.043708,0.099551,0.098028,-0.358082,0.146651,-0.002211,0.427842,-0.259525
0.039736,0.416687,-0.435145,-0.100644,0.167548,-0.293131,0.257932,0.138698,-0.008443,0.369232,0.243704,-0.002043,-0.239489,0.044755,-0.125668,0.295416,0.095144,0.063965,-0.211044,0.098207
-0.281811,0.041646,0.289603,0.082631,-0.029064,0.161208,-0.352092,-0.239918,-0.028534,-0.287073,0.270501,0.241395,0.384815,0.283618,0.018622,0.178150,0.250760,0.191779,0.070065,0.199864
