0.328069,0.047608,0.136900,0.046746,-0.155561,-0.242027,0.347673,0.203549,0.174221,0.196980,0.429871,0.133720,0.289581,-0.164145,0.181861,0.260180,0.194507,0.165627,-0.192377,-0.196024
0.265698,0.004681,-0.027082,0.072534,0.009625,-0.276997,-0.115111,0.368284,0.331712,-0.156383,-0.007353,-0.246128,-0.089352,0.380441,-0.370189,0.195976,-0.368449,-0.146419,0.019992,0.129630
0.376304,0.077449,0.080025,0.117517,0.233944,0.172583,0.067538,0.245282,0.105322,-0.208129,0.419752,0.244824,-0.087063,-0.358548,-0.033362,-0.209607,0.408855,0.012679,-0.110641,0.177915
0.121784,-0.236306,0.155984,0.054172,0.047016,0.052782,0.076471,0.200606,0.311561,0.075192,0.206574,0.420854,0.151026,-0.438001,0.195237,-0.137155,0.334603,0.358330,0.116558,0.054151
-0.163199,0.000198,0.100671,0.135415,0.058608,0.177441,-0.376401,0.309772,0.288606,0.369710,0.292417,0.151640,-0.255693,-0.132345,-0.330111,-0.096299,-0.325442,0.179307,0.066829,0.013636
-0.401369,-0.151214,-0.131152,0.099647,-0.048633,0.292692,-0.022373,0.053887,-0.338602,0.334158,0.240485,-0.356205,0.098906,0.123042,0.111201,-0.135557,0.078232,0.049950,-0.288910,-0.372416
0.251405,-0.235822,0.323008,-0.062028,-0.298863,0.145219,0.241093,-0.149956,-0.203823,-0.305649,0.160606,-0.218086,-0.241016,-0.185631,-0.181195,-0.125222,-0.303697,-0.202854,-0.119703,-0.291359
0.028828,0.009778,0.089576,0.122206,0.053672,-0.034418,-0.286189,0.194932,0.010238,0.189433,0.580327,0.091608,0.121068,0.004024,0.425155,-0.127657,0.126278,-0.433445,0.005667,0.235385
0.257050,0.364373,0.344025,0.191587,0.347902,0.052473,0.059322,0.156522,0.259995,0.175622,0.263946,-0.083500,0.061156,0.323358,0.310498,0.212759,0.200591,0.005408,0.091487,0.143525
0.020284,0.215870,0.062736,0.289565,-0.006217,0.128069,-0.073578,0.434976,0.106947,0.171887,0.297159,0.181750,0.068077,0.404528,0.117306,0.133001,-0.070101,-0.409314,0.345827,-0.007245
-0.027809,0.286115,-0.224245,0.193464,0.023009,0.226554,-0.267077,0.288469,-0.202467,0.046588,-0.266989,0.300470,0.279649,-0.282590,-0.291617,-0.188517,-0.204700,-0.281233,0.101083,-0.093114
0.052098,0.203346,0.196237,0.098133,-0.078400,0.489411,-0.068553,0.015779,-0.003354,0.179164,0.508430,-0.357960,0.047650,-0.418102,0.147867,0.116048,0.066502,-0.105819,0.054459,-0.086220
0.083024,-0.282751,0.406361,0.218414,-0.293839,0.159081,0.011382,0.141447,0.165030,0.154414,0.208510,0.347981,-0.046886,-0.216533,0.095407,0.087987,0.317425,0.349103,0.192167,-0.165545
0.044372,-0.091988,0.063510,0.287124,-0.002793,0.094981,-0.396669,-0.127029,0.325370,0.095145,0.239888,-0.184804,0.294789,-0.047789,0.272451,0.152394,0.262475,0.449264,0.093903,-0.218588
-0.055324,0.002302,0.328844,0.294871,-0.002797,0.063748,0.348510,-0.173987,-0.003190,0.077595,0.163794,-0.046208,0.117397,-0.421358,-0.297433,-0.148617,0.035848,-0.214989,0.084114,-0.504570
-0.319751,0.183404,0.053561,-0.219871,-0.351518,-0.031271,-0.166212,0.120240,-0.249873,0.117413,0.158498,0.010436,-0.302237,-0.160826,0.244155,-0.347561,-0.236584,-0.275568,0.073533,0.331499
