0.207953,-0.272226,-0.118972,-0.010774,-0.180425,0.183415,-0.280125,0.387261,-0.097280,0.235454,0.187312,-0.094010,0.252798,-0.318829,-0.161791,0.230470,0.322417,-0.096721,-0.142409,-0.294071
-0.218948,0.210933,-0.233750,0.196497,0.005616,0.028366,-0.344292,0.192422,0.398809,-0.251190,0.089322,-0.141546,-0.038837,0.354657,-0.403127,-0.062813,0.110973,0.147875,-0.070017,-0.273732
-0.045328,-0.475269,-0.189365,0.348721,-0.006083,0.241464,0.313143,-0.137679,0.215261,0.077874,-0.277410,-0.021181,0.302230,0.149939,0.008013,0.086995,-0.310194,-0.128609,0.272365,-0.032197
0.175468,-0.018319,0.126549,-0.102447,-0.037963,0.197997,0.059532,0.467127,-0.002542,0.131330,0.242557,-0.093265,0.111504,0.299449,-0.337714,0.019911,-0.521145,0.212863,0.140726,0.204759
0.196717,0.374959,0.126312,0.319932,0.167281,0.093767,0.072862,0.243113,0.034430,-0.323772,0.051070,-0.298192,0.079919,-0.081340,0.346677,-0.086461,-0.011097,0.155470,-0.168420,0.458634
-0.174523,-0.270370,0.325649,0.050804,0.001357,0.087271,0.201450,-0.192172,-0.066512,0.121640,0.054569,-0.270184,0.117789,-0.284030,0.395524,0.242265,0.012288,0.285923,-0.372638,0.277569
-0.188247,-0.268277,0.203296,0.265671,0.328982,0.028394,0.089214,-0.018317,0.286103,-0.252146,-0.338766,0.188894,0.122390,0.205214,0.247572,-0.215044,-0.306197,-0.183527,0.044900,-0.270909
0.248918,0.376799,-0.241048,0.109426,0.105989,-0.322919,0.021322,0.166022,0.038899,0.134848,-0.323465,0.032026,0.128221,-0.332050,0.019226,0.423920,-0.053462,0.348108,0.063745,0.149088
-0.339585,0.176108,0.212047,0.136040,0.062226,-0.079650,0.102827,0.308223,-0.004189,0.039210,0.270017,-0.191901,0.017184,0.087283,0.406003,-0.346600,0.004732,0.429244,0.098421,-0.276176
0.467464,-0.201586,0.154255,0.030817,0.073320,-0.032734,-0.278690,-0.396302,0.016655,0.333148,0.179834,0.090794,0.216970,0.358753,0.104072,0.289129,0.001544,-0.056277,0.028477,0.221111
0.046030,-0.264399,-0.214274,0.311930,-0.006291,-0.221289,-0.333448,-0.085652,0.032747,-0.072330,-0.034024,0.296243,-0.303503,0.128200,-0.049591,-0.324540,-0.326018,-0.003057,-0.295038,0.335153
0.184888,0.368030,0.377895,0.053850,0.001967,0.300562,-0.033405,0.106132,0.121760,0.100018,0.145306,-0.087803,-0.277998,0.160497,0.034798,0.104104,-0.012670,-0.024091,0.630220,0.123628
-0.001795,-0.246554,0.049757,0.039354,0.094824,-0.331568,0.327634,0.144650,0.207210,-0.142621,0.484640,0.029402,0.438308,0.036967,-0.002451,0.066529,-0.177879,-0.048882,-0.388911,-0.075995
-0.418581,0.422778,0.060669,-0.083664,0.030005,0.017039,0.018201,-0.359434,0.092800,0.250328,0.186856,0.311385,0.134153,0.173727,-0.277969,0.257960,-0.103914,-0.014669,0.009865,0.313693
0.090682,0.333549,0.215509,0.410760,-0.234577,-0.166533,0.012342,0.498699,-0.326289,0.092906,0.074116,0.042869,-0.078830,0.426456,0.031787,0.044236,0.095324,0.018774,0.074222,0.072949
-0.245655,0.267633,0.125670,-0.072688,0.382335,0.164553,-0.193421,0.329906,0.010694,-0.167387,-0.371901,0.035353,-0.311209,-0.316857,-0.199323,0.209702,0.093734,0.133906,-0.220126,0.060199
