-0.114090,0.322245,0.121666,-0.344703,0.030449,-0.365949,-0.162482,-0.261053,0.277410,0.034522,0.081152,0.123474,0.144076,-0.285585,0.071060,0.081325,-0.367963,0.357250,-0.171403,-0.117307
-0.019871,0.137890,0.040128,0.364483,-0.362357,0.148592,-0.222361,-0.300885,0.290755,-0.051117,-0.179712,0.060937,0.007680,-0.380731,-0.175704,-0.200429,0.040498,-0.265796,-0.335131,0.170162
0.007530,-0.400248,-0.343535,-0.203850,0.311439,0.087936,-0.359254,-0.125845,-0.273554,0.077668,0.056872,0.001961,0.363841,-0.252241,0.056480,-0.075864,0.034004,-0.307987,-0.116318,0.178748
0.233263,-0.045253,0.117879,0.111003,-0.248159,0.022619,0.263154,0.155181,0.025298,-0.403771,0.238749,-0.034865,0.199899,0.035466,-0.041484,0.112377,-0.446010,0.008124,0.001661,0.534274
0.407018,0.239785,-0.388291,-0.151916,-0.294426,0.319124,-0.042422,0.206306,-0.024835,0.071385,0.189744,-0.041534,0.151311,0.220862,0.058507,0.060035,-0.218049,0.002132,-0.437254,0.096018
-0.123094,-0.077396,0.049938,0.123275,0.301801,0.017251,-0.291963,-0.327202,0.009162,0.069783,-0.212580,0.063740,0.345394,0.513398,0.076620,0.348918,0.028268,-0.312463,0.074400,0.093906
0.262603,0.117630,-0.166613,-0.243641,-0.029744,-0.139269,-0.280260,0.223861,-0.327615,-0.152531,-0.316931,0.306144,-0.328172,0.242413,0.268861,-0.239065,0.038281,-0.092875,-0.171423,-0.144912
0.429003,0.196901,0.071493,-0.054688,0.005543,-0.104442,-0.024554,0.101164,-0.196333,0.082858,0.159790,0.066669,-0.258983,0.655241,0.056510,0.164234,-0.082995,0.005711,0.090657,0.360834
0.142867,-0.273261,0.137214,-0.181436,0.007716,-0.075885,-0.008462,0.167719,0.396936,0.100733,0.182888,0.053090,0.239457,0.465273,0.202128,0.329574,0.432725,0.050051,0.016199,0.043222
-0.366425,0.118312,-0.038282,0.158355,0.498744,-0.011268,0.117502,0.248265,-0.419874,0.205843,0.169604,0.194812,0.164759,0.251669,0.280532,0.056995,0.168265,0.059944,0.034120,0.099980
0.185825,0.277511,0.214726,0.125040,-0.241945,0.231376,-0.085392,0.103430,-0.230544,-0.262072,-0.283918,-0.129199,-0.276948,-0.270561,0.306221,-0.023712,-0.111837,-0.288010,-0.228601,-0.292517
0.002667,0.100519,0.173762,0.138495,-0.091848,0.278814,0.436216,0.223679,-0.336102,0.207005,0.176624,0.175739,0.311685,0.197199,0.189304,0.043705,0.032062,-0.003779,0.253688,0.396166
-0.016139,-0.366214,0.072906,-0.169591,0.395380,0.110768,0.195143,0.319296,0.425242,-0.198660,-0.007372,-0.156164,-0.291319,0.130409,0.054399,-0.023904,-0.090500,-0.215595,0.316652,-0.133579
0.092514,-0.253224,-0.148765,0.013653,0.444116,0.303455,-0.256059,0.083798,0.444590,0.069877,0.271298,0.089039,0.207175,0.257635,0.102292,-0.013163,-0.100496,0.106153,0.058583,0.338055
0.398163,0.074742,-0.293983,-0.084308,-0.336582,-0.202995,0.044360,0.373525,-0.038936,0.371888,0.183605,0.192792,0.164914,0.307298,0.069239,0.274759,-0.038981,0.042538,0.108786,0.136337
0.422960,0.122139,0.109064,0.252679,0.024462,0.416005,0.068037,0.092394,0.061130,-0.395580,-0.154566,0.060950,-0.022935,0.101091,0.101427,-0.384877,-0.199442,0.154176,0.105158,-0.334704
