-0.216025,0.190179,0.292637,0.036678,0.351904,0.139913,-0.191054,0.057959,0.047821,0.132335,0.439884,-0.113551,-0.040391,0.357488,-0.264935,0.060171,0.348281,0.200652,0.133712,-0.195036
-0.239172,-0.018806,0.163045,0.036920,0.023810,-0.182887,0.172048,0.125132,0.048548,-0.319472,0.454429,-0.065206,-0.172330,0.359296,-0.143719,0.262739,0.195641,-0.226530,-0.330834,-0.269307
0.392208,-0.356764,-0.138842,-0.074606,0.003281,0.151765,0.230885,-0.232880,0.371793,0.358107,0.039469,0.069734,0.265334,-0.170084,0.115597,0.300278,0.216697,-0.061931,-0.052149,0.184934
0.054240,-0.260952,0.128112,0.125641,-0.070005,0.025290,0.140245,-0.238209,-0.002888,0.484677,-0.411812,0.352031,-0.015091,-0.345155,0.135931,0.325527,-0.048122,0.052011,-0.186055,0.054161
0.595400,0.045177,0.292939,0.270534,0.004015,-0.228099,0.110040,0.065973,-0.404163,-0.049360,-0.101725,0.110792,-0.102686,0.202249,0.018397,-0.014816,0.269988,0.290374,0.121370,0.059943
0.144323,-0.363854,-0.123966,-0.212945,-0.209219,-0.230224,0.276017,0.037349,0.089533,-0.346430,-0.126831,-0.279457,0.208174,-0.334822,-0.337019,-0.016527,0.280843,0.081308,0.135235,0.128179
0.249247,0.084603,-0.256264,-0.062916,0.119789,0.156846,-0.266987,0.347994,0.284276,0.293228,-0.026670,-0.094443,-0.300729,0.325782,-0.088392,-0.160573,-0.164797,-0.272941,-0.301525,-0.174899
0.073957,0.032926,0.412321,-0.547866,0.080869,-0.371577,0.067891,0.102369,0.025641,0.125534,0.231017,0.142906,-0.005415,0.127311,0.014751,0.209004,-0.361158,0.072414,-0.229764,0.157375
-0.156408,-0.097043,-0.006276,-0.247314,-0.212935,0.172870,0.115757,-0.343439,-0.125406,0.404405,0.248463,0.150076,0.402145,0.103756,-0.246325,0.284155,0.126555,0.031219,-0.223094,0.232692
0.232287,-0.110391,-0.038606,0.078466,-0.419778,0.327736,0.229828,-0.128350,0.328227,0.016283,0.173479,0.190185,0.059596,-0.038016,0.276604,0.125807,0.333893,0.240890,0.329913,-0.152765
-0.316909,-0.348339,-0.249987,-0.062870,0.108941,-0.324601,-0.323913,0.094963,0.028085,-0.248205,-0.198554,-0.018335,-0.411071,0.184991,-0.136915,-0.064829,-0.020805,-0.073767,-0.141793,0.355425
0.225777,0.003729,0.317459,0.080207,0.095473,0.123430,0.084548,0.098359,0.005773,-0.205019,0.231520,0.218736,0.496199,0.077644,0.088252,0.246629,0.156971,0.483527,-0.246629,0.130345
0.150206,0.139918,-0.276859,-0.057353,-0.155648,-0.138071,0.068905,0.246752,0.302484,-0.361475,-0.319935,0.192339,0.049200,-0.023535,0.272855,0.197668,0.275812,0.414122,0.200649,0.056179
0.136191,0.038710,0.164120,-0.215063,0.294641,0.007457,0.093731,-0.030930,0.311094,0.229999,0.206939,-0.197466,0.123235,-0.187336,-0.186977,0.293074,0.395378,0.223247,-0.289722,0.342671
0.056649,-0.088078,0.053531,0.104206,-0.241446,-0.094279,0.109106,0.519090,-0.345174,-0.280989,0.455489,-0.322531,-0.156210,0.107440,0.119447,0.092715,0.060722,-0.006390,-0.134338,0.191275
0.037745,0.260440,0.292058,-0.223696,0.076230,-0.062029,0.405789,-0.318932,-0.216116,0.089277,0.180491,0.182324,-0.051414,-0.337922,0.032184,0.172805,0.126626,-0.197553,0.082914,-0.434976
