0.394431,0.273301,-0.089209,0.121450,-0.066661,-0.154423,-0.003165,0.030483,-0.240282,0.043492,0.176749,0.355044,0.239086,-0.372551,0.175185,-0.030228,0.300829,-0.360852,0.072142,0.217701
-0.005518,0.128871,0.318493,0.330735,-0.287926,-0.037426,0.120618,-0.119568,0.233691,0.096241,0.180504,-0.303377,0.274890,-0.252147,0.105560,-0.308929,0.261421,0.053803,0.197353,-0.339105
0.423551,0.216694,0.352802,-0.239211,-0.272108,-0.366858,0.187819,-0.020714,0.027947,-0.090742,0.074261,0.363302,0.061624,0.248185,-0.191888,0.035314,-0.023633,-0.272765,-0.150142,-0.011933
0.245148,0.530063,-0.063274,0.151766,0.030125,0.167498,0.071299,0.242724,0.060368,0.124498,0.297019,0.219947,0.016445,-0.291756,-0.063757,0.233050,0.077992,-0.019606,-0.460293,-0.145224
0.200787,0.057792,0.011240,0.027834,-0.305491,0.086685,-0.443601,0.243122,0.277768,0.044103,-0.239319,-0.001439,0.060159,0.426904,0.426232,0.139955,0.061847,0.037140,-0.237349,-0.116930
0.225480,-0.088367,0.229448,-0.184614,0.055753,0.098870,-0.130727,0.052314,0.246417,0.053635,-0.216474,-0.500811,0.059463,0.400752,0.260624,-0.337150,-0.004040,-0.254048,0.100330,0.200711
-0.190410,0.183183,0.010006,-0.256449,0.068193,-0.210238,0.189588,-0.201728,-0.274561,0.254716,-0.311333,-0.102588,0.322734,-0.244083,-0.315324,0.320114,0.015023,0.265849,0.214745,-0.092004
0.187307,-0.018078,-0.103699,0.097556,0.141052,0.348434,0.093920,0.698001,0.000870,-0.389876,0.169183,0.198394,0.099582,0.050140,-0.003650,0.174169,0.170508,0.016820,0.104883,0.062198
0.236298,0.368498,0.141787,0.097438,0.165138,0.092925,0.157169,0.031363,0.101374,0.098705,0.261655,0.099480,0.069827,-0.544979,-0.529945,0.091000,0.022649,0.081168,0.070447,0.125457
0.251022,0.375767,0.021950,0.031786,0.405279,-0.259357,0.226274,0.211196,0.109191,-0.075935,0.476483,0.170247,0.057592,0.088237,-0.280435,0.222572,0.124466,0.089201,-0.030957,0.171974
-0.314877,0.204783,-0.224442,0.342549,0.218635,-0.161566,0.292849,-0.256632,-0.306752,0.066843,-0.235290,0.181375,0.168453,-0.118393,0.198937,-0.258978,-0.160023,-0.209289,-0.245765,0.002470
0.245502,-0.033137,0.049697,-0.297374,-0.634965,0.097286,0.176989,0.011997,-0.147328,0.299099,0.257779,0.224651,0.139748,0.299101,0.003742,0.131147,0.162327,-0.017429,0.147417,0.030686
-0.156386,0.224541,0.112718,-0.208804,-0.357680,-0.197564,0.083459,-0.138177,-0.105187,-0.380698,0.190290,-0.375881,-0.154338,0.346020,0.107287,0.081503,-0.192378,-0.212941,0.272534,0.154831
0.180662,0.100953,0.230550,0.055774,0.064242,0.056808,0.418851,0.044943,0.265086,0.055727,0.171417,0.171734,0.147047,0.430899,0.488634,0.183069,-0.168367,0.125819,0.236546,0.064312
0.143700,-0.105140,-0.310910,0.353386,0.276481,0.092013,0.247536,0.298471,0.370180,0.092552,-0.149815,0.137645,-0.039158,0.075493,-0.096682,-0.211602,0.043794,-0.190670,0.333350,-0.337256
0.412627,0.067009,-0.146872,0.111176,-0.372182,-0.335803,0.046601,-0.034754,-0.284907,0.270872,0.169945,-0.283100,-0.320546,0.117812,0.084492,-0.195933,-0.288447,-0.133301,-0.082015,-0.056818
