0.270365,0.011753,-0.063848,-0.194505,0.388752,0.096458,0.321550,0.288289,-0.138460,0.008117,0.060640,0.251679,0.214711,0.153211,-0.228990,-0.133892,-0.210548,-0.315654,0.206491,-0.353721
0.328313,-0.131678,0.003156,-0.218172,0.410480,-0.171622,-0.014219,0.317276,0.199342,-0.376664,0.417406,-0.096180,0.013032,0.122613,-0.033882,0.256994,-0.043193,-0.279268,0.003100,-0.033073
0.340868,-0.034005,0.009940,0.055250,-0.299278,0.044151,-0.300932,-0.065403,0.262164,-0.032306,-0.295570,-0.216594,0.306323,0.057436,-0.156187,-0.031370,0.371047,-0.299892,-0.007164,-0.372726
0.358888,0.321821,-0.074831,0.048506,-0.144127,0.408707,0.202871,0.039874,0.272550,0.124466,0.110731,0.305658,-0.060054,0.223879,0.065129,0.174988,0.062537,0.224083,-0.005644,-0.436929
-0.347436,0.228014,-0.041927,0.359781,0.002314,0.407292,-0.157624,0.021776,0.368032,0.059702,0.009840,0.256628,-0.188542,0.133903,0.107942,0.283587,0.247729,0.304743,-0.008687,0.007376
-0.224705,-0.132534,0.014695,0.025851,-0.304580,0.446093,-0.090344,-0.322463,-0.016019,0.074094,-0.216328,-0.228347,-0.277945,0.006844,-0.282513,-0.035134,-0.231586,0.327528,0.316998,-0.052123
0.287674,0.256654,0.049869,0.275838,-0.274084,0.252598,-0.012470,0.291883,-0.121127,-0.333796,0.012602,0.073073,0.130643,-0.347120,-0.321163,-0.018551,0.304544,0.100965,0.039806,0.267124
0.135327,-0.087186,-0.015818,0.301829,-0.183414,0.152179,0.035487,0.141655,0.116135,0.078973,0.073769,0.110419,-0.040243,0.011586,0.217194,0.265718,0.248558,0.016969,-0.076868,0.761407
0.038520,0.316340,0.024693,0.093769,0.284166,0.174400,-0.243539,0.004847,-0.167797,0.074891,0.244683,-0.090382,0.155179,0.103555,-0.230762,0.010470,0.253818,-0.284857,0.181159,0.591767
-0.327578,0.360644,-0.070840,0.077161,-0.211911,-0.006705,0.356889,0.003173,0.059140,-0.355805,-0.477699,-0.303103,-0.012355,0.101872,0.008561,-0.158623,-0.030514,0.067773,-0.027151,0.295188
-0.111535,0.259628,-0.289300,-0.179619,-0.295491,0.304712,0.091302,-0.125538,0.186665,0.228278,-0.218557,-0.209934,0.175292,0.259073,-0.261196,-0.270855,-0.200007,0.228023,0.176923,-0.241682
0.279915,0.191462,-0.083492,0.133938,-0.076270,0.207366,-0.028422,-0.060467,-0.168455,-0.178872,0.226563,0.140417,0.079308,-0.031399,-0.029225,0.300968,-0.005386,0.005046,-0.039798,0.758306
0.122743,0.007571,0.425273,0.019702,-0.326268,-0.006715,-0.146997,0.303793,0.286677,0.013700,0.278052,0.199973,0.244546,0.008102,0.120725,-0.234704,-0.216719,-0.191023,0.332029,-0.245631
0.041688,0.144604,-0.206910,-0.073433,0.268077,0.239170,0.047570,0.017935,0.000479,0.190335,0.053781,-0.044460,0.022831,-0.201776,0.730974,0.154537,-0.109275,0.118759,-0.015577,0.361486
0.164082,0.274088,0.014818,-0.168935,-0.077316,0.044350,0.116544,-0.201472,0.197917,-0.276195,0.191311,-0.294079,-0.395535,-0.017175,0.449448,0.249278,-0.134919,-0.008411,-0.254910,0.253772
0.257610,-0.015099,0.037130,-0.237387,-0.020821,-0.295109,0.013344,-0.192356,-0.031395,-0.290314,0.456649,0.197985,0.003810,-0.021911,0.448782,-0.202224,-0.190291,-0.289510,-0.000608,-0.234860
