0.320021,0.273917,-0.226651,-0.107146,-0.062033,-0.338202,0.082147,-0.104149,-0.161896,-0.295403,0.339486,-0.205205,-0.280287,0.025986,-0.170019,-0.360705,0.075556,-0.079322,0.289910,0.136932
0.211684,0.246281,-0.377455,-0.318581,0.253446,0.126948,0.061432,0.255544,0.250137,0.190983,-0.110582,-0.088361,0.074078,0.412279,0.061903,-0.068985,0.265670,0.302251,0.073286,-0.175220
0.350778,0.303826,0.041136,0.137194,-0.350419,0.282859,-0.379087,0.112282,-0.390547,-0.194179,0.159919,0.003127,0.067420,-0.255476,-0.259631,0.216948,0.049391,-0.011533,-0.021074,0.043489
0.216977,-0.311453,-0.487018,0.136518,-0.190828,0.154558,-0.110688,0.064366,0.078697,0.322505,0.314042,0.025240,0.055582,-0.205869,0.102978,0.165394,-0.149804,0.055761,-0.091996,-0.443271
0.252446,0.432823,0.225191,0.095567,0.017427,-0.221163,0.121474,-0.054514,0.046024,0.232680,0.529176,0.051262,0.167465,0.316573,-0.122388,0.177671,-0.003262,0.212961,-0.249348,0.029793
0.090057,0.307847,-0.334831,0.149271,0.270229,0.093881,0.033502,-0.356509,0.401067,-0.009987,-0.281387,-0.276170,-0.002275,0.012690,-0.177150,-0.084495,0.232619,-0.013259,-0.343868,0.158256
-0.247802,-0.326521,0.273796,-0.074129,0.120647,0.226189,-0.188318,0.152641,0.274112,-0.155477,0.259546,0.156432,0.002175,-0.291019,0.287012,0.221611,0.249918,0.073021,0.249053,0.299818
0.157972,0.102589,-0.089892,0.131229,-0.005826,0.442404,0.074721,-0.467925,0.135536,0.315855,0.340775,0.048331,0.088084,0.008141,0.133188,-0.470284,0.080056,0.091156,-0.104789,0.099487
0.322623,0.448393,0.392458,0.112028,0.001624,0.157585,0.131451,0.298453,0.281496,0.161893,-0.296171,0.166986,-0.142065,-0.221302,0.144857,0.214801,0.098829,0.098342,0.110332,0.090297
-0.312066,-0.443659,0.087299,-0.083583,0.033865,0.044718,0.068874,0.254429,0.122403,0.224402,0.305575,-0.399917,-0.060318,0.110003,0.347679,-0.343138,0.042986,0.090796,-0.004130,-0.188229
-0.308423,-0.170811,0.191081,0.054439,0.306533,0.016362,0.265701,-0.123555,-0.159486,0.289467,0.111551,-0.277169,0.108481,-0.334700,-0.266344,-0.264371,-0.048111,-0.174536,0.330584,-0.225722
0.099624,0.299335,0.077613,0.415970,0.144063,0.079777,-0.104688,-0.068434,0.064534,0.525070,0.536955,0.019082,0.008816,-0.076479,0.152734,-0.074137,0.188392,0.054779,0.171953,0.085433
-0.263727,0.161290,0.084516,0.184865,0.281664,0.076338,-0.388065,-0.317339,0.341149,0.036013,0.233490,-0.217718,-0.323980,-0.256746,0.059557,0.007377,-0.254008,-0.000765,0.085377,0.246503
0.044371,-0.378640,0.061769,0.109502,-0.185934,0.147755,-0.216976,-0.303313,0.370460,0.178208,0.192571,0.109876,-0.038863,-0.031057,0.292025,-0.099315,0.067517,-0.401368,-0.036818,0.400742
-0.270423,0.118008,0.346032,0.412403,0.022407,0.105122,0.169381,0.471763,0.036588,0.266815,-0.249338,-0.065472,0.066268,0.016543,0.085638,0.179151,0.061748,0.033030,0.325334,0.257882
0.072342,0.258296,0.354021,-0.128396,0.103985,0.050068,-0.161402,0.141155,-0.226302,-0.336889,-0.206157,0.096457,0.196661,0.039479,-0.017387,0.134435,0.379445,-0.395872,0.012317,-0.388551
