0.114629,0.002940,0.068343,-0.069293,0.060436,-0.019635,-0.348404,0.381089,-0.020972,0.388159,0.123105,-0.041038,-0.397528,-0.083858,0.252344,-0.438277,-0.104252,0.186363,0.262517,0.058652
0.263683,0.052259,0.120621,-0.298653,0.002834,0.388998,0.094073,-0.299542,0.138883,0.319288,0.393681,0.079647,0.095926,0.113287,-0.095949,-0.009975,0.244803,0.017968,0.385101,-0.227238
0.061239,0.349549,-0.309985,-0.182217,-0.276856,-0.156337,-0.201866,-0.334432,0.333994,0.060600,0.283056,-0.139495,0.126262,-0.187337,-0.370866,0.052776,0.196235,0.043916,0.119395,0.173856
0.071054,-0.098673,0.136850,0.125641,-0.379391,-0.144448,-0.012686,-0.405116,0.022684,0.028673,0.360894,0.206653,-0.238339,0.129857,0.154021,0.097757,0.050111,-0.016193,-0.396824,0.424432
-0.197070,0.019961,-0.058423,0.133667,0.028076,-0.067100,0.025322,0.645264,0.004052,0.019166,0.529520,-0.184967,0.077982,0.055456,0.088334,0.404085,0.080606,0.024043,0.118568,0.028668
-0.302442,-0.012092,0.135784,0.135752,0.041642,-0.153211,-0.129963,0.196805,0.030375,0.179626,-0.238675,-0.334809,-0.122518,0.391375,0.231670,0.364667,-0.308007,0.196255,-0.210526,0.236416
-0.259289,0.258587,-0.204540,-0.289723,-0.157726,-0.246049,-0.238618,0.046305,0.225599,-0.295925,0.038062,0.225332,-0.180772,0.256808,0.259498,-0.283842,-0.165680,0.220105,0.263240,0.114936
0.128222,0.048107,0.348029,0.136795,-0.284171,-0.054459,0.436686,0.022372,-0.025794,0.075103,0.078760,0.139225,0.138730,0.052082,0.224450,0.107681,-0.100329,0.029908,0.659926,0.064857
0.045469,-0.054401,0.375165,0.169493,-0.034922,-0.287177,0.127128,0.268932,0.122773,0.126947,0.248180,0.087073,0.476561,0.165684,0.231584,0.349405,0.109645,0.288002,0.014846,0.165807
0.114270,0.070972,-0.028421,0.154793,-0.269620,0.116655,0.106153,-0.138626,0.062007,0.244290,0.079067,0.144113,0.180952,0.122411,0.419329,0.131602,0.219281,-0.007663,-0.440371,0.516576
0.280835,0.285239,0.214846,-0.202496,0.268070,-0.315389,0.207304,-0.209184,0.152452,0.028614,-0.275569,0.267881,0.239630,-0.077292,-0.181438,0.288211,0.249553,-0.170802,-0.210335,-0.087808
0.076269,0.034538,0.153729,-0.214246,0.158025,0.233139,0.177262,0.002401,0.000073,0.090523,0.088791,-0.648361,0.098101,-0.488383,0.138894,0.012127,-0.232714,0.078862,0.209367,0.066810
0.060273,-0.346769,-0.067441,-0.234437,0.004826,0.036794,-0.184472,0.044771,0.097007,0.124594,-0.325841,-0.275866,-0.291740,0.332101,0.113943,0.291509,0.013761,0.312647,0.227085,-0.359333
0.112990,0.040367,0.244629,-0.052162,-0.088096,-0.051514,0.317865,-0.059117,0.025704,0.405197,0.174779,0.324551,0.101345,0.132649,-0.366829,0.428087,-0.253265,0.194346,-0.199965,0.140633
0.094742,-0.393231,0.290196,0.022779,0.006852,0.092067,0.049910,0.028784,0.019540,0.078735,0.276945,-0.377006,-0.470531,0.045193,0.110026,0.078540,0.041861,0.059225,-0.238017,-0.459104
-0.088696,0.017065,-0.110272,-0.351402,-0.146480,0.344367,0.227835,-0.171170,-0.281558,-0.073289,0.253595,-0.226927,0.232630,-0.014555,0.130030,-0.326657,-0.341346,0.038208,-0.186510,-0.322164
