0.033655,-0.266059,-0.173554,-0.228342,0.123360,0.146500,0.177774,-0.057737,0.090407,-0.217918,0.379460,0.352396,0.372135,0.068118,0.048228,0.229009,0.103643,-0.332481,0.062107,-0.356832
0.082796,0.053673,-0.116555,-0.084486,-0.399153,0.162770,-0.322948,0.236022,0.383106,-0.263812,-0.143363,0.107236,0.046449,0.270830,0.030604,0.266045,-0.118065,0.105290,0.133491,-0.430389
0.044877,-0.123161,-0.231232,-0.127252,-0.053804,0.224257,0.402591,-0.295370,-0.296189,-0.065256,-0.391598,-0.003013,0.038194,0.120995,0.023312,0.035875,-0.348094,-0.167866,-0.406185,-0.181765
0.313236,-0.006762,0.002159,0.115538,0.029623,-0.061116,-0.083123,-0.418491,-0.009512,0.104408,0.136108,0.109874,-0.093664,0.625784,0.060541,0.204104,0.166463,-0.393649,0.171770,0.048597
0.012113,0.044861,0.423353,0.114661,-0.084303,-0.384192,0.361963,-0.041672,0.068721,-0.350411,0.192246,0.115399,0.252979,-0.139738,-0.228037,-0.084115,0.308255,-0.036444,-0.316643,0.031667
0.280567,0.016554,-0.305390,0.443457,0.148864,0.095244,0.033844,0.413263,0.042276,0.068644,0.180737,0.051531,-0.009502,0.055870,0.011145,0.069997,-0.226107,-0.024546,0.486415,0.299240
0.263492,0.375051,0.337420,-0.214874,-0.128984,-0.227695,-0.289382,-0.137827,0.234223,-0.088504,0.147082,-0.154546,0.314274,-0.271557,0.139401,-0.147964,-0.365085,0.002171,0.052401,0.024077
0.026861,0.012962,0.202973,0.122410,0.054668,0.104034,0.378914,0.043438,-0.334508,0.044957,-0.108793,-0.424982,0.598668,0.009089,0.053995,0.200090,0.169640,0.066117,0.031320,0.204263
0.117081,0.177111,0.175735,0.182364,-0.026787,0.001855,0.169936,-0.002471,0.041892,0.243035,-0.395056,-0.128199,0.067994,-0.187220,0.308826,0.185039,-0.176987,0.249905,0.544412,-0.261546
0.583375,0.062769,0.282100,0.081911,0.042880,0.099004,0.165064,0.056141,0.410471,0.044220,0.137609,0.089215,0.326260,0.013919,0.284595,0.094655,0.211935,0.039058,0.247833,0.160038
0.319427,0.266582,-0.245504,-0.042872,0.204284,0.199023,0.269452,0.213983,-0.264349,-0.317758,0.244798,-0.100464,0.274957,-0.258704,0.216258,-0.212000,0.105588,0.106145,-0.255126,0.049404
0.532402,-0.329813,-0.290371,0.124930,0.150989,0.103986,0.302019,0.112362,0.065036,0.188514,-0.208105,0.126875,-0.417490,-0.021649,-0.110007,0.130044,-0.201090,0.075354,0.001514,0.146040
0.181214,0.040039,-0.245437,-0.042571,-0.027770,-0.403745,0.377698,-0.429269,0.148211,-0.174993,0.026003,-0.056695,0.305385,0.076050,-0.002237,0.280259,-0.359520,-0.002389,0.007874,0.222266
0.309543,0.196495,0.317306,0.343423,0.248476,-0.286120,0.147928,-0.083820,0.321445,-0.088686,0.086055,0.144321,0.354319,-0.076224,-0.096600,0.087129,0.364763,0.022962,0.138337,0.184444
-0.428458,0.055749,-0.384572,0.079794,0.208697,-0.107221,0.051474,0.157320,-0.000101,-0.145027,0.157806,0.262384,-0.007178,0.323257,0.130551,-0.454911,-0.282922,0.008138,-0.222932,0.058973
-0.164690,-0.081962,0.170864,0.005456,-0.352700,0.087092,0.173619,0.052272,0.263251,0.440263,0.055408,-0.176738,-0.271128,0.345551,0.066917,0.426439,0.009220,0.045350,0.069645,-0.297325
