-0.054153,-0.178477,0.064487,-0.111484,-0.005445,0.178417,0.204740,0.203383,-0.367103,0.154510,0.392953,0.321843,0.229158,-0.323458,-0.347792,-0.086817,0.321938,0.066210,0.106842,-0.108494
-0.033899,-0.000360,0.116331,0.136586,0.059586,0.172852,-0.189746,0.255579,-0.138504,0.320889,-0.115173,-0.482294,0.010579,0.289179,0.065049,0.129109,0.114245,0.294254,0.150268,-0.486856
0.133898,0.009853,0.313301,-0.369592,0.332866,-0.348087,0.156060,0.072063,0.301928,0.067206,-0.355414,-0.000809,0.256079,-0.031043,-0.396842,-0.002697,0.127313,0.051630,0.140520,-0.032531
0.348156,0.001838,0.239928,-0.118914,-0.400948,-0.197230,0.126872,0.247906,-0.017500,0.113611,0.133806,0.152478,0.039611,0.061003,-0.000973,-0.272029,0.018119,0.089627,-0.466964,0.412054
0.040085,-0.086148,0.120155,0.440226,0.006482,0.084618,0.037492,-0.307362,-0.276903,0.465148,-0.008147,-0.214045,-0.288172,0.269895,0.079123,0.057490,-0.254571,-0.129984,-0.278724,0.126078
-0.429443,0.013702,-0.147822,-0.142630,-0.224903,-0.441352,-0.025098,0.230511,0.013926,-0.109393,0.004071,-0.176474,-0.069564,0.372532,-0.319211,0.144177,-0.368842,-0.015672,0.098382,0.135895
-0.207850,-0.230561,0.209045,-0.160110,-0.197132,0.045582,-0.300955,0.316577,-0.306790,-0.283582,-0.212085,-0.312948,0.167259,0.032928,0.053045,-0.136918,0.273332,0.174056,0.159778,-0.322428
0.364181,0.374964,0.102043,0.079209,0.123694,0.067735,0.164322,0.305344,0.068005,0.145646,0.263969,0.347694,-0.476359,0.011778,-0.308801,-0.031265,0.090795,0.039069,0.142660,-0.006245
-0.065491,-0.060415,0.140046,0.187773,-0.052888,-0.145669,-0.001961,-0.428231,0.089185,0.051797,0.031035,0.141682,-0.373275,-0.031526,0.149744,-0.419787,0.410448,0.039114,0.375557,0.219317
0.175275,0.534876,0.088732,0.176133,-0.196081,0.070616,0.247964,0.434774,-0.065470,-0.143370,-0.163095,-0.019203,0.011253,0.041199,0.051498,-0.412135,0.204980,0.016008,0.224875,0.177086
0.276234,0.123037,-0.177622,-0.231144,0.220068,-0.212281,0.265300,0.247338,0.117901,0.309408,-0.198846,-0.149434,0.287473,0.139189,-0.156836,-0.030185,-0.301085,0.304204,0.175880,-0.292187
0.195455,-0.144093,0.260411,0.103409,0.098364,-0.236911,0.025368,0.200764,0.050786,0.117848,0.646155,0.097915,-0.028387,-0.046198,-0.182288,0.209584,0.103745,-0.403010,0.146605,0.193489
-0.224603,0.172031,0.417987,0.063256,0.097082,-0.064617,-0.000142,0.276434,-0.024561,-0.023513,-0.258155,-0.321765,0.424992,-0.166705,0.164814,0.014632,-0.341250,-0.341747,0.034945,0.098208
0.067758,0.012988,-0.181453,0.274488,0.080202,0.239443,0.098387,-0.145862,-0.027308,0.304354,-0.405871,-0.324801,-0.091692,0.107777,0.218422,0.410707,-0.274850,0.102500,0.262190,0.193501
0.361020,-0.149817,-0.244774,0.064043,-0.031781,-0.031376,0.053188,-0.095301,-0.158009,0.012170,0.212697,-0.282530,0.458492,0.403640,0.076808,0.054177,0.078076,-0.392048,0.129179,0.246294
0.091426,0.034589,-0.153305,0.146456,0.437998,-0.275205,0.034681,-0.355152,0.280460,-0.196603,0.210633,0.243573,-0.029989,-0.013083,0.075866,0.138723,0.357932,-0.379917,0.128698,0.120360
