0.153275,-0.283312,0.243843,0.094458,0.072577,0.132085,-0.244676,0.061435,0.227313,-0.163462,0.026234,-0.087396,0.415254,0.281591,0.319297,0.252062,-0.375953,0.005846,0.121964,-0.285170
0.190173,-0.357052,-0.324594,0.313642,-0.180447,0.087337,0.110710,0.371499,0.046276,0.163459,-0.122128,-0.063699,0.296632,0.054075,0.031586,-0.318405,-0.313191,-0.005085,-0.226347,0.227341
0.045056,-0.037200,0.134755,0.205187,-0.021232,0.065091,0.048945,0.116788,-0.157199,-0.003033,-0.367863,0.439174,0.370159,-0.342949,0.019288,-0.243461,-0.005818,-0.455837,0.029367,-0.199311
-0.040491,0.162877,0.047878,-0.160285,-0.538633,0.059229,-0.241876,0.104324,-0.074023,0.117897,0.103685,0.069725,0.202822,0.105517,-0.250702,0.286825,0.041962,-0.537975,0.113615,-0.210615
0.218225,0.346530,-0.286911,-0.159773,0.154961,-0.277055,0.052124,-0.146107,0.056007,0.352686,0.256844,0.333680,0.143770,-0.201961,0.034204,0.400835,0.165004,-0.112373,0.057201,0.168389
-0.408720,-0.365762,-0.287458,0.193209,-0.306502,0.056866,-0.186710,0.235737,0.171063,-0.063952,-0.080553,-0.115634,-0.155674,0.017333,0.060351,0.224407,-0.286360,0.052536,-0.416758,0.037382
-0.174235,0.237516,0.212740,-0.233111,-0.294085,0.085596,0.130769,-0.258869,0.282100,0.223318,-0.185995,0.202732,-0.324321,0.325527,0.193880,0.073562,-0.234347,-0.105456,0.269281,-0.194558
0.101023,0.217426,-0.511042,0.147475,-0.018452,-0.011773,0.036861,0.102078,0.367378,-0.039776,0.105692,0.125389,0.093740,-0.379192,0.112221,0.257220,0.017484,0.482023,0.068348,0.123512
0.132935,0.227954,-0.347536,0.227570,0.219820,0.000732,-0.104816,0.405978,-0.064907,0.082080,-0.368008,0.068306,0.264223,0.030484,-0.123485,0.500498,0.024603,0.065705,-0.123373,0.161219
0.182905,0.213869,0.075907,0.171517,-0.039473,0.013505,-0.444143,0.485195,0.103187,0.033549,-0.168966,0.059229,0.018469,0.010914,0.041551,0.010049,0.086609,0.004905,0.339262,0.531475
-0.198397,0.119673,0.117669,0.290585,0.299801,0.190305,-0.166773,-0.179079,0.230764,-0.199755,-0.186366,-0.209857,-0.310840,0.294014,0.240918,-0.056775,0.238642,0.247504,0.272557,-0.230865
0.101034,0.328817,-0.316578,0.125463,-0.370799,-0.051620,0.189436,0.133525,0.140507,0.198422,-0.343125,0.201299,0.074195,0.075180,-0.002008,0.231973,-0.088559,-0.209203,-0.015206,-0.487500
0.306254,0.170106,0.093587,0.334527,-0.351176,0.148708,-0.398309,0.127319,-0.341874,0.298827,0.095232,0.290363,-0.101709,0.172728,0.056382,0.130001,0.003892,0.179157,0.068823,0.199107
0.423858,0.382044,0.119766,0.136003,0.391272,0.072361,0.114649,0.238324,-0.061067,0.375133,-0.102988,-0.180507,0.139640,0.206115,0.053144,-0.124237,0.142267,0.079558,-0.148443,-0.311102
0.057967,-0.263181,-0.008035,0.094123,-0.196335,-0.177850,-0.430341,0.141759,-0.083665,0.072327,0.041975,-0.453614,0.287052,0.252748,-0.465017,0.145407,0.184632,0.011644,0.014028,-0.071690
0.185742,-0.211974,0.285220,-0.081892,0.374163,0.072290,0.217056,0.113446,0.117161,-0.113303,-0.135185,0.029766,0.133113,-0.259921,0.400069,0.185816,0.347449,0.387748,-0.127850,0.119590
