0.073689,0.068838,-0.373030,0.248078,-0.058665,-0.408308,0.088143,0.305274,0.104801,0.415055,0.230257,-0.318078,0.116659,0.303190,-0.146009,0.182188,0.103398,0.048141,0.086525,-0.005781
-0.103963,-0.169652,0.212011,-0.240210,0.217078,-0.173787,-0.284943,-0.168821,0.275918,0.307258,0.262061,0.173462,0.271443,0.183036,0.173550,-0.191799,0.150743,0.296812,-0.271692,0.206669
0.072332,-0.306567,-0.330310,-0.049028,-0.397882,0.068910,-0.362629,0.076513,-0.299997,-0.138646,-0.444304,-0.144069,0.001816,0.121606,-0.147192,0.145679,-0.058386,0.034126,0.044179,0.311891
0.056335,-0.021300,-0.058962,0.137675,0.112952,0.195551,0.293120,0.384295,0.092128,0.258401,0.210949,0.330575,0.209713,0.194024,0.053273,0.317593,0.036526,0.068057,0.079168,-0.512583
0.187874,0.020564,0.113300,0.277581,0.211323,-0.537194,0.024686,0.170044,0.021959,-0.351993,0.224530,0.273601,-0.042385,0.100657,-0.245404,-0.385304,-0.000412,0.042002,0.109597,0.166115
-0.299751,-0.084216,0.061499,0.313977,-0.047993,-0.270253,-0.381558,-0.418649,0.138907,-0.251089,0.144166,0.141828,0.113197,-0.348946,0.122215,-0.142911,-0.008508,0.044283,-0.328190,0.039756
0.199795,0.173749,0.214809,-0.107364,0.068065,-0.247268,0.290574,0.260794,-0.085370,-0.315729,-0.227004,-0.236047,0.252981,-0.253718,-0.206674,-0.178695,-0.270084,0.191054,0.175825,-0.310484
0.279190,0.133956,0.110610,0.271722,0.002805,0.143625,0.131225,0.428393,-0.000092,0.194513,0.271542,0.238014,-0.111338,0.139948,0.242005,0.469775,-0.111202,0.087367,0.183918,0.251758
0.106394,-0.280597,0.380672,-0.414454,-0.144873,0.143848,0.370445,-0.214078,0.021831,-0.120410,0.191224,0.251082,0.142208,0.170115,-0.142480,0.327976,0.135358,0.144854,0.160514,0.108810
0.352095,0.322078,-0.052968,0.186492,-0.133702,0.124031,-0.097502,0.131631,0.314948,0.150337,0.017144,0.164546,0.035366,0.326349,0.210985,0.095037,0.178022,0.024376,0.378873,0.433961
0.058428,0.055244,-0.112387,0.132571,-0.286238,-0.127182,-0.135025,0.194707,-0.057520,-0.414366,0.347015,-0.249648,0.243516,-0.070397,-0.035615,0.360685,0.110791,0.311770,-0.083163,0.373253
0.191728,0.075429,-0.083359,0.133154,0.089266,0.088054,0.353619,0.092129,-0.393321,0.107921,0.222810,0.312128,0.006837,0.083036,-0.074260,0.187508,0.057632,-0.553850,0.189936,0.276472
0.289409,0.011580,0.381245,-0.372971,0.010318,-0.117333,0.076726,0.036715,-0.383683,0.300964,0.179949,0.096218,0.259057,-0.165798,0.015372,0.148247,0.268516,-0.248415,0.049948,0.279275
0.414192,-0.132902,-0.050575,0.268810,0.097075,0.336858,0.061891,-0.398126,-0.006463,0.051157,0.118102,0.190051,0.399711,0.246974,-0.021114,-0.115562,-0.273780,0.105659,-0.075067,0.267747
-0.237836,0.030770,-0.230132,-0.252677,0.234495,0.197624,-0.304168,0.297973,0.243172,0.224789,0.241556,0.158157,0.198309,-0.355389,0.025398,-0.225663,0.104365,0.059798,0.316113,-0.160358
-0.179439,0.109531,0.118691,-0.496753,-0.020201,0.136282,-0.062683,0.307702,0.152683,0.165711,0.250136,0.134452,-0.142345,0.089625,-0.451856,-0.198423,0.114903,-0.228314,0.319990,-0.079882
