-0.257468,-0.227697,0.347155,-0.325702,0.002356,0.046197,-0.248241,0.148809,0.030451,0.080434,-0.244610,0.080910,-0.377619,0.215578,0.446608,-0.064610,-0.044927,-0.166129,-0.191707,-0.191075
-0.224918,-0.226466,-0.223766,-0.034747,0.018506,-0.291500,-0.343032,-0.280688,-0.167181,0.136368,0.401135,0.334441,0.087383,-0.260480,0.339885,-0.187326,0.030921,0.102650,0.087798,0.021653
0.368543,0.101950,-0.369961,-0.327961,-0.035311,-0.125473,0.005739,0.225780,-0.214534,0.036337,-0.333332,-0.122991,0.351449,0.171020,0.051406,-0.185045,-0.339131,0.181756,-0.170822,0.029942
0.372267,-0.346324,0.012090,0.145087,0.012551,0.040240,0.045737,0.252695,0.037199,0.135692,0.526471,-0.012430,0.251133,0.100310,-0.234670,-0.183847,0.161173,0.392275,0.112605,0.029992
0.081436,0.193177,0.475158,0.103919,-0.134626,0.061995,-0.370994,-0.278587,0.037642,0.321284,0.201120,0.075627,0.103508,-0.052954,-0.018965,-0.264107,0.057306,-0.006846,0.224319,-0.440650
0.295183,-0.346803,-0.270007,0.259645,-0.456611,0.106228,0.170643,0.093401,0.035379,0.171695,0.300010,0.034423,-0.161816,-0.125626,0.238875,0.202773,0.226419,0.059563,-0.265103,0.086577
-0.215761,-0.045284,-0.177158,-0.194533,-0.136748,-0.214908,0.249169,-0.009223,-0.306962,-0.324915,0.320831,-0.018087,-0.187306,0.308113,-0.062628,0.105405,-0.320111,-0.305326,-0.297063,0.151876
0.301199,0.103978,0.047613,0.432954,0.091259,-0.431311,0.159544,0.134726,0.561656,0.131105,0.190208,0.161212,0.075700,0.052474,0.034549,-0.037372,0.036696,-0.097308,0.173161,0.155239
-0.175183,0.389461,0.360935,0.063308,0.007211,-0.327222,0.052618,0.036006,0.078592,-0.038099,0.252293,0.104531,0.315011,0.191946,0.115788,0.165022,0.396990,-0.026247,-0.372378,-0.127600
0.078836,-0.083988,-0.261234,0.235665,-0.480151,0.096180,0.291060,0.113518,0.110477,0.141329,0.264876,0.181665,0.140738,0.129873,0.411841,0.094131,0.059637,0.385751,0.150435,0.008527
-0.251079,0.206416,-0.292517,-0.116411,-0.038481,0.058862,0.305452,-0.174980,-0.120630,-0.237464,0.309163,0.281070,0.313009,-0.234535,0.294435,-0.295647,-0.093904,-0.165284,0.182091,-0.156437
-0.237207,-0.026814,0.072877,0.304829,0.057479,0.176297,0.588165,0.072270,0.138659,0.396587,0.308204,0.124562,0.038370,0.030113,0.025165,0.142012,-0.107274,-0.002810,-0.370022,0.024730
0.201415,0.240757,0.187092,0.112110,0.339935,-0.017093,-0.073470,0.072613,-0.198371,-0.288857,0.275925,0.313187,0.074324,-0.309590,-0.025439,0.297860,-0.411153,0.016165,-0.228457,-0.134640
0.234541,0.192739,-0.265611,0.081907,0.067250,-0.130927,0.206418,-0.379059,0.109492,0.192698,0.134516,0.075973,0.154927,0.135030,0.384521,0.415059,0.148872,-0.024442,0.362227,-0.182490
-0.151582,-0.273346,0.011484,0.182949,-0.326735,0.105866,0.117514,-0.137545,0.423948,0.388950,0.226338,0.191483,0.131756,-0.272059,0.375689,-0.125212,0.038887,-0.065876,0.114919,0.178465
0.014655,-0.063220,-0.035658,0.052373,0.335692,0.066779,-0.436004,0.040429,0.000580,0.017465,-0.324876,-0.165247,0.245482,0.025887,-0.252942,-0.275586,-0.284696,-0.328084,0.175823,0.359544
