0.333251,0.276923,-0.115990,0.263185,-0.027591,-0.119269,0.180124,-0.200269,0.285394,-0.162251,0.479927,0.183137,0.230203,0.260290,-0.056286,-0.080788,-0.293550,0.130141,-0.038379,0.187975
0.176483,0.036831,-0.269003,-0.279514,-0.279320,0.310339,-0.314625,-0.271334,0.214797,0.215171,-0.315123,0.109027,-0.074322,0.062682,-0.226110,-0.000294,0.067147,0.281998,0.289687,-0.194708
0.286574,-0.076359,0.173176,0.117088,0.363530,-0.211274,0.377842,0.053927,0.022945,0.045448,-0.159829,-0.206841,-0.311604,-0.019372,0.061517,-0.247848,0.110571,-0.374986,0.176294,-0.358266
0.091289,0.347380,0.091985,0.396534,-0.033939,0.119002,0.115143,0.060791,0.021321,0.119122,0.363123,0.134685,-0.316925,-0.295327,0.221374,0.246067,0.057681,0.087160,0.084645,0.439409
0.293601,-0.085528,0.129459,0.449464,0.035091,-0.234100,0.271968,0.305759,0.288725,-0.009933,0.004985,0.197309,0.241805,-0.276472,0.321197,0.205508,0.044983,0.066274,0.088414,0.217395
0.085727,-0.191977,-0.343868,0.005779,0.006650,-0.366252,0.323127,0.033578,-0.136685,0.152100,-0.051823,0.249818,-0.282387,0.344523,-0.142543,0.389174,-0.180048,-0.266747,-0.122585,0.045501
0.345484,0.265363,-0.243774,0.066823,0.313971,-0.110840,-0.185915,0.091312,-0.205899,0.274797,-0.271603,-0.224845,-0.197490,-0.155151,0.258077,-0.256368,-0.332063,-0.021279,-0.139253,-0.157554
0.072590,0.110910,0.023670,0.103209,0.000001,-0.010748,-0.106017,0.530144,-0.170457,0.457217,0.052820,0.253525,0.269664,-0.317281,0.104736,0.410389,0.104006,0.072212,0.065809,0.022466
0.022838,0.029539,-0.354555,0.228092,0.019743,0.119573,0.154892,0.026460,0.157572,-0.390924,0.258230,0.332167,0.094122,-0.405647,0.369445,0.142246,-0.266345,-0.121140,0.019456,0.103436
0.003479,0.079417,0.182887,0.326342,0.031274,0.084080,0.027319,-0.381540,0.066661,-0.384413,0.045044,0.269185,0.360489,0.439497,0.044765,0.333052,-0.024554,0.047951,0.014583,0.183051
-0.059227,-0.288995,-0.280777,0.088547,0.000185,0.107929,0.255839,0.275433,-0.097826,0.269870,0.152201,0.187084,-0.285276,0.316466,0.214372,0.294842,0.087378,-0.228720,-0.264903,0.297028
0.383353,-0.004798,0.268254,0.052585,0.156595,0.266950,0.139041,0.027562,0.053544,0.194994,0.385253,0.152624,0.011632,0.156259,0.093970,0.285285,0.193863,0.085455,0.418131,-0.339594
0.283476,-0.349154,-0.117084,0.362721,0.055431,-0.159444,-0.008657,0.216260,0.229048,-0.163043,-0.382465,0.395258,0.062825,0.080030,0.334150,-0.007168,-0.014326,0.086212,0.215519,-0.139356
-0.128333,-0.004011,0.191819,-0.079105,-0.051702,0.408277,0.012181,-0.429775,0.052861,0.301362,0.256941,0.268131,0.138817,0.209653,0.150480,0.068174,0.275468,0.058814,0.032650,0.428712
0.122104,-0.101090,-0.012808,-0.197344,0.021392,-0.199465,0.233417,-0.068617,0.004417,-0.591719,-0.450430,0.109553,0.177831,0.056827,0.136529,0.316036,0.145460,0.147863,0.158963,0.222764
0.129698,-0.309798,0.386618,0.090983,-0.272757,-0.157410,0.225897,-0.244650,0.052709,-0.121553,0.464248,0.131168,-0.348645,0.004807,0.164416,0.081200,0.173579,-0.265410,0.092367,0.069311
