0.299832,0.066110,-0.153452,0.285958,-0.024159,0.096827,-0.042885,-0.320925,-0.013472,0.317693,-0.372662,0.315857,-0.004608,0.019337,0.121277,-0.052376,-0.333114,-0.019191,-0.248495,-0.393621
0.152617,0.082384,0.087976,-0.111649,-0.334483,0.211624,0.116048,0.343200,0.123128,0.183419,0.202917,0.028864,-0.191459,0.092342,0.354046,0.206402,0.302486,0.339488,0.291279,-0.257409
0.382844,0.422906,-0.199007,-0.166034,0.040852,-0.110473,0.076804,-0.351712,-0.113161,0.291744,0.207014,-0.217776,0.061748,-0.003583,-0.126695,0.103070,0.358558,0.330975,-0.077789,-0.032792
0.122916,-0.078708,0.367438,-0.252274,-0.008014,0.225396,0.095284,0.083168,0.132418,0.351140,-0.491417,0.172391,-0.242735,0.178664,0.115117,0.256491,0.141285,-0.033804,0.319299,0.090562
0.320718,-0.295967,0.244897,-0.188521,0.041635,-0.256418,-0.270838,0.313398,0.015936,-0.293213,-0.328054,0.198482,0.167493,0.203662,0.036218,0.208299,-0.198033,0.127258,0.096449,-0.250568
0.157333,0.033739,-0.141604,0.036705,0.087252,0.151869,0.253330,0.179229,-0.327010,0.281184,0.204259,-0.218697,-0.267226,0.429548,-0.038321,0.189014,-0.122530,-0.346767,0.230251,-0.262277
-0.138385,0.122106,-0.223457,-0.096641,-0.312168,0.232464,-0.159164,-0.270352,0.315123,0.008923,0.305858,0.180106,0.174678,-0.219147,-0.307153,-0.173997,-0.165782,-0.115728,0.278492,-0.331354
0.245381,-0.365066,-0.013290,-0.352004,0.050713,0.503746,-0.183785,0.066741,-0.039704,0.294920,0.256301,0.280570,0.057018,0.102033,0.044288,0.259204,0.063952,0.082040,0.139339,0.204593
0.238439,0.124145,0.130593,-0.401135,0.013084,-0.340289,-0.345852,0.050524,-0.000588,-0.230062,-0.259777,0.262164,0.162443,0.176011,-0.037452,-0.478589,0.125580,0.051807,0.127041,-0.009074
0.141720,0.037521,0.027839,0.021556,-0.539989,0.199186,0.093627,0.099091,-0.130088,0.129207,-0.483259,-0.386490,0.218128,0.136163,0.146640,0.175995,-0.258705,0.014950,0.125289,0.097168
-0.165124,-0.293764,0.275534,-0.276820,-0.209787,0.016790,0.168352,-0.297000,0.281225,-0.106245,-0.297810,0.290738,0.094989,-0.124779,-0.098333,0.319079,0.071925,-0.190896,0.280545,0.230336
0.518389,0.025224,-0.356138,0.076704,0.285670,0.100229,0.014502,-0.030391,-0.019483,0.503572,0.230081,0.236041,0.222517,0.066346,0.022545,0.251654,0.095539,0.010623,0.114509,0.049069
-0.079573,0.342044,0.150725,-0.205484,0.398571,0.277030,0.101947,-0.208715,0.133567,0.084603,0.193947,0.210893,0.004738,0.210167,0.000630,-0.151962,-0.401694,0.047154,-0.326437,0.278669
-0.230075,0.170675,-0.014165,0.062938,-0.026426,0.228689,0.072865,0.291635,0.159310,0.090763,0.189397,-0.096432,-0.315087,0.147589,-0.116502,0.238820,0.071645,0.353638,-0.507122,0.335550
-0.307239,-0.312817,0.144395,-0.131020,0.342868,0.484073,0.094228,0.037545,-0.097049,-0.211577,0.216100,0.190023,0.359312,-0.312058,0.008712,0.194790,0.044858,0.047562,-0.040709,0.011571
0.239308,0.079920,0.054209,0.497168,-0.343797,0.070499,0.088178,0.429020,-0.256025,0.098993,-0.280887,-0.371827,0.010488,0.197793,0.105266,0.009710,-0.160374,-0.003440,0.038029,-0.033803
