-0.301663,0.437925,-0.046338,0.358519,-0.093227,0.218305,-0.038208,-0.303880,-0.021332,0.107630,0.119823,-0.161297,0.210044,0.031461,0.066148,-0.364089,0.115920,-0.089956,0.332440,0.264352
-0.335399,0.042551,0.355683,-0.128740,-0.275404,0.080455,0.375816,0.062008,0.030438,0.176050,0.194302,0.068883,0.232409,0.126568,-0.300933,-0.202547,0.256744,0.004532,0.093860,0.405494
-0.261397,-0.120301,-0.029784,-0.300995,-0.210855,0.000003,0.091521,-0.004882,0.029765,-0.327170,0.021046,-0.316077,0.250845,0.312465,-0.282857,-0.221697,0.378309,0.282475,0.119570,-0.194057
0.007593,0.161450,0.119013,-0.234327,0.003391,-0.110030,0.000301,0.114816,-0.022588,0.139251,0.292985,0.384431,0.214169,-0.465367,0.114606,-0.372339,0.077753,-0.320081,0.129096,0.294287
0.140880,0.218188,0.314681,-0.383987,-0.066364,0.045995,0.032073,0.044058,-0.226729,0.092319,0.076980,-0.176341,0.154789,-0.202170,-0.397940,0.188078,-0.041037,0.445171,-0.281640,-0.204674
0.122249,-0.247091,0.042156,-0.229583,0.392994,-0.278179,-0.352698,0.106689,0.006011,0.044494,0.148141,0.327718,0.291056,0.113706,0.059029,0.222588,0.453723,0.021728,0.022090,0.114243
-0.057538,-0.269547,-0.290584,-0.276078,0.290292,0.120184,-0.227663,0.141594,-0.271175,-0.242707,-0.301184,0.122594,0.042237,0.234389,0.276788,-0.231507,-0.045227,0.190347,0.249329,0.259282
0.184861,0.142729,0.055031,0.444327,0.082513,0.020821,0.128877,0.079094,-0.187283,-0.204188,0.157447,-0.220330,0.361003,0.147081,0.533972,-0.186999,0.045724,0.189038,0.174174,0.156771
0.073902,-0.438823,0.113183,0.379477,0.386399,-0.043469,0.078572,0.099647,0.119760,0.192971,0.173443,0.098797,0.130429,-0.063808,0.110390,0.254472,0.438901,0.248603,0.164123,-0.083906
0.120166,-0.255666,0.093343,0.155907,0.053491,-0.439074,0.111828,0.112777,0.004868,0.041890,-0.407936,0.171129,0.161694,0.135981,0.383488,0.340470,0.033377,0.365512,0.068074,0.147862
-0.146304,0.296038,-0.116938,0.144860,-0.032755,0.271772,0.345179,-0.230335,-0.331492,0.289887,0.289663,0.103518,-0.256945,-0.144449,0.272032,-0.031026,-0.222872,0.161186,0.223400,-0.182233
0.214900,0.199532,0.055515,0.142452,0.138482,0.492519,0.100176,0.108856,-0.032801,0.036129,0.178268,0.088957,-0.216254,0.123621,0.064923,0.157716,-0.510242,0.161859,0.114031,-0.417413
-0.390975,-0.068732,0.084816,-0.271384,0.160800,-0.306254,0.287614,0.104521,0.160477,-0.197197,0.156713,-0.270136,0.303524,0.153047,-0.116866,0.058508,-0.279563,0.353643,0.077687,0.210285
-0.201420,0.211324,0.068046,0.316678,-0.004965,-0.177616,-0.136837,-0.204172,-0.308094,0.214230,0.236398,0.134373,0.142640,0.246581,0.158871,0.418375,0.328392,0.044469,-0.013586,0.334198
-0.230610,0.128907,0.069364,0.034709,0.020635,-0.475163,0.029277,0.102578,-0.193765,0.092205,0.079323,-0.365224,-0.365433,-0.441397,0.150502,-0.092185,-0.034755,0.129460,0.131335,0.325785
0.197899,0.126130,0.157016,0.245777,-0.326756,0.397607,-0.015070,0.193808,0.093073,0.076616,0.131750,0.366254,-0.333605,-0.057522,0.051372,0.279077,-0.198002,0.033140,0.355449,0.171506
