-0.046595,-0.346105,0.138614,0.211885,0.187685,-0.102650,-0.137404,-0.139177,-0.099919,-0.117537,0.364682,0.397627,0.374211,-0.218922,0.338071,-0.094345,0.173012,-0.015375,0.120071,-0.243473
0.034325,-0.201943,0.292778,-0.060132,-0.317755,-0.045979,-0.309834,-0.032847,-0.263919,0.085481,0.101953,0.222623,-0.293719,0.248416,-0.224526,-0.286092,0.356668,-0.199268,0.263014,0.123669
0.251609,-0.151607,-0.175886,0.024022,0.125894,0.209833,-0.254370,-0.047492,-0.316898,0.147957,-0.016000,-0.353679,0.199682,-0.239223,0.012477,-0.270110,0.560890,0.049289,0.124923,-0.069626
0.511559,0.079403,0.144517,0.123681,-0.223850,-0.054452,0.085409,0.050912,-0.090101,0.188516,0.441362,0.187537,-0.009984,-0.463530,-0.009648,0.270175,0.265099,-0.023322,-0.000328,0.019051
0.014730,-0.027687,-0.399550,0.393492,-0.165832,-0.089017,0.550100,-0.198903,-0.003744,0.267975,0.077510,0.115266,0.037900,0.021480,0.247746,0.320126,0.082136,0.012665,-0.025120,0.206229
-0.487221,-0.076322,-0.011952,-0.272718,-0.005195,-0.055566,0.262210,0.015153,-0.008006,-0.085067,-0.428225,0.091849,0.036051,-0.176317,-0.373356,0.121645,-0.421423,0.005159,0.120391,0.179903
-0.287950,0.070806,-0.237380,-0.223805,-0.214356,0.241210,0.153183,-0.215678,0.212069,-0.276351,-0.252422,0.188708,-0.132384,0.209835,0.221915,0.360901,-0.213559,0.271431,-0.029309,-0.222838
0.506025,-0.457755,0.120394,0.209693,0.002292,0.080104,0.130118,0.084398,0.483712,0.172499,0.132161,-0.052081,0.123590,-0.039797,-0.238887,0.227920,-0.032341,-0.081495,0.008731,0.167061
0.544996,-0.204830,0.048197,0.206374,0.040166,0.007483,0.252397,0.141812,-0.026391,0.082869,-0.290954,0.188876,0.208823,-0.007324,-0.099741,0.309804,-0.235979,-0.186179,0.291010,0.279484
0.307843,0.176601,-0.021824,-0.456373,0.130465,0.040217,-0.406042,0.170046,-0.070187,0.082986,0.155685,0.190315,0.112664,-0.028991,0.051485,0.352469,0.006434,-0.032417,-0.358687,-0.332312
-0.015401,0.332658,0.319248,-0.088399,0.258543,0.174268,-0.384547,0.083016,-0.041630,-0.258313,-0.106268,-0.071744,0.268713,0.347550,-0.065200,-0.221300,0.106447,0.286753,-0.319696,0.022368
-0.288112,0.098535,0.065972,0.152217,-0.231925,0.120690,0.049124,0.027106,0.034745,0.232268,0.456711,0.187731,0.286236,0.087365,0.004388,0.183489,0.597381,-0.082188,-0.035189,0.145483
0.051857,0.374624,0.298591,0.275791,0.049264,-0.045057,0.352437,-0.082490,-0.128902,-0.180137,0.093361,-0.192331,-0.202431,0.363149,0.039925,0.310856,-0.095939,0.003412,0.190559,0.380650
0.431214,0.345966,-0.117254,0.288009,-0.179953,0.299085,0.291715,0.276915,-0.057241,0.095487,0.103892,-0.013524,0.175830,0.007847,-0.351583,0.136583,-0.018404,0.032424,-0.191823,0.281513
0.099299,0.013372,0.149981,0.137033,-0.000661,-0.235245,0.002278,-0.156656,-0.006141,-0.577840,0.587460,0.190141,0.067297,0.011929,0.035860,0.084731,0.286524,0.003445,0.003975,-0.241540
-0.062757,-0.066884,-0.009024,0.156171,-0.208870,0.306870,-0.364215,0.040207,0.320464,0.350705,0.126668,-0.220518,0.332265,-0.016711,-0.015837,0.186155,0.343696,0.292886,-0.200764,0.122018
