-0.369173,0.401019,0.365011,0.194752,-0.044307,0.192665,0.104193,0.066360,0.226044,0.046966,0.420009,0.261531,0.108139,-0.096178,-0.090080,0.126010,0.354024,-0.087292,0.037207,-0.003043
-0.100657,-0.220535,0.325871,0.183188,0.305622,0.130803,-0.017056,-0.188445,0.015487,0.222548,-0.347848,-0.314099,0.119748,-0.031468,-0.034990,-0.306709,-0.157735,-0.259329,-0.191401,-0.382560
-0.155526,0.294978,0.007093,-0.302149,0.126498,-0.245416,0.305560,-0.029058,-0.400216,-0.147804,0.011973,0.126399,0.264725,0.028031,-0.041780,-0.134902,0.358130,-0.137138,-0.094293,0.426744
0.443306,-0.094355,0.169218,-0.190419,0.359591,-0.007202,0.016142,0.336352,-0.328880,0.092824,0.295799,0.001033,0.365441,0.241434,0.070692,0.206107,0.105361,0.154310,0.013105,0.090860
-0.117549,0.471873,0.238560,0.048878,-0.016879,-0.280493,-0.010017,0.330588,0.118968,-0.301415,0.103197,0.098412,-0.021229,-0.136309,0.168130,0.223046,0.002859,-0.459136,0.280517,-0.063066
-0.413061,-0.056440,0.382714,0.089332,-0.004192,0.008358,0.044469,0.288073,-0.345696,-0.232349,-0.072180,0.083836,-0.091365,0.285363,0.043252,0.343465,-0.200113,-0.044257,-0.286271,0.259597
0.338808,-0.298525,-0.147892,-0.307527,0.177397,-0.240172,-0.125342,-0.235318,-0.297304,-0.307956,-0.221760,0.156124,-0.253007,-0.078533,0.005732,-0.047191,-0.264039,-0.265750,0.203924,0.090924
0.149487,-0.001507,0.187765,-0.226540,0.179968,0.201400,0.292503,0.067480,-0.021169,-0.309258,0.510254,0.254184,0.079690,-0.041387,-0.040839,0.260636,0.255943,0.028192,-0.391997,0.096592
0.123677,0.184710,-0.032220,-0.250660,0.054663,0.074247,0.234193,0.022320,0.156814,0.082558,0.547490,0.170934,0.098474,-0.117950,0.106196,-0.248996,0.014147,0.292301,-0.192974,0.492682
0.117348,0.043802,-0.068037,0.309693,0.013861,0.288253,0.215054,0.074337,0.182598,0.064887,0.604439,-0.192550,-0.291290,0.156087,-0.091792,0.255343,0.224713,-0.058632,0.206867,0.170808
0.064366,0.284337,-0.217199,-0.301847,0.166486,-0.023452,0.093652,-0.248980,-0.287066,0.132483,-0.066361,0.138851,-0.316963,0.267566,-0.123304,-0.231127,-0.343431,-0.217729,-0.284588,-0.258900
0.178930,-0.102606,0.207473,0.198767,-0.382184,0.054942,0.181222,0.323917,0.086457,0.163978,0.537513,0.439702,0.088170,-0.140829,0.067628,-0.003614,0.149421,0.081213,0.043838,0.091635
-0.232551,-0.295598,-0.333435,-0.035457,0.128482,-0.263906,0.154894,0.331066,0.003868,0.109314,0.234042,0.071647,0.322890,0.020832,-0.325572,0.322761,0.060070,0.325438,-0.040396,-0.168724
0.146652,0.036662,-0.141578,-0.155943,0.344261,0.070716,0.342631,0.114514,0.041675,-0.003350,0.481630,0.090699,-0.011104,-0.305316,-0.090378,0.488618,0.263103,0.073624,-0.004549,-0.147977
-0.335833,0.012563,-0.174820,-0.375097,0.393907,-0.140451,-0.131754,-0.068472,-0.318135,0.100667,-0.015170,-0.406622,0.111125,-0.026299,0.006762,-0.215211,-0.151139,0.270060,0.265037,0.128547
-0.250471,0.186408,0.466144,-0.116183,0.373254,0.038254,0.112198,-0.024843,0.044737,0.111121,-0.297148,0.036820,-0.398568,-0.141336,-0.170026,0.119209,-0.190293,-0.267804,0.006138,-0.289513
