0.091779,0.079950,-0.351417,0.133960,-0.358075,0.142738,0.113866,-0.233418,-0.369032,0.231734,0.323925,0.198860,-0.136871,0.075550,-0.289042,-0.155222,-0.050165,0.375246,-0.069160,0.114702
-0.215038,0.091483,-0.216368,0.100853,0.256124,-0.322953,0.065751,0.384285,0.151766,-0.062987,0.129836,-0.423990,0.053633,0.360753,0.365489,0.217517,0.050044,0.010108,-0.142224,0.078313
0.408871,-0.222838,-0.029756,0.174281,-0.198057,0.309936,0.037496,0.075174,0.076380,0.170306,0.117486,-0.306957,0.390610,-0.108316,0.018639,-0.368408,-0.192461,0.288661,0.198543,0.080837
0.093504,-0.002069,0.141365,0.288785,-0.395736,0.142622,0.106499,0.094960,-0.282697,0.186089,0.050226,0.267575,0.022024,0.106128,-0.255446,-0.082563,0.197446,-0.041481,0.567049,0.236288
-0.274921,0.169605,-0.014850,-0.315924,-0.187279,0.057063,0.163518,0.072707,-0.387176,0.153125,0.435301,-0.169069,0.085700,0.107498,-0.165030,-0.284269,0.101731,-0.077344,0.186719,0.394597
0.265672,0.165153,-0.126081,0.071874,0.013654,0.425361,0.023460,0.104817,-0.226752,-0.221300,-0.309701,0.148616,-0.381830,0.115585,0.151967,0.146940,-0.069882,0.231115,-0.302229,0.341400
-0.129054,0.270166,-0.200806,-0.040106,0.022103,0.308544,0.237684,-0.229544,-0.234793,-0.183202,-0.278956,-0.125382,-0.180305,0.132828,0.286801,-0.255839,-0.278195,0.185366,-0.300864,-0.284940
0.151650,0.112976,-0.153506,-0.086557,0.013456,0.087071,0.026150,-0.337359,-0.022100,0.201620,0.165389,0.361133,0.052679,-0.155857,0.048176,0.400389,0.533385,-0.098251,0.334321,0.128033
0.128587,0.089307,0.387192,0.045744,0.073301,-0.215274,0.340152,0.017017,-0.054805,0.238984,0.191887,0.476151,-0.406638,0.057612,0.025501,-0.194122,0.137837,0.048504,0.261966,0.187426
0.093359,0.091225,-0.473942,0.102587,-0.005040,0.160250,0.058867,0.142966,0.181513,0.068643,0.377030,0.391527,-0.165542,0.041019,0.167007,0.385262,0.159249,0.047056,0.362974,0.019324
0.325305,0.301357,-0.150399,-0.129976,-0.158475,-0.234069,0.241101,0.230069,-0.094896,0.275354,0.169083,0.011361,-0.325908,-0.199470,-0.264648,-0.288016,0.170842,0.256028,-0.164751,0.196123
-0.256493,-0.002297,0.171620,0.155751,-0.094295,0.172557,0.494376,0.098065,-0.310989,0.224731,0.173096,0.142321,0.061777,-0.350340,-0.038356,0.414212,0.134281,-0.099332,0.221431,0.117637
0.070224,-0.205278,0.321219,-0.278565,-0.102800,-0.277865,-0.294406,0.332787,0.223854,0.107801,0.299554,-0.320631,-0.200722,-0.016537,-0.147861,-0.155339,-0.093421,-0.119397,-0.299126,-0.183485
0.213291,0.330170,0.144519,0.059824,-0.012622,-0.013463,-0.010237,-0.354941,-0.333015,-0.011365,0.323065,0.376898,-0.257054,0.019164,0.016270,-0.065175,0.313344,-0.012732,0.184370,0.365862
0.095273,0.034328,0.410044,0.068924,0.073205,0.113135,0.056637,0.049504,-0.365348,0.285866,0.079464,0.001372,-0.251179,-0.206886,-0.379069,0.223118,0.101172,-0.245227,-0.240532,-0.379382
0.098595,0.232691,-0.373856,-0.297043,-0.025245,-0.122455,-0.049345,0.106550,-0.023447,-0.014255,0.179046,0.032077,0.368865,0.389877,-0.153224,0.453268,0.042446,-0.007578,-0.319476,-0.154766
