0.064971,0.068407,0.415902,-0.042032,-0.046884,-0.121827,-0.364716,0.403963,0.022940,0.136443,0.268390,-0.298594,0.190963,0.220898,0.182950,-0.260997,-0.175673,0.134367,-0.187857,-0.227423
-0.208934,0.024842,0.088889,0.093796,-0.388654,0.133309,0.129213,-0.132707,0.280190,-0.055977,-0.322044,-0.254935,0.085258,-0.292810,0.049287,0.355314,0.069747,-0.041552,0.426551,0.274471
0.084313,0.246453,-0.334629,-0.328804,-0.143493,-0.000604,-0.089786,0.319724,-0.251748,0.093977,-0.184643,-0.170676,-0.270514,-0.379340,-0.180948,0.052214,0.165292,0.133377,0.137166,0.359564
-0.108862,0.050853,0.131892,0.202030,0.447418,-0.366372,0.181075,-0.030864,-0.038649,0.171016,0.283796,0.227536,-0.180971,0.158451,0.142959,0.064775,0.287785,0.250461,0.096716,-0.398436
0.119678,0.371556,-0.208401,0.041228,-0.005863,0.059078,0.043134,0.125411,-0.187582,0.153441,0.195519,-0.071642,0.277708,0.355984,0.174457,0.270205,0.263328,-0.393237,-0.028766,0.383655
-0.083096,-0.302083,-0.246508,0.360124,-0.320425,0.096573,-0.298770,0.291705,-0.206659,0.367720,0.222743,-0.282023,-0.123625,0.006822,0.148642,0.106560,0.037569,-0.070408,-0.025940,0.249267
0.243052,-0.252596,-0.150365,-0.133031,-0.127978,0.245036,0.257680,-0.191534,-0.155408,-0.042738,-0.287023,0.317647,0.261542,-0.145042,0.299228,-0.209904,-0.304258,0.236870,0.223638,-0.162222
0.123790,-0.357934,0.104300,0.161263,-0.017196,-0.034004,-0.436026,-0.047056,-0.041942,0.166689,0.364648,0.177183,0.096991,0.381209,0.181710,0.078705,0.313902,-0.366780,0.069883,0.009903
0.250172,0.045875,0.076230,0.300715,-0.061851,0.301431,0.071489,0.042664,0.056066,0.146949,-0.157196,0.106855,0.418793,0.105468,-0.429295,0.446168,-0.227326,0.222558,0.043817,0.059885
-0.177949,-0.154400,0.493105,0.281049,0.019618,0.049096,-0.312255,0.255387,0.147423,0.204294,0.114215,0.174673,0.201173,-0.027074,0.097630,0.419659,-0.229205,0.249318,0.071568,0.056049
0.292619,-0.080132,0.191813,-0.321366,-0.244924,-0.317730,-0.228522,-0.222370,-0.226597,0.207679,0.147474,-0.196506,0.170545,-0.271748,0.023859,0.197480,-0.322178,-0.115733,-0.301227,0.001898
0.079235,0.155836,0.065547,0.114290,-0.168331,0.269974,0.337648,0.053127,0.486226,0.190422,0.477014,0.129302,0.140227,-0.293428,0.100335,-0.115590,-0.014659,0.102560,0.084282,0.264693
-0.353988,0.011544,0.207785,0.266055,0.246179,0.073142,0.355921,0.042833,0.336977,0.193585,-0.022471,0.116497,0.080607,0.048710,-0.213899,0.378899,0.319706,0.185880,0.241691,0.087529
0.463948,-0.002557,-0.156012,0.170641,-0.081593,-0.023076,-0.366360,0.318268,0.128418,0.127944,0.335679,0.250547,0.103148,0.142538,0.055781,0.223102,0.079901,-0.354456,0.013750,0.253404
0.110836,0.048479,-0.229841,-0.018743,-0.353124,0.023535,-0.401603,0.024085,-0.065335,0.112650,0.387745,0.145350,0.066365,-0.031195,-0.081420,0.059106,-0.429526,-0.295037,0.405166,0.073760
0.415997,0.193474,-0.235316,-0.397033,-0.129522,-0.046101,0.170742,0.087651,-0.064235,0.109419,0.374132,0.097675,0.331821,-0.384876,0.091981,0.154261,0.086974,0.130182,0.187918,0.069562
