-0.106929,-0.252093,-0.347655,0.383729,0.052585,0.089859,-0.024168,-0.120809,-0.380237,-0.196026,0.353121,0.157773,-0.049688,-0.087134,0.241560,0.206623,0.366408,0.000587,0.203115,0.108049
0.157806,0.065955,0.091882,0.108584,-0.190152,-0.086336,0.284462,0.076271,0.010048,0.158906,0.271612,-0.323624,0.137570,0.089595,-0.414540,0.082160,0.050179,0.317145,-0.379127,0.404879
0.137555,-0.271606,0.008809,0.282271,-0.094085,-0.037271,0.110271,0.148041,0.322565,-0.390734,0.361354,-0.131893,0.167406,-0.226070,0.072271,-0.399413,-0.232626,-0.115707,0.228748,0.121776
0.334113,0.079924,0.138075,0.156656,0.035247,0.064439,0.081573,0.093841,-0.367961,0.050136,0.342070,0.148313,0.428801,-0.432481,-0.044750,0.244858,0.065544,0.030807,0.103834,0.302833
0.318360,0.117428,0.445770,-0.060236,0.010946,-0.441368,0.227222,-0.020230,0.011686,0.190284,-0.280967,0.201890,-0.101439,0.160467,0.008127,0.131518,0.013632,0.456857,0.095350,0.090049
0.080030,0.039865,0.062696,0.084918,-0.162243,0.029943,0.095910,0.245630,0.161652,-0.030132,-0.437515,0.087888,-0.016496,0.407719,0.362094,0.348523,0.406797,0.019804,0.080375,-0.257886
0.255496,-0.224209,-0.219448,-0.163836,-0.218008,0.171440,-0.276598,-0.316145,0.262091,-0.234417,-0.140269,-0.232814,-0.260116,0.096604,-0.125759,-0.203159,-0.303182,0.121665,-0.283943,-0.192695
-0.124588,0.737753,0.103433,0.081389,0.041291,-0.175845,-0.151484,0.120008,0.033076,-0.408729,0.162700,0.166190,0.147155,0.112806,0.144109,0.227243,0.029981,0.045942,0.142902,-0.020972
0.070043,0.051053,0.531891,0.273726,-0.037674,-0.020169,0.020992,0.217788,-0.003502,0.449976,0.187633,-0.356509,0.317860,0.195404,0.149049,0.092006,0.002509,0.130259,0.139448,0.117649
0.021437,0.251088,0.217230,0.187603,-0.177909,-0.024811,0.044749,0.030574,0.292248,-0.552733,0.086456,0.146464,0.052087,0.240188,0.006531,0.152437,0.318608,-0.074473,0.424277,0.168248
0.283053,-0.247778,0.300881,0.285217,0.147133,0.140430,-0.265749,0.281404,-0.112662,-0.089739,0.184216,-0.223481,-0.239767,-0.238203,-0.095151,-0.207640,0.149982,-0.286435,-0.176604,-0.297790
-0.334783,0.132111,0.483905,0.201004,-0.065213,-0.177000,0.258482,-0.074295,0.077651,0.124396,0.293984,0.197633,0.214645,-0.500104,0.103620,0.152254,0.056436,-0.044652,0.049565,0.057146
0.054990,-0.287642,-0.064829,0.339420,0.086364,0.270594,0.177197,0.046932,0.006878,-0.341653,-0.395047,0.107079,0.077681,0.112795,0.101624,0.412114,0.290915,0.215590,0.096365,-0.238595
-0.093124,-0.146224,0.290175,-0.322160,-0.022611,-0.366579,-0.393830,-0.282310,-0.008468,-0.191460,0.204055,0.120485,0.142349,0.375443,0.119573,0.172702,0.009277,0.090382,0.016228,0.324837
0.132211,0.489687,0.101997,0.082591,0.002732,-0.154312,0.150627,-0.261468,0.307427,0.074575,0.297903,0.103054,0.002106,0.094454,-0.230553,-0.195982,-0.309839,0.449761,0.107143,0.030582
0.227797,0.129214,0.032834,0.137959,-0.193556,0.395844,-0.221124,0.248673,0.166444,0.179560,-0.021048,0.105741,0.251646,-0.179286,-0.301466,-0.283845,-0.006161,0.028019,-0.250568,-0.452012
