-0.188047,0.130982,0.244904,0.420817,-0.131878,0.189787,-0.021098,0.060180,-0.288992,-0.241431,0.224090,0.334542,0.054701,0.170695,0.041122,0.076907,0.337325,0.043512,-0.439106,0.027733
0.019043,-0.332257,0.440987,0.082110,-0.143738,0.139242,-0.041088,0.018448,0.114647,0.078238,0.150511,0.358861,0.020230,0.025565,0.416391,0.305366,0.271280,0.006468,0.355866,0.085355
-0.230555,-0.286835,-0.178296,0.289967,0.051789,-0.128139,0.101099,0.230020,0.338565,-0.312855,-0.042501,-0.122078,0.327958,-0.258137,-0.258449,-0.092715,-0.223485,0.197768,-0.097920,-0.298371
-0.363066,0.008894,-0.138733,-0.225892,-0.010433,0.357753,-0.089296,-0.275960,-0.380459,0.133789,-0.019686,-0.106762,0.317338,0.032456,0.239479,-0.136444,-0.365861,-0.008698,-0.315233,0.012112
-0.127271,0.287458,-0.303713,-0.071434,-0.205935,-0.236677,-0.205960,0.162787,-0.238228,0.301925,-0.280680,-0.155191,-0.221289,0.037655,0.297861,-0.050481,-0.245880,0.252644,0.157673,0.308060
-0.230620,0.191741,0.242226,0.051555,-0.160848,-0.252233,-0.190477,0.221595,-0.160982,0.300874,-0.338948,0.225389,-0.274613,0.227362,-0.089882,-0.208634,0.252648,0.239604,-0.170955,0.250066
-0.258095,0.322664,0.166162,-0.202690,-0.245067,-0.341013,0.226393,0.197650,0.302867,0.263274,-0.213795,0.221777,0.202829,0.097680,-0.256653,0.205426,0.191015,0.041445,-0.138720,-0.147580
0.300660,-0.148241,0.148174,-0.275674,-0.090439,0.338193,0.164702,0.024694,-0.259737,-0.250443,-0.277134,0.237367,-0.267863,-0.211021,0.292658,-0.068045,-0.251861,0.159012,-0.034098,0.282162
-0.164680,-0.180450,0.167690,-0.205557,-0.227495,0.260675,0.243940,-0.194428,0.218838,-0.253711,0.220453,0.207817,0.207008,0.147572,-0.221690,-0.302938,-0.241314,0.246009,0.318539,-0.152040
-0.183313,-0.167604,0.106006,0.239908,-0.199392,-0.235675,-0.256503,-0.056272,-0.258845,-0.225488,-0.244000,-0.281006,0.240965,-0.221579,-0.258202,-0.302306,-0.235416,-0.206398,-0.104357,0.273451
0.296795,0.074547,0.318927,0.294673,0.241416,-0.283977,-0.218620,-0.207820,0.147631,-0.212335,-0.205814,-0.106077,0.232182,-0.250377,-0.322817,0.164171,0.185115,-0.222959,-0.019070,0.187900
-0.275473,0.319543,-0.265323,-0.164022,-0.325628,-0.015726,-0.098600,0.282576,0.327272,0.255825,-0.145677,0.291375,-0.268223,-0.124876,0.277300,-0.043887,-0.176051,0.047915,0.195148,-0.111574
0.379111,-0.145866,0.056619,0.298528,0.083121,-0.249128,0.220286,-0.174638,0.104216,0.275748,0.121698,0.331697,-0.271874,0.328155,0.091406,0.162079,-0.209499,-0.288919,0.045324,-0.193131
-0.115320,-0.133691,-0.260037,-0.216741,-0.248181,0.189703,-0.237912,-0.183218,0.204644,0.109434,-0.262524,-0.298814,0.231907,0.240659,-0.232488,0.177337,-0.212733,0.262295,0.296924,-0.234525
0.282323,0.201627,0.261825,-0.183716,-0.228695,0.268462,-0.271388,-0.098883,0.269901,-0.238839,0.332877,-0.189126,0.225047,0.176660,0.244141,-0.064547,-0.059982,-0.205419,-0.077431,-0.309275
0.311014,-0.122200,0.085278,0.390866,0.079773,-0.337722,-0.078127,0.062685,0.203288,0.087152,0.101985,0.369646,-0.393869,0.153165,-0.095860,0.370246,-0.121944,-0.092048,0.204439,0.108963
0.264290,-0.089792,0.056369,-0.189837,-0.217823,0.384210,-0.302729,-0.118409,0.227446,0.249533,0.219834,-0.142655,0.307675,0.243250,0.297840,0.133208,-0.282459,-0.229998,-0.044003,0.067533
-0.365247,0.031004,0.129084,0.204510,0.001102,0.414960,-0.269745,-0.240086,-0.029481,0.241381,-0.020107,-0.338226,-0.083864,-0.001022,0.115201,-0.348698,0.243798,-0.002848,-0.332618,0.136525
0.348619,0.233346,0.122472,0.119952,-0.028310,0.017212,0.002389,0.127789,-0.226060,-0.184037,0.358696,0.437825,0.051142,-0.308002,-0.308758,0.316621,0.257886,-0.072344,-0.001113,0.084060
0.388211,-0.314413,0.196560,0.318274,0.171605,0.183588,-0.071961,0.011344,-0.253755,0.053764,-0.029559,0.329272,0.195006,0.264393,0.156701,-0.279317,0.262788,-0.290075,0.033063,-0.025834
0.106099,0.043665,0.025372,0.049854,-0.002415,0.224610,-0.114306,-0.363614,0.006396,0.142809,-0.378656,-0.320456,0.401529,0.162141,-0.344593,-0.302114,0.257392,0.004324,-0.193147,0.142674
-0.215505,0.257887,0.182136,0.326712,-0.263679,-0.277462,-0.276713,0.173703,0.129966,-0.217253,-0.260830,-0.087520,0.128496,-0.186859,-0.277784,-0.259393,0.154335,0.219983,-0.220380,-0.193510
0.177775,-0.093051,-0.215824,-0.341252,0.054909,0.074220,-0.374194,-0.278508,0.024955,0.166287,0.120462,0.272544,-0.465136,0.177384,0.301735,-0.052744,0.255262,-0.048487,-0.172489,0.120929
-0.120410,0.213383,-0.243547,0.229366,-0.266300,0.164699,0.291029,0.116730,0.174489,-0.278365,-0.225847,-0.262160,0.195375,-0.267278,-0.229462,0.024527,0.061611,-0.254452,0.310811,0.275688
0.122679,-0.291155,0.032225,0.086479,0.276041,-0.000746,-0.268970,0.216559,-0.165212,0.404910,0.136285,-0.002656,-0.196645,-0.185809,0.040410,0.256989,-0.048595,0.302554,-0.325251,-0.381880
-0.313898,0.155929,0.307520,0.193020,0.022232,-0.109779,-0.249952,-0.292895,-0.084276,-0.315851,-0.069764,0.440943,0.041797,0.211252,-0.197333,0.208676,0.129979,-0.192975,-0.044088,-0.305647
0.319561,0.240796,-0.367954,-0.021610,-0.282147,0.267927,0.088543,-0.254419,-0.193760,-0.116028,0.058907,0.251242,0.184262,0.299778,-0.250309,0.067282,-0.192347,0.143468,-0.151309,0.301673
0.275574,-0.134736,-0.212660,0.126799,-0.001631,-0.055973,0.436221,0.105593,0.414305,-0.369911,0.186922,-0.383535,-0.133928,0.080500,-0.008160,0.299015,0.098864,-0.134476,0.030829,0.082488
-0.119102,0.050807,-0.424718,-0.264233,-0.003468,0.117071,0.076506,0.511082,0.001099,-0.337865,-0.067131,0.109864,-0.157997,0.027679,0.423328,0.053430,0.308982,-0.003351,0.085336,-0.104730
-0.051562,0.338685,-0.258221,-0.256700,-0.280074,-0.078959,0.349545,-0.110108,-0.161283,0.050217,-0.155892,0.145483,-0.221432,-0.297674,0.150769,-0.291895,-0.039780,-0.150347,0.349309,0.255536
-0.220823,-0.254253,-0.187859,-0.191347,-0.171979,-0.271241,-0.205782,-0.203914,-0.229683,-0.163506,-0.282442,0.247605,-0.250215,0.266899,-0.207802,-0.100124,0.232481,-0.198603,0.170353,0.312221
-0.217708,0.284346,-0.273599,-0.241216,-0.218000,0.225178,-0.211205,-0.107089,0.227650,0.158110,-0.260410,-0.269426,0.157568,-0.262640,-0.252609,0.040673,0.265638,-0.125020,-0.204860,0.282387
-0.251593,-0.286431,0.014653,0.172724,0.003890,-0.047438,0.024309,0.014724,0.008113,-0.259015,-0.336795,-0.297383,-0.189611,-0.163648,0.021154,0.205835,0.346517,0.329823,0.386862,0.261622
0.326998,-0.182646,0.306270,0.236227,-0.158062,-0.063298,0.019118,-0.305760,0.262979,-0.275969,0.348779,-0.252464,0.167380,-0.290255,0.095643,-0.149110,-0.232577,-0.137378,-0.019925,-0.198885
0.251704,-0.193745,-0.269235,-0.128918,-0.201139,0.108938,0.040822,0.316669,-0.249331,-0.194389,-0.249354,-0.277014,0.209813,0.246067,-0.197031,-0.243370,0.271798,0.246299,-0.194275,-0.204848
0.285430,-0.219088,-0.216541,-0.185498,-0.250513,0.301737,-0.235923,-0.182367,0.183354,-0.192714,-0.281093,-0.237913,-0.233254,0.177798,-0.216031,0.120649,-0.216430,0.240909,-0.204989,-0.214459
0.162219,-0.206447,-0.077417,-0.192232,-0.119630,0.323590,-0.161811,0.171299,-0.340065,0.277132,-0.326613,0.080671,0.267330,-0.200526,-0.284822,0.250261,0.223294,-0.287429,-0.015774,0.140662
-0.231655,0.243303,0.004069,0.068797,-0.325170,0.400980,-0.002446,0.021301,-0.141632,-0.045962,0.523413,0.098688,0.326329,0.062231,-0.118628,0.301126,-0.075401,-0.219465,-0.157992,-0.124949
0.120174,-0.109362,0.299545,-0.083554,0.260743,0.252804,-0.235400,-0.298120,0.375588,-0.293303,-0.229248,0.176688,-0.034330,0.270946,0.266650,-0.157171,0.177576,0.184637,0.093977,-0.212101
-0.087316,0.280097,-0.203824,-0.223397,-0.166912,-0.138841,0.199636,0.322915,0.140259,0.217488,-0.282990,-0.233221,-0.079168,-0.272146,0.216412,-0.279113,0.265066,0.249069,-0.213551,0.216307
0.280632,0.056134,-0.216097,0.037660,0.317254,0.452892,-0.235182,-0.176582,-0.272951,0.254278,-0.118848,0.069338,-0.141471,0.199641,-0.129699,0.252224,0.203697,0.092673,-0.351247,0.076608
-0.079757,-0.142094,0.003818,-0.125581,-0.179390,0.278747,-0.241240,0.215433,0.246259,-0.228229,0.454946,-0.185284,-0.091713,0.224512,0.307730,0.153264,0.056650,-0.281261,-0.259481,-0.249968
-0.127360,-0.260427,-0.253999,0.127146,0.226001,-0.146581,0.326507,0.096536,0.150010,0.048089,0.154605,0.319463,-0.089740,0.046681,0.278942,-0.411319,0.055520,-0.270698,-0.389888,-0.102061
-0.140623,0.276817,-0.223245,-0.181388,-0.250753,-0.004285,0.223468,0.208621,0.198469,-0.236635,0.078702,-0.261005,0.209706,-0.275638,0.198555,-0.243964,-0.210172,-0.256060,0.292948,0.283452
0.207249,-0.230582,0.188833,0.151569,0.254632,0.056314,-0.366692,0.201299,0.064157,0.123392,0.294274,0.312262,0.339307,0.089331,0.031279,0.384021,0.126351,-0.311988,0.057435,0.103201
0.272481,-0.197137,-0.138300,-0.121657,0.352709,0.001972,0.037190,-0.354662,0.053795,0.071769,0.038222,0.358693,0.076082,0.359929,0.257937,-0.116006,-0.133773,-0.337507,0.272884,-0.204018
0.069933,-0.179360,0.326636,0.099260,-0.023155,0.048508,-0.056320,-0.074345,0.087738,-0.061831,-0.174121,0.370827,0.387697,0.173178,0.080152,0.398214,-0.405910,-0.370908,0.087756,-0.010993
-0.131220,-0.222388,-0.165587,0.311262,0.261745,-0.136571,-0.071404,-0.317497,0.327035,-0.265690,0.257592,-0.196951,0.222146,-0.233747,0.054220,-0.144895,-0.290429,-0.093667,0.266735,-0.202681
0.252642,0.004840,0.059904,0.137901,0.098621,0.248030,-0.001559,0.207938,-0.018180,0.150206,-0.460178,-0.257014,0.439429,0.095318,0.353127,-0.008047,0.228475,0.003620,0.342386,0.044233
-0.289764,0.177927,0.327985,0.205189,0.168851,-0.331910,0.025283,-0.191188,0.105192,0.296352,-0.225702,0.315480,-0.311985,-0.084888,-0.228369,0.088906,0.334328,0.126146,0.120581,-0.051490
0.375198,0.218139,-0.035097,0.361883,-0.040110,0.164648,-0.106350,-0.069866,-0.065006,0.166861,0.356176,0.348919,-0.292388,0.365776,0.047539,0.119471,0.275439,0.187423,-0.012435,0.083081
-0.127850,-0.331520,-0.132550,-0.256275,-0.153823,-0.076846,-0.375340,-0.175044,0.234548,-0.285149,0.456862,-0.044493,0.116069,-0.295747,-0.113127,-0.178452,0.003475,0.214198,-0.199267,-0.105872
-0.088754,-0.232614,0.516187,0.107333,0.377524,0.001768,-0.087513,0.135318,-0.333648,0.149045,-0.123607,-0.014499,0.173423,-0.323680,-0.138067,-0.226235,0.247952,0.046657,0.223867,0.153819
0.471569,0.001952,-0.133136,-0.204635,0.213398,-0.144598,-0.244469,-0.381669,-0.203233,0.277954,0.218941,0.144569,0.200063,0.130954,0.018855,-0.204607,-0.054955,0.357904,0.023625,-0.166340
-0.184001,-0.251823,-0.258730,-0.228700,0.277018,0.364497,-0.204156,-0.144515,0.171988,-0.171172,0.129670,0.136961,0.248176,0.257196,-0.020783,-0.314128,-0.141633,-0.273845,0.265266,-0.156858
-0.225107,-0.112461,-0.034223,-0.168349,-0.006957,0.231870,-0.115160,0.371821,-0.214876,-0.185217,-0.358826,0.255842,0.217984,0.214499,0.155464,0.128764,-0.182086,-0.194393,0.291587,0.370015
-0.216484,0.293418,0.086585,-0.242986,0.263895,-0.026442,-0.307448,-0.325307,-0.206027,-0.254440,-0.152968,-0.238805,-0.156648,0.251214,-0.148552,0.302061,-0.171162,-0.211135,-0.133763,-0.222432
0.307441,0.055085,0.068738,0.108528,0.200721,0.091877,0.241512,0.472590,0.153395,0.194912,-0.217366,-0.198811,-0.001226,0.202823,-0.203539,0.307852,0.288347,-0.256784,0.179293,0.220637
-0.127775,0.326038,-0.055893,0.217446,0.160970,-0.345933,0.189268,-0.195769,-0.129570,0.316870,-0.279668,0.305719,0.184428,-0.315831,0.254456,-0.020062,0.131331,0.003806,-0.252984,-0.195417
-0.207527,-0.215870,-0.281499,-0.247269,-0.198296,-0.279227,0.284667,-0.101984,-0.245428,0.200727,0.117154,-0.288287,-0.245800,-0.144661,-0.189726,-0.146891,-0.203808,-0.216898,0.296326,-0.220348
0.249564,-0.222989,-0.249512,0.205968,0.225009,0.175191,-0.143790,0.117440,0.246759,-0.239023,-0.159131,-0.249766,0.252443,-0.185568,-0.210293,-0.084082,-0.256116,0.256403,0.323670,0.276120
-0.205107,-0.221086,0.043506,-0.206291,0.265195,-0.281406,-0.205959,0.299020,-0.275305,-0.266546,0.179102,-0.155291,0.269115,0.259804,0.239009,0.177577,-0.222994,-0.084234,0.300253,-0.068319
-0.206711,-0.156054,0.132803,0.218130,0.012318,0.148624,-0.278788,0.402966,0.002334,0.103593,0.018317,0.124652,-0.252354,-0.378065,0.020737,-0.566662,0.097369,0.004217,0.184592,-0.083789
-0.234319,0.017132,0.144635,-0.393888,-0.005035,0.112451,0.050707,-0.029557,0.069863,0.070804,0.162574,-0.261611,-0.423827,0.414602,-0.262088,-0.374137,0.215006,0.004625,0.184554,-0.085744
