0.012275,-0.217006,0.446476,0.136920,0.099913,0.312661,0.148478,0.114588,0.257647,0.101786,0.046879,-0.135769,-0.328117,0.271066,0.302262,0.354580,0.208296,-0.193162,0.118088,0.038866
-0.425029,-0.208890,0.579856,0.225399,0.013956,-0.269275,0.102139,-0.030307,-0.104324,-0.130496,0.259101,0.155325,0.163294,0.261975,0.002092,-0.223878,0.069694,0.025583,-0.139024,0.123247
0.000056,-0.219859,-0.238089,0.013001,0.179447,-0.279055,-0.267447,0.223708,-0.136462,0.295839,-0.260727,-0.144775,-0.263690,-0.051988,-0.212540,-0.071186,-0.307979,-0.297860,-0.249664,-0.315754
-0.253646,0.146822,0.385307,-0.211415,-0.097647,0.366660,-0.284079,0.348555,-0.245664,-0.156237,0.083046,-0.190655,0.144133,-0.086528,0.017337,-0.165945,0.022434,0.213642,-0.014493,-0.379895
-0.076037,0.267617,0.170496,-0.350620,0.193609,0.448082,-0.280171,-0.278754,-0.215917,-0.050613,-0.224490,0.047703,0.129648,0.240127,-0.062019,-0.084826,0.294358,-0.280065,0.144216,-0.053746
0.332586,0.071140,-0.204402,0.134205,-0.224330,0.367615,-0.178317,-0.197461,-0.066517,-0.194821,-0.245894,-0.225097,0.092762,-0.243781,0.261969,-0.240204,-0.070278,0.293792,0.250395,0.257797
0.194090,0.110595,0.313338,0.216151,0.268761,-0.005312,0.138868,-0.204565,-0.182937,-0.284940,-0.286065,-0.207559,-0.103696,0.349905,-0.277191,-0.265081,0.083836,-0.241012,0.223627,-0.191888
-0.210707,0.241888,-0.280485,-0.064473,0.138366,0.374822,0.082741,-0.200943,0.190587,-0.121939,-0.074549,-0.235230,-0.255379,-0.257437,-0.214302,0.352103,0.185393,-0.223296,-0.211704,-0.254706
0.273604,-0.250708,-0.263307,-0.270254,0.255774,-0.229945,-0.244075,0.238126,0.158663,0.255290,-0.017147,-0.247691,-0.240340,0.011944,-0.254541,0.299089,-0.190636,-0.227775,-0.156054,-0.092886
-0.051110,0.236327,-0.278094,-0.234767,0.223258,-0.210681,0.150578,0.227271,-0.037595,-0.215024,-0.223597,0.105139,-0.212692,-0.257403,0.207225,0.303089,0.251840,-0.243853,-0.253281,0.313833
-0.324809,0.250265,-0.165858,0.329651,0.115040,-0.313759,-0.131042,-0.320921,-0.180990,0.038372,-0.106702,0.051990,0.239164,0.338215,-0.300972,-0.076971,-0.015861,0.302381,-0.048154,0.231142
-0.060234,-0.257638,-0.240199,-0.100679,-0.054962,-0.087160,-0.290915,0.301240,0.288546,-0.069196,-0.199347,-0.205845,-0.251233,-0.352581,-0.239717,0.402130,-0.133223,0.129816,0.159717,-0.198231
-0.014475,0.190578,0.248624,-0.029317,0.279455,0.150581,-0.229567,-0.264493,-0.101374,0.143279,-0.301072,0.178992,0.240522,0.326881,-0.146359,0.198043,0.343044,-0.158786,0.271530,-0.286211
-0.180718,-0.182903,-0.252585,-0.264037,0.204107,0.086904,-0.240044,-0.259421,0.251661,-0.177074,0.008183,-0.241164,0.260480,0.234082,0.205895,0.287643,0.280786,0.259207,-0.253290,-0.123960
0.117021,-0.001575,-0.281570,-0.297801,-0.228378,-0.312844,0.269865,0.328395,-0.003335,0.317439,-0.037999,-0.223665,-0.154902,-0.160631,-0.185682,0.282209,-0.261768,0.153117,0.176702,-0.219732
-0.063931,0.013816,0.493407,0.347036,-0.203904,0.200628,0.052901,-0.033671,0.170322,0.251923,0.351280,-0.301326,-0.110886,0.203627,-0.086557,0.176023,0.130756,0.346832,0.010645,-0.098326
0.302891,0.236738,-0.259520,-0.197714,-0.195405,0.021113,0.214250,0.141308,-0.220101,0.348999,0.104308,-0.205017,-0.236986,0.021316,-0.248456,0.382120,-0.118617,-0.216845,-0.263782,-0.151915
-0.270784,0.000398,0.127464,-0.359246,-0.090025,-0.196178,-0.038284,-0.278464,0.204635,0.394131,0.282935,0.001912,-0.293316,0.069236,0.008344,0.289888,0.417649,-0.134046,0.054039,-0.090837
-0.062458,-0.047660,0.427140,0.276760,0.384580,-0.235485,0.062235,0.089957,0.117460,-0.446169,0.093620,0.088253,0.081207,-0.013988,0.263439,-0.160546,-0.227334,0.228683,0.101640,-0.271613
0.031355,-0.221563,0.430620,0.319460,0.171675,0.060399,-0.060235,0.005046,-0.146820,0.111011,-0.125775,-0.160005,0.092754,0.349604,0.296208,-0.192378,0.174075,0.407358,0.232675,0.210734
-0.262698,0.004951,0.133744,0.069753,-0.341907,0.473437,-0.026432,0.052529,-0.251877,0.080194,0.477406,0.071376,0.016098,0.062193,-0.197994,-0.041089,0.334472,0.080049,-0.284797,-0.128143
0.179899,-0.082842,-0.293994,-0.149860,-0.213667,0.310355,0.133734,0.253839,-0.289519,-0.283661,0.233096,0.038973,-0.066151,-0.035984,0.244116,0.301506,0.026606,0.296851,-0.288607,0.281354
-0.298823,-0.059496,0.323295,0.136874,-0.021289,0.042602,0.322611,-0.015948,-0.136944,0.037006,0.264909,-0.141113,0.352797,0.139518,0.025992,0.345687,-0.393106,0.343668,0.153441,-0.082517
-0.077975,-0.252161,-0.211371,-0.271712,-0.115350,-0.272455,-0.295857,0.144217,-0.279439,0.208625,0.216981,0.269157,-0.071593,-0.217956,-0.191803,0.071170,0.226054,0.184260,0.162010,0.411148
0.393797,-0.092357,-0.101611,-0.174837,-0.352840,0.417939,0.192304,0.223358,0.057004,-0.262290,-0.170203,-0.001780,0.112574,-0.179014,-0.253959,0.244340,0.085836,-0.163794,0.223926,-0.234927
0.069927,0.044086,0.506077,0.208601,0.134683,-0.052441,0.150549,-0.271102,-0.391097,-0.238889,-0.078647,0.070814,0.270103,0.227485,0.050829,-0.075425,0.281273,0.240797,-0.288774,0.042381
0.363293,-0.275767,0.148391,-0.216871,-0.200269,0.390733,-0.228979,0.190399,-0.209863,-0.245212,-0.214377,-0.272501,-0.196923,-0.108309,0.240565,0.263293,-0.108353,0.065018,-0.117922,-0.097427
-0.324283,-0.067227,0.536405,0.215605,-0.114353,0.166056,-0.301652,-0.306461,-0.034393,-0.061463,0.111194,0.064147,-0.398204,-0.032284,-0.037483,-0.314771,0.006914,0.144799,0.084656,-0.144314
0.519033,-0.010672,0.321931,-0.021463,-0.002881,0.288387,-0.019721,0.046083,0.196626,0.083358,-0.125856,0.019058,0.413036,0.120705,0.011632,-0.211102,-0.105651,-0.416105,-0.043949,0.250568
0.288182,-0.233383,-0.240354,-0.322734,-0.266448,-0.188009,0.175111,0.181599,-0.294818,0.147009,0.122334,0.119570,0.077995,-0.326493,0.242914,0.237146,0.221159,-0.173552,0.220794,-0.192544
-0.186478,-0.246127,-0.231170,-0.157678,-0.191310,0.313106,-0.173828,-0.229221,-0.232932,-0.239512,-0.133414,0.148890,0.224992,-0.184949,-0.098203,-0.241702,0.272374,0.290958,-0.268939,0.270737
-0.144556,0.216877,0.151372,-0.185482,-0.185925,0.264191,0.239469,0.074127,-0.254904,-0.263215,-0.218032,-0.259777,-0.250828,-0.248560,0.060130,0.273185,-0.185975,-0.215884,0.240765,0.340827
0.181880,0.081135,-0.043767,-0.024704,0.045900,0.300548,0.030573,-0.395657,0.073820,0.030264,-0.101645,0.237688,0.002166,0.102569,-0.309652,0.241972,0.332686,0.287651,0.430148,0.302149
-0.216795,-0.179286,0.308824,0.300668,0.014123,-0.277109,-0.237609,-0.248965,-0.116155,-0.210805,0.290622,-0.241923,-0.142132,0.163277,-0.178231,0.251798,-0.279699,0.214560,-0.072123,-0.259297
0.171851,0.204039,0.182492,0.167357,-0.249532,-0.298856,-0.270347,-0.260252,0.180935,-0.221866,-0.257966,-0.289235,-0.097096,-0.230548,-0.258006,0.257325,-0.026696,-0.210803,0.216312,0.235910
-0.090312,0.227322,-0.266726,-0.259311,0.246499,-0.122942,-0.254193,0.239395,-0.200489,0.261203,-0.190259,0.116487,-0.262543,-0.164961,-0.216211,0.305064,-0.232648,-0.229994,0.187790,0.259908
0.037546,-0.058255,-0.112347,0.018894,-0.251205,0.407085,-0.325013,0.103978,0.427129,0.054361,-0.301614,-0.191595,-0.301338,0.153098,0.204881,-0.266896,-0.015016,-0.156563,0.243957,-0.110326
0.172352,-0.061051,0.065058,0.202535,0.323189,0.206673,-0.321638,-0.106405,0.169234,-0.063361,0.287099,-0.239504,-0.257158,-0.183139,0.011050,-0.182157,-0.282051,-0.321911,-0.192920,-0.365462
-0.292525,0.229731,0.243251,0.349728,0.240803,-0.183926,0.168792,0.238223,-0.225964,-0.079598,-0.093388,-0.168971,0.232967,0.219811,0.107547,-0.255164,-0.153927,-0.282470,-0.265141,-0.235372
-0.087364,0.212354,0.182287,-0.207923,-0.160787,0.405611,0.129071,-0.149077,-0.026509,-0.287746,0.096426,-0.314807,-0.265056,0.313946,-0.267606,-0.129767,0.105774,0.287103,-0.286176,-0.129893
-0.023816,-0.140787,0.036137,-0.281579,-0.321608,0.374865,0.193149,0.190051,0.404721,0.129226,-0.156436,0.225470,-0.166219,-0.013784,0.226478,-0.314392,-0.150645,0.157020,0.029042,-0.315728
0.255142,-0.134565,0.155083,0.220612,0.221213,-0.013083,0.082842,0.383828,0.335308,-0.095140,0.301497,-0.147495,0.103975,-0.273072,0.245544,0.300599,-0.242982,0.136926,0.031166,-0.303071
-0.188623,0.106730,0.249141,-0.006112,-0.003710,0.449046,0.315304,0.002139,-0.008739,0.113546,0.042050,0.299358,0.274802,0.030100,-0.219253,-0.168612,0.198227,-0.093595,-0.353727,-0.399238
-0.131981,0.255946,-0.002544,-0.234693,-0.308370,-0.134048,-0.070732,-0.332141,0.106740,-0.068347,-0.205260,0.307038,0.208100,-0.274129,-0.164735,0.331171,-0.249636,-0.235979,0.170467,-0.280727
0.136509,0.235471,0.358481,-0.107833,0.129664,-0.125655,0.372893,-0.067693,-0.144718,0.014666,0.301768,0.192196,-0.254113,0.349940,0.214208,0.078248,-0.414126,-0.013982,0.059019,-0.214872
-0.264232,-0.239468,0.357147,0.290741,0.006884,-0.239833,-0.220963,-0.057828,-0.035159,0.001943,0.324724,-0.224026,0.251393,0.219229,-0.146106,-0.193927,-0.279980,-0.168898,-0.232207,-0.251181
-0.057876,-0.023031,0.372234,0.179647,0.017734,0.074835,0.187212,0.016329,-0.247346,-0.136688,0.436939,-0.137381,-0.394796,0.401295,-0.017672,0.117915,0.286882,-0.230728,0.116740,-0.118840
-0.202879,-0.146607,0.380595,-0.202383,0.097909,-0.171193,0.150524,-0.270946,-0.248992,0.321732,0.103588,-0.028860,-0.336460,-0.323470,-0.024486,0.231505,0.178668,-0.305471,-0.118896,-0.167626
0.236241,0.007452,0.033784,0.062571,0.008067,0.423832,-0.057173,0.124509,0.095355,0.085974,0.406559,-0.038305,-0.046371,-0.223630,-0.507856,0.269319,0.205215,-0.037981,-0.198005,-0.303304
-0.054549,0.221271,0.091455,0.014216,0.152464,-0.249873,-0.413642,-0.324400,0.051175,0.150456,-0.008869,0.364339,0.197143,-0.281170,-0.287108,-0.242683,0.223763,-0.222947,0.218964,-0.111514
0.337539,-0.232562,0.405514,0.112921,-0.051942,0.491627,0.093311,-0.037684,0.215992,0.166214,-0.154798,0.144990,0.213311,0.002831,0.004380,0.422623,-0.170886,0.151207,0.002936,-0.069211
-0.216566,0.120529,0.353857,0.015830,0.202892,-0.176260,0.124107,0.347934,0.283013,0.173602,0.345728,0.096166,-0.202611,-0.176486,-0.299169,-0.044242,0.219235,-0.224005,-0.182164,-0.265178
0.079561,-0.050727,0.041250,0.309181,0.219135,-0.332462,0.072050,-0.186112,-0.041177,0.176034,0.423017,-0.162051,0.087035,0.188513,0.354057,-0.106241,-0.065851,0.320336,0.278072,-0.305783
0.293956,-0.015439,0.139036,0.167816,0.361226,0.256199,0.031531,0.343186,0.309226,0.398332,-0.061551,0.118055,-0.092560,0.310990,-0.180679,0.049678,-0.253631,-0.152164,0.131814,-0.183573
0.288689,0.188087,-0.265647,0.020047,0.172894,0.370586,-0.230671,0.218939,-0.134186,-0.200794,-0.222150,-0.278619,-0.248931,-0.260707,0.176169,-0.067092,-0.230362,-0.268194,-0.218118,0.136369
0.483249,0.098519,-0.407376,-0.111030,-0.239271,-0.020136,-0.165083,-0.007743,-0.026148,-0.336589,-0.216404,-0.283074,0.103074,0.021495,0.086682,0.059838,0.295500,-0.267908,-0.034166,0.264825
-0.220730,0.273668,-0.134907,-0.177818,0.166321,-0.186406,-0.183959,0.252152,-0.277302,-0.209676,0.187128,0.239178,0.144741,0.276915,-0.265505,0.304995,-0.237043,0.169673,0.169883,-0.280470
0.203456,0.347228,-0.096960,0.024429,0.008138,0.533189,0.042649,-0.252642,0.019849,-0.283840,-0.071887,0.025999,-0.263153,0.138205,0.015935,0.067121,0.300148,0.228822,0.311143,-0.242625
0.484611,-0.210100,-0.148744,0.209113,0.173386,0.002278,0.221161,0.291346,0.162556,-0.032498,-0.311629,-0.238135,-0.090029,0.266786,-0.043414,0.150691,0.318137,0.318481,0.020709,0.055235
-0.093127,-0.160760,-0.244167,-0.288881,-0.246418,0.242724,0.236508,0.267374,-0.246830,0.212161,0.212354,-0.182405,0.189706,-0.232685,0.215048,0.276283,-0.253496,0.239845,0.237812,0.000404
-0.127446,0.231492,-0.209781,-0.236479,-0.050830,-0.219379,0.234476,-0.027923,0.173721,-0.253016,-0.040486,0.307829,0.225758,-0.272426,0.260942,0.183475,0.216689,-0.180418,0.263321,0.396732
-0.071866,-0.203285,-0.264698,-0.261786,-0.257100,-0.274450,-0.257440,-0.225856,-0.238567,-0.268805,-0.250265,-0.128702,-0.262485,-0.221682,0.243740,-0.074933,-0.251929,-0.162769,-0.256557,0.094799
0.283953,0.273001,0.411940,0.013537,0.011962,-0.181793,0.000984,-0.226589,0.345618,-0.397267,0.217884,0.081101,0.016698,-0.063358,-0.323039,0.129355,0.218419,0.147240,-0.007476,0.253539
0.269480,0.000516,-0.320819,0.418291,0.007838,-0.103392,0.373131,-0.067099,-0.060724,0.053070,0.371310,-0.168802,0.380335,-0.255314,-0.141158,0.053997,-0.286960,0.026721,0.070424,0.037917
