0.170864,-0.111361,0.098273,0.135739,-0.495214,0.285144,0.024351,0.075216,0.013002,0.074951,0.069488,0.248931,-0.036056,-0.074957,0.216333,0.088050,0.289538,0.171561,0.443243,0.392102
-0.012520,0.009568,0.241922,-0.015642,0.065877,0.012951,-0.286825,-0.154719,-0.371323,0.138812,0.333779,0.129269,0.519561,-0.352332,0.013554,0.164315,-0.163148,-0.252005,0.160396,0.088783
-0.041437,-0.152530,0.253430,0.328757,0.226054,0.249922,-0.308197,0.184273,-0.240014,-0.160984,-0.191905,0.204910,-0.268457,-0.232796,-0.246742,-0.209582,-0.212883,0.259366,-0.115950,-0.201901
0.004319,-0.299800,-0.317632,-0.257489,0.313877,0.446510,0.002419,-0.016057,0.306332,-0.040268,0.425729,0.095291,-0.162826,-0.139670,-0.006513,-0.292750,0.042954,-0.088646,0.101099,0.085331
0.081074,0.308829,-0.230647,0.076774,0.226332,-0.212191,0.295324,-0.040522,0.010112,0.276475,0.071310,-0.195037,0.276128,0.159908,-0.167841,0.359524,-0.332076,-0.157884,0.321108,-0.191383
0.045562,0.302880,-0.223818,0.273847,0.201231,-0.200719,0.240677,0.277196,-0.205101,0.250588,0.155683,-0.221338,0.171673,-0.222163,0.188544,0.316877,0.255066,0.203575,-0.062994,-0.249417
-0.051815,-0.240730,0.125225,-0.090462,-0.256405,-0.324461,-0.283959,-0.232647,-0.214304,-0.050143,-0.305177,0.004559,-0.111837,0.185206,-0.285235,0.227247,0.321205,-0.303498,-0.160818,-0.259179
0.167013,0.299985,-0.253443,-0.215174,-0.191007,-0.192267,0.314755,0.116165,-0.305360,-0.300436,0.188679,0.144242,0.267376,-0.179526,-0.074245,0.234727,-0.224759,-0.178942,0.220320,-0.224161
0.276664,-0.216306,-0.244601,-0.222775,-0.239266,-0.233656,-0.230195,-0.205776,0.154525,-0.247638,0.085938,0.174212,-0.229113,0.167717,0.241418,-0.254985,-0.210491,0.264730,-0.214614,0.269679
0.263714,-0.219032,-0.243055,-0.159745,0.228662,0.233407,-0.208762,-0.192661,0.204117,-0.233317,-0.249519,-0.236406,0.229696,0.192829,0.227561,-0.211761,-0.200474,0.238845,0.258035,-0.213972
-0.133685,0.297302,0.282395,0.085115,-0.193213,-0.315590,0.142814,0.168694,-0.271616,0.318307,-0.229325,-0.111487,-0.150105,-0.188628,-0.278886,0.323173,-0.210022,-0.110407,0.242435,0.159528
-0.272938,-0.237552,-0.160283,-0.233794,-0.133701,0.058226,0.218772,-0.239359,-0.322428,0.157487,-0.112095,-0.310263,0.211903,-0.267750,0.129947,0.291262,-0.288181,-0.273495,0.100011,-0.196342
-0.213142,0.255091,0.036060,-0.245581,-0.186347,-0.247263,-0.068139,-0.164576,0.143527,0.307528,-0.224993,-0.266503,-0.226860,-0.276243,-0.263977,0.225885,-0.259221,-0.216214,-0.208905,0.239600
-0.236455,-0.220308,-0.157204,-0.142096,0.221356,0.161565,-0.261486,-0.259068,0.252243,-0.291749,-0.267147,0.183180,0.288737,0.277756,-0.212535,0.160269,-0.146314,-0.234040,-0.238076,-0.148837
-0.179573,-0.099476,-0.185952,0.319784,-0.210627,0.247954,-0.295503,-0.267564,0.237279,0.115386,0.304688,-0.155524,-0.248617,-0.263597,-0.192817,-0.156284,-0.255410,-0.218498,-0.008305,-0.252351
0.409585,0.016031,0.244585,-0.053136,-0.077776,0.100472,0.132661,0.129936,0.375118,0.317348,0.214345,-0.118699,-0.058051,0.004046,-0.132160,0.226194,0.374790,-0.239963,0.145777,-0.354879
-0.155135,-0.146196,-0.297559,-0.297678,-0.201696,0.426021,0.279396,-0.216377,-0.222965,-0.027715,0.208612,0.213681,-0.262275,0.163845,-0.123058,-0.186408,0.114009,0.191942,0.307239,0.030491
-0.031786,0.014496,-0.172445,0.261335,-0.104689,0.321483,0.480996,0.232490,-0.406795,0.195258,0.037291,0.156971,0.194470,0.002067,0.042638,0.033118,0.338888,-0.218616,0.259026,-0.030308
0.124523,-0.102129,0.090429,0.323058,0.327784,-0.143332,0.145477,0.329849,0.132699,0.221992,0.280999,0.271544,-0.088165,0.127931,-0.040724,-0.502221,0.244435,0.002936,-0.048152,0.209486
0.180883,0.171695,0.208186,0.086427,0.232404,0.071528,-0.334438,-0.380296,0.309932,0.278855,0.223065,0.269080,-0.149753,0.073998,-0.169606,0.150570,0.303382,-0.179862,-0.241344,0.115895
0.029429,0.048336,-0.429230,0.270732,0.244002,0.230033,0.173853,0.255097,-0.016274,-0.090138,0.319158,0.044342,0.040430,0.144880,-0.209274,0.074951,-0.300209,0.083164,0.291982,0.406154
-0.075089,0.321834,-0.218881,-0.201374,-0.186172,-0.294092,-0.126442,0.178056,0.241349,-0.026716,-0.309604,0.090128,0.133923,0.262376,-0.254233,0.256907,0.319266,-0.219039,0.284701,0.148883
-0.370957,0.068035,0.299952,0.345164,0.312324,0.295513,0.099248,-0.079444,0.107501,0.080884,0.217114,0.234350,-0.187755,0.165105,0.126200,0.222888,0.383327,0.043880,-0.049270,0.219204
0.166104,0.097033,-0.228428,0.288606,-0.031853,0.199496,0.207608,-0.253608,-0.264639,-0.286382,-0.248250,-0.153208,0.035522,0.323898,0.316773,0.072906,-0.136057,-0.237499,0.309048,-0.244704
0.215736,0.195394,0.228639,-0.357594,0.194587,0.357330,-0.248170,0.239213,0.182745,0.284281,-0.036503,0.381016,0.010654,0.047955,-0.018534,-0.111643,0.061772,0.235357,-0.285102,-0.185315
0.193523,0.110049,0.227704,-0.145739,-0.286473,-0.182737,-0.127973,-0.213081,0.071645,0.294941,-0.004503,0.308083,-0.213619,-0.280406,-0.167762,0.120537,0.424378,-0.333282,0.183253,0.146157
0.140434,0.274930,-0.061211,0.003721,-0.192145,-0.314402,0.062216,0.005405,-0.351357,-0.182851,-0.220975,0.289703,0.343441,0.315804,-0.178855,-0.258733,-0.267440,0.033518,0.151623,0.243652
-0.328259,-0.086209,0.292492,0.338019,-0.232441,0.114341,-0.075721,-0.136230,0.110300,0.126796,0.253991,0.206216,0.147413,0.068661,-0.447173,0.382394,-0.245881,0.072306,0.122549,0.070659
-0.432641,0.090893,0.236571,0.342719,0.007948,0.086313,-0.160097,0.364736,0.001198,0.114976,-0.021814,-0.374565,-0.018308,-0.251579,0.034084,-0.217841,0.247755,-0.309847,0.136762,0.150434
-0.146958,-0.189697,-0.237653,-0.122751,-0.248571,0.058981,0.258292,-0.241051,0.268149,-0.286527,0.183184,0.173489,0.205818,-0.252582,-0.110490,-0.220096,-0.104077,0.320681,0.329870,0.271730
-0.188650,-0.238337,-0.186695,0.034894,0.259717,-0.239113,-0.267225,0.134838,-0.257604,0.130710,0.165866,0.276637,0.135408,0.254766,0.083705,0.360514,0.281359,0.182006,-0.245794,-0.277327
0.296773,-0.177558,-0.257503,-0.248598,-0.187156,-0.007320,0.105618,0.104955,0.240547,-0.231931,-0.248148,0.204951,-0.174685,0.228916,0.248875,-0.236028,-0.231104,0.269998,0.282479,0.270433
0.029677,0.210999,-0.308407,0.307237,-0.011328,-0.229205,0.124456,0.108837,-0.172793,-0.065973,-0.000520,0.078266,0.202072,0.015329,0.053909,0.248929,-0.288910,-0.026194,0.367626,0.565254
-0.144831,0.237650,0.254485,0.093839,-0.148656,-0.243582,-0.316083,-0.325810,-0.239889,-0.280861,-0.031430,-0.097211,0.208426,-0.236140,-0.284002,-0.034385,-0.267702,-0.156411,0.258150,-0.266094
-0.135032,-0.246661,0.240946,-0.198261,0.250776,0.140804,-0.201441,-0.262495,-0.236546,-0.245057,-0.120074,-0.242726,-0.251513,0.286061,-0.240523,-0.077413,-0.230691,0.267109,-0.197043,-0.264008
0.261786,0.230116,-0.264824,-0.195791,-0.242468,0.051796,0.222762,-0.169044,-0.197321,-0.266699,0.142617,-0.261755,0.237120,-0.245429,0.251765,0.224314,-0.257249,-0.218263,-0.217982,-0.199904
-0.322401,0.287330,-0.107967,-0.071018,0.287295,0.398558,0.205197,0.081858,-0.329921,-0.008598,0.224253,-0.073787,0.252739,-0.145843,0.305596,0.032127,-0.278765,-0.061732,0.232333,-0.163958
0.199248,-0.011216,0.167022,-0.182575,-0.072354,0.416411,-0.173045,0.109397,0.277261,-0.336958,0.440731,-0.005439,-0.279356,-0.250153,0.142504,-0.028475,-0.272093,-0.204664,-0.033026,-0.122327
-0.280250,-0.156573,0.304210,0.192939,0.257195,0.151897,0.115577,-0.277337,0.235658,-0.144629,-0.196076,-0.250619,0.182725,-0.178571,-0.282752,0.334050,-0.136137,0.230476,0.278678,-0.061999
-0.112217,0.299152,-0.211253,0.092246,0.181407,-0.236827,-0.158352,0.347075,-0.282423,0.273461,-0.240673,0.279265,0.100229,0.293953,0.017297,-0.150250,0.217982,0.246924,-0.290579,0.086818
-0.071696,0.215853,-0.055681,-0.289509,-0.012816,0.190392,-0.432189,-0.111512,-0.298448,0.173581,0.375876,0.266236,0.141119,0.228825,0.256494,0.047687,0.075989,-0.347336,0.153079,0.064501
0.321021,-0.239321,-0.266282,0.346169,-0.277188,0.388150,-0.312542,-0.067990,-0.096464,-0.022538,-0.025890,0.118532,0.199044,-0.287301,0.275904,-0.043745,-0.205742,0.125467,-0.153757,-0.112647
-0.365883,-0.367141,0.063209,0.020496,-0.012138,0.176629,0.006106,-0.208457,-0.057408,0.258971,-0.120134,0.045470,-0.365763,-0.180887,0.199395,0.157613,-0.420392,0.339728,0.111512,0.171875
0.311828,-0.059008,0.070023,0.216727,-0.234184,0.258308,0.223496,0.311028,0.087711,-0.234330,-0.211769,-0.232450,-0.297981,-0.256925,-0.178861,-0.261518,-0.204085,0.273304,0.004112,-0.214761
0.077643,-0.295282,0.131628,0.138880,0.000345,0.143549,-0.027892,-0.259474,0.042018,-0.362841,0.193715,0.184987,0.421420,0.307080,0.003253,0.144508,0.337542,-0.390104,0.122791,0.048079
-0.255920,-0.244994,-0.253932,0.299156,0.046075,0.037261,-0.303509,-0.305955,0.361705,0.200251,0.356823,-0.215037,0.201379,-0.260307,-0.171714,-0.106217,0.084492,-0.124815,-0.093962,0.078410
-0.169796,0.030398,0.318838,0.200053,0.275654,0.077714,-0.058342,0.019781,0.086689,-0.264805,0.351063,-0.467212,0.022142,-0.330885,-0.331649,0.226575,-0.198833,-0.077236,0.060378,0.055948
0.105523,-0.218298,-0.269823,0.138932,-0.159394,0.404012,-0.107825,0.194166,-0.094635,-0.297803,0.498585,-0.057508,0.200423,0.241898,-0.293994,-0.142933,-0.130729,-0.091016,-0.133246,-0.113731
0.315714,-0.258752,-0.096912,0.161065,0.013193,0.276414,-0.147361,0.200391,-0.413840,-0.034765,0.181244,-0.223945,-0.009181,0.023414,0.369325,0.268781,0.102537,0.305067,0.262482,0.149536
0.055836,-0.131270,0.385254,-0.149830,-0.107903,-0.215108,0.235696,0.160431,-0.188973,-0.309312,0.257938,0.239542,-0.214999,-0.054613,-0.263001,0.288443,0.343469,-0.097328,0.004128,-0.291962
0.172672,0.003168,-0.016765,-0.339480,0.090285,-0.089799,-0.430370,0.032415,0.278660,-0.153857,0.361085,-0.200933,-0.122045,0.184487,-0.060996,0.200788,0.196935,0.328323,0.177927,-0.329968
0.087157,0.104087,-0.284056,0.010023,-0.222227,0.395617,-0.208149,-0.118187,0.102103,-0.289710,-0.134831,-0.233688,0.249196,-0.301775,0.052235,-0.330412,-0.214163,-0.206743,0.176478,-0.292614
0.171140,-0.223108,0.341456,0.395922,-0.135245,-0.137052,-0.211886,-0.166532,-0.216240,-0.053297,0.230306,0.359923,-0.310849,0.057250,-0.131570,0.086069,0.006614,0.302413,0.101149,0.281687
0.314864,0.058535,-0.048543,0.395268,-0.146594,-0.067087,-0.178099,-0.034153,-0.288204,-0.092583,0.236028,0.234511,-0.115561,0.177057,0.116399,0.344470,-0.313341,0.025581,-0.321536,-0.313835
0.116801,0.240858,-0.295938,0.143075,-0.134271,0.385589,-0.248659,-0.186486,0.212194,0.023200,-0.254773,-0.265890,-0.160516,0.256835,0.278237,-0.191934,-0.225783,0.237404,-0.220823,-0.117143
0.030863,-0.052415,-0.087771,-0.026827,0.055377,0.404524,0.065382,0.123424,0.447339,0.141483,-0.121818,-0.366329,-0.221484,-0.105198,0.050498,-0.331606,0.317582,0.110079,0.189508,-0.333126
0.244311,0.245198,0.087029,0.271904,-0.220835,0.342206,-0.308696,-0.192549,0.282756,-0.165464,-0.179485,0.209660,-0.149697,-0.208944,-0.021659,0.182193,0.216756,-0.236210,-0.092886,0.325277
0.021033,0.158096,-0.163077,-0.183292,0.260360,0.214156,-0.020387,0.298523,-0.386173,0.101656,0.051802,0.098947,-0.007506,0.402974,0.351801,0.035398,0.367490,0.006500,0.201331,0.275984
0.112192,0.230264,0.226085,-0.002955,0.309703,-0.352127,-0.341181,0.162207,0.300872,0.123236,0.223561,0.082868,0.057233,-0.362328,0.213503,-0.088763,0.333010,-0.123739,0.051190,-0.203073
-0.160739,0.298340,-0.301268,-0.242451,0.253684,-0.287692,0.281782,-0.124366,0.080986,0.245424,0.058444,-0.259661,-0.247493,-0.192417,-0.239993,0.204935,-0.206401,0.171289,-0.244561,-0.162378
-0.129537,0.197347,-0.256399,0.027951,-0.195590,-0.298922,0.236832,-0.070765,0.035999,-0.290422,0.108897,-0.282810,-0.200527,0.251569,0.262740,-0.290443,-0.223489,0.284283,-0.239525,-0.257954
-0.236349,0.166158,0.170176,0.259227,-0.202440,-0.279393,-0.204839,-0.138137,0.186905,0.156623,-0.225854,-0.260730,-0.248331,0.258892,0.203775,-0.271316,-0.143193,0.263151,0.273069,0.231701
-0.368976,0.067710,-0.045202,-0.063019,-0.042563,0.163287,0.260454,-0.049732,-0.244259,-0.042321,0.286703,0.290780,-0.003783,-0.407162,0.102576,-0.404613,0.280829,0.032254,0.304553,0.116549
-0.223917,0.042474,0.140832,0.218730,0.007561,0.046430,-0.435541,-0.332991,0.059959,-0.262337,0.245168,0.162612,0.363252,0.249467,-0.064092,0.202751,0.318469,0.070422,0.132823,0.234943
