0.394424,0.142879,-0.100729,0.326229,-0.137487,-0.041057,-0.164647,-0.186733,0.307622,-0.159921,0.431290,0.041729,-0.187238,0.400556,-0.004643,0.171036,-0.179295,0.196301,-0.124728,0.076827
0.277768,-0.055329,0.008990,0.296151,-0.070272,-0.065008,-0.173141,0.136314,-0.038446,0.117964,0.089731,0.156928,-0.000455,0.251600,0.013359,0.567269,0.335467,-0.078341,-0.098983,0.460927
-0.263937,-0.218097,-0.167768,-0.217929,0.133002,-0.243478,-0.210766,0.095992,-0.277857,0.162277,-0.167233,0.242770,0.196824,0.293208,0.201054,0.370030,0.302156,-0.033044,-0.287264,-0.095471
0.066467,-0.384115,0.076552,0.184983,0.031182,-0.190057,-0.267417,0.021027,-0.130805,-0.150757,0.309019,0.391266,0.364656,-0.242400,0.367592,-0.065166,0.027350,-0.134269,-0.091329,-0.228630
0.088183,0.041710,-0.230229,-0.241705,-0.256587,0.276343,-0.303947,-0.253438,0.229605,0.220482,-0.280108,0.173839,-0.019306,0.363193,-0.231483,-0.046341,-0.117640,0.285537,0.136861,-0.260987
0.070486,0.114122,-0.219948,-0.275579,-0.154103,-0.139211,-0.268560,-0.184244,0.219448,-0.192769,-0.128733,-0.236377,-0.268725,0.377549,-0.105171,0.272386,0.225556,0.337634,0.165678,-0.241645
-0.250634,-0.236755,0.189973,0.188889,-0.252710,-0.270064,-0.222528,-0.073529,-0.135000,-0.295421,0.320158,-0.088362,-0.238254,-0.067448,-0.266926,-0.266846,0.269344,0.277528,0.165708,-0.145029
0.100939,-0.198159,0.147955,-0.127849,-0.313312,-0.215402,-0.246510,0.123043,-0.285244,-0.060435,-0.084112,0.243371,-0.331821,0.181225,-0.306851,-0.319481,-0.155007,-0.258938,0.313214,0.110296
0.190033,-0.067906,-0.097878,0.264835,0.254606,-0.260071,0.346044,-0.205925,0.006730,0.103206,-0.254131,-0.232843,-0.254229,-0.202155,0.164749,-0.266830,-0.202034,-0.259641,0.252021,-0.282606
-0.094603,-0.062758,-0.090080,0.268684,-0.222362,-0.231946,0.272875,-0.309947,-0.182854,-0.263686,0.267154,0.247486,-0.151911,0.251412,0.148148,0.248034,-0.211925,0.186831,0.258643,-0.284570
0.118916,0.042181,-0.088036,0.229285,-0.279802,-0.154598,-0.281446,-0.240171,0.224974,-0.229403,-0.187524,-0.077128,0.312227,0.076841,-0.276549,0.369476,0.235208,-0.225694,-0.342996,-0.005636
0.310088,-0.227553,-0.227814,0.101304,0.230098,0.314356,-0.314208,0.039767,-0.322998,0.125630,-0.100072,-0.322844,0.153000,-0.318653,-0.100660,-0.246145,-0.049372,0.049603,0.280426,-0.155796
-0.008536,0.293709,0.060420,0.325042,0.202760,-0.131336,0.153995,-0.203413,-0.195358,-0.174218,0.292913,0.255788,-0.315596,-0.199123,0.264059,0.343248,0.040423,-0.162497,-0.181275,0.271051
-0.226471,0.270710,-0.136217,-0.254359,0.239668,-0.227954,-0.175455,-0.250425,-0.125740,0.290412,0.217275,-0.238178,-0.219017,0.220021,0.262306,-0.127342,-0.314662,-0.144678,0.264833,0.117078
-0.101262,-0.255261,-0.244159,0.192763,-0.290273,0.220688,-0.249937,0.238267,-0.176173,0.013219,0.269298,0.261163,-0.205310,-0.025580,-0.187312,0.272181,0.235746,0.184565,-0.273175,0.295697
0.225056,-0.029711,0.340200,0.007008,-0.204379,-0.023283,-0.116768,0.074079,-0.007902,-0.030210,0.422592,0.172226,-0.164020,-0.295423,-0.084290,0.539169,0.280429,-0.028282,-0.105481,0.243871
0.377749,0.007092,-0.100196,0.324102,0.242148,-0.243773,0.273429,0.253002,0.317643,-0.118701,-0.153977,0.267586,0.196409,-0.317187,0.258737,-0.083465,-0.074126,-0.160223,0.007394,0.175286
0.044256,-0.008429,0.315451,0.193450,0.077191,0.389823,-0.058832,-0.169923,0.436677,0.200048,0.220725,-0.010349,-0.007324,0.078789,-0.139980,-0.028615,-0.110007,0.121207,-0.481296,0.325787
0.043738,-0.167083,0.208539,-0.012690,0.054743,0.048016,-0.166520,0.131005,0.083514,-0.154391,0.422152,-0.160487,-0.262810,0.325396,-0.333725,0.232681,0.298244,0.261392,0.247160,-0.287610
0.198494,-0.221757,-0.316682,0.255787,-0.268526,-0.097354,0.206207,-0.147700,0.015541,0.113909,0.304052,0.119718,0.040953,0.231130,0.256274,0.454036,0.293378,-0.093021,-0.239695,0.026303
-0.025357,-0.088606,-0.310828,0.110521,-0.076788,-0.263559,0.434034,0.008516,0.020194,0.145311,0.156518,0.189829,-0.230448,0.317983,-0.050636,0.476896,-0.300107,-0.219480,0.057490,0.105110
-0.179646,-0.221306,0.226529,-0.201378,0.094399,-0.234420,0.129568,-0.157958,0.256574,-0.272992,-0.235781,0.228136,0.171173,-0.174982,-0.243398,0.352848,0.249429,-0.271899,-0.295410,0.078826
0.259744,-0.284233,0.201598,0.155914,0.070481,0.083320,-0.357590,0.041155,-0.212906,-0.020906,0.040711,0.038817,0.137364,0.320123,-0.165094,0.397953,0.434969,0.135378,-0.061498,0.279485
-0.325717,-0.122460,-0.213174,-0.238764,0.172021,-0.225681,0.295341,-0.037538,-0.065445,-0.147413,-0.327368,0.132237,0.207264,-0.240496,-0.282346,-0.246156,-0.335122,-0.195025,0.248629,-0.058005
0.477859,0.212182,-0.211185,0.096891,0.337506,0.237910,-0.093970,0.043380,-0.038848,0.393628,-0.214467,-0.116010,-0.093515,-0.156084,0.141847,-0.244894,-0.399393,-0.016287,0.000172,-0.050313
0.189258,0.256885,-0.002750,0.187453,-0.242366,0.007745,0.037194,-0.276253,-0.206701,-0.173023,-0.243661,0.348341,0.011202,0.408371,-0.334222,-0.021674,0.173057,-0.011926,-0.333175,0.230234
0.264582,0.097091,-0.044218,0.199687,-0.250917,0.292275,0.088232,0.188117,0.265191,-0.142144,0.278730,0.093587,-0.238367,0.370813,0.134604,0.249400,-0.213260,0.277649,-0.190257,-0.277121
-0.166722,-0.140455,-0.294218,-0.071035,-0.113001,0.288785,-0.121696,0.082854,0.006834,-0.256236,-0.126039,0.036987,0.040289,0.419762,0.083466,0.599165,0.271182,0.184667,-0.092774,0.005462
0.114513,-0.009692,0.442438,0.031613,0.130903,0.061924,-0.197199,0.299373,-0.206185,0.394365,-0.124736,0.010432,0.170167,-0.203972,-0.090817,0.317309,-0.263164,0.289104,0.197314,-0.235784
0.258560,0.015512,-0.088605,-0.090132,0.202468,0.201419,0.447492,0.040308,-0.107539,0.274467,0.155333,0.308058,-0.095441,0.139628,0.314921,-0.326765,-0.366094,-0.185443,-0.156735,0.005887
0.187182,-0.299406,0.220327,-0.034837,-0.123621,0.238874,-0.271558,-0.191286,-0.234795,0.251483,0.197121,-0.294834,0.136325,-0.218381,0.292044,-0.220365,0.004464,-0.222525,-0.296935,-0.246770
-0.056382,-0.241843,-0.110114,-0.188107,-0.199952,-0.228915,-0.026429,0.217551,0.296987,0.321390,-0.250780,-0.269131,0.295893,-0.227817,-0.287169,0.058321,-0.311615,-0.190742,-0.166845,0.192233
-0.008367,0.175257,-0.281002,0.113309,-0.071766,0.041928,0.404956,0.052618,0.164990,-0.353370,0.200808,-0.006384,-0.033206,-0.356426,0.300002,0.232586,-0.438494,-0.167142,0.052013,0.127013
0.240560,-0.209859,0.141096,0.323978,-0.321529,-0.239146,-0.118638,-0.029433,-0.265448,-0.124996,-0.249956,0.324178,0.165350,0.237575,0.146700,-0.129285,-0.215964,-0.209062,-0.051021,0.359281
0.202247,-0.175799,0.185536,0.281352,-0.252375,-0.271851,0.348094,0.210180,0.260188,-0.234295,-0.275601,-0.173278,-0.171313,-0.198561,-0.208983,-0.046618,-0.249075,-0.046344,-0.215846,-0.240200
0.182750,-0.220837,0.154922,0.235216,0.175564,-0.208253,-0.091650,-0.259505,-0.207848,0.307713,-0.248529,-0.134809,0.206579,-0.168227,-0.258939,-0.273429,-0.274924,-0.232440,0.253679,-0.252963
0.021986,0.073932,0.212792,0.186637,0.104288,0.262414,-0.253444,-0.388398,-0.157874,-0.298751,0.245084,0.096686,0.289384,0.316534,-0.108065,0.259737,0.006679,0.144561,0.296623,0.252024
-0.048910,0.024251,-0.225258,-0.152112,0.276051,-0.170022,-0.111328,-0.296263,-0.160936,-0.380229,-0.313721,0.197452,-0.035640,0.040091,-0.326662,0.334481,0.092533,-0.105752,-0.031489,0.409611
-0.200242,0.057737,-0.270509,0.281323,-0.269092,0.132876,-0.148196,0.301815,0.086218,-0.223229,-0.154866,0.223934,0.089998,-0.238021,0.208333,0.411422,0.134441,-0.278301,-0.311094,-0.002603
-0.016404,-0.012398,-0.154931,-0.338544,-0.136177,0.226402,-0.352530,-0.127483,-0.082885,-0.187442,0.293149,0.254949,0.065061,0.250296,0.192109,0.323126,-0.111700,-0.187637,-0.309098,-0.325986
0.075403,-0.306496,-0.202121,0.070232,-0.259191,0.174479,-0.013395,0.287302,0.065945,0.301887,0.095085,0.224088,-0.220090,0.279249,0.153326,0.363744,0.242924,-0.175992,-0.272090,0.270642
0.183512,-0.312433,0.345079,-0.188569,0.120496,0.138219,-0.309763,-0.168195,-0.303635,-0.284070,-0.220162,0.251556,-0.162450,0.047813,-0.269434,0.113990,-0.196284,0.080280,-0.275008,0.191567
0.259906,-0.095297,0.002054,0.135631,-0.281711,0.476732,-0.452135,-0.064776,-0.475490,0.092414,0.144976,0.163930,-0.027927,-0.027935,0.006991,0.163629,0.221995,-0.150508,0.069848,0.044629
0.235735,0.368159,-0.060250,-0.065855,0.248128,0.172986,-0.226927,0.199717,-0.192544,-0.195922,-0.257573,-0.230736,0.280222,0.270869,-0.228180,-0.279090,-0.130212,0.209784,-0.269062,0.088275
0.306424,-0.120858,0.209448,-0.136527,-0.052674,0.267727,-0.146807,-0.089256,-0.054899,-0.107741,0.240322,0.125691,0.030951,0.338642,0.144575,0.557182,0.339722,0.010845,0.200153,-0.185106
-0.199263,-0.244911,0.145056,-0.225597,-0.303566,0.217069,-0.254356,0.158095,0.194842,-0.183954,-0.131817,0.204472,0.070911,0.228238,0.039395,0.425472,0.318790,0.149776,-0.089675,0.310849
0.022305,0.202397,0.344590,0.010013,-0.064847,0.382692,-0.002525,-0.196657,-0.063738,0.077592,0.283102,-0.289390,-0.084042,0.136256,-0.046311,0.654547,-0.074867,0.048218,-0.086628,-0.068856
-0.264712,-0.238558,-0.042065,-0.091485,-0.313715,0.181348,-0.284123,0.075698,0.159989,-0.223443,0.291021,0.095455,0.234640,-0.087889,-0.178045,0.470451,0.065567,-0.214482,-0.202966,0.261703
0.296284,-0.357078,0.113181,0.366728,-0.013547,0.226515,0.114389,0.110511,0.196658,0.022428,-0.365547,0.441311,-0.025126,0.055147,0.264183,0.234044,-0.097791,0.126255,0.197793,0.014072
-0.210124,0.220729,-0.026866,-0.178320,-0.362366,-0.232103,-0.157156,-0.180960,-0.061332,-0.218470,-0.216096,0.191613,-0.038346,-0.002897,-0.016197,0.458497,0.305503,-0.258225,-0.292892,-0.198290
0.289929,-0.273518,0.182882,0.042596,-0.264786,-0.027387,-0.140030,0.113600,-0.265010,-0.116287,0.363740,0.070926,-0.341463,0.136602,-0.129917,0.309769,0.416128,0.120507,-0.114496,0.180325
0.159700,0.215217,0.352805,0.227097,-0.031740,-0.179856,0.100220,0.009888,-0.161644,-0.230145,-0.021102,-0.172437,-0.266135,0.280307,0.114410,0.413354,-0.272307,-0.080170,0.232081,0.362725
-0.014560,-0.049080,-0.010089,-0.135208,-0.176732,0.360871,-0.102684,-0.323783,-0.069230,0.136192,0.163862,0.127112,0.061539,0.246623,0.049059,0.427922,0.431051,0.087990,-0.101089,0.426502
0.324350,-0.271113,-0.076028,0.111069,-0.247270,-0.049504,-0.225703,-0.283765,-0.237272,0.293122,-0.235685,0.269559,-0.179021,-0.213894,-0.152888,0.345794,-0.282736,0.155411,0.046419,0.103431
-0.232336,0.303161,-0.247387,0.284187,-0.252052,0.284602,0.254383,0.190727,0.155070,-0.218064,-0.201131,0.187454,-0.267149,-0.177173,-0.239148,0.244494,0.079031,-0.130609,0.131376,-0.243005
0.329123,0.310606,0.132355,0.054211,-0.274510,0.420877,0.004271,-0.042662,-0.098065,0.091888,0.111567,0.067577,0.221671,0.382855,-0.379524,-0.008683,-0.063824,0.197559,-0.300513,-0.109996
-0.030674,-0.257495,-0.178073,-0.230149,-0.308159,-0.213852,-0.130491,-0.147597,-0.138558,-0.318832,-0.295091,-0.061832,0.188126,-0.063700,0.233246,0.394834,0.286936,0.128651,0.078922,0.319307
-0.078207,0.026457,0.488337,-0.327392,0.011170,-0.100531,0.022287,0.073022,0.033997,-0.175377,0.272631,0.198691,0.029040,0.136047,-0.320615,-0.357733,-0.438154,0.203013,0.030807,0.038547
0.263636,-0.134890,0.375109,-0.039604,0.198044,0.094853,-0.302008,-0.300372,-0.295597,0.276798,0.319558,-0.007219,0.243734,-0.202943,-0.277046,-0.284098,-0.038223,-0.044064,-0.025627,-0.109970
-0.252961,0.081708,-0.164636,0.049064,0.244395,-0.289688,0.313193,-0.276965,-0.216154,-0.296337,0.265709,0.220808,0.245258,-0.195883,0.224281,-0.271994,0.112859,-0.086255,-0.050403,-0.286281
-0.220197,-0.181516,0.199404,0.298102,-0.248915,-0.274855,0.405550,-0.250953,-0.122156,-0.176252,0.192049,0.139426,-0.222883,-0.204140,0.137269,-0.240380,0.076013,-0.264516,0.215352,-0.180496
0.157283,-0.043990,-0.196820,0.240811,-0.099285,-0.254371,0.358665,-0.233836,-0.256684,-0.249777,-0.108897,-0.246132,-0.219644,-0.005756,0.271513,-0.243626,-0.287578,-0.189079,0.254437,0.231220
0.044527,-0.312425,0.478451,-0.039294,0.019672,0.022958,0.297722,-0.132888,0.049223,-0.216993,0.223923,0.000795,-0.226425,0.171605,0.023896,0.283109,-0.432674,0.282174,-0.018146,-0.185711
0.204850,-0.033554,-0.077892,0.140475,-0.194733,0.146701,-0.314402,0.061475,0.254140,0.009136,0.102371,-0.181478,0.311803,0.042516,0.039224,0.494964,0.410114,0.164353,-0.195275,0.286463
