0.372027,-0.110680,0.232721,-0.046066,-0.101101,-0.214306,0.225084,0.024173,0.125724,0.288180,0.139287,0.398688,0.318930,-0.092929,0.330459,0.256571,0.163850,0.081264,-0.164571,-0.250086
-0.356918,0.325746,0.431663,0.396759,0.009881,0.121897,-0.025316,-0.420150,0.034513,0.195538,0.100918,0.092487,0.097754,0.018904,-0.005948,-0.225062,0.035373,-0.003656,0.282759,0.175046
-0.242034,-0.260041,0.211820,0.176557,-0.255931,0.264268,0.177207,0.021585,0.249686,-0.153263,0.335298,0.321807,0.214680,-0.241451,-0.146169,0.220454,0.181426,0.209837,-0.191384,-0.202011
0.150406,0.054321,-0.357704,0.058937,-0.287748,0.194428,-0.061088,-0.263687,-0.276006,0.150839,0.473529,0.324243,-0.136123,-0.019458,-0.192166,-0.255103,-0.059156,0.287890,-0.111658,-0.032896
0.375819,0.096815,-0.184361,0.143901,0.170963,-0.231720,-0.199887,0.301174,0.241958,-0.139882,-0.274272,-0.169680,-0.184842,0.309634,-0.255772,-0.006601,-0.253556,-0.182897,-0.107536,0.306874
-0.225377,0.140588,0.259792,-0.114176,-0.239045,-0.223759,0.276789,0.097606,0.136261,0.144058,-0.311263,0.222414,0.158799,0.264949,-0.246887,-0.220344,0.261823,-0.174737,-0.196890,0.356538
0.324767,-0.192660,-0.167839,0.275880,-0.272458,-0.254036,-0.177794,-0.212661,-0.183850,0.130554,-0.240921,0.300391,-0.212541,-0.180647,0.223323,-0.039355,-0.220761,0.218338,0.250971,-0.223116
-0.218122,0.220800,-0.278940,-0.129267,0.239064,-0.228021,-0.225124,0.305121,0.144686,-0.186979,0.057263,-0.265224,-0.146567,0.273344,0.305006,-0.222884,0.330408,-0.132375,-0.201842,-0.142734
0.266791,0.269937,-0.213350,0.203663,0.218715,0.193695,0.222576,0.271701,0.168315,-0.226813,0.171953,0.183296,-0.219974,-0.239035,-0.164146,-0.269092,0.257219,-0.192930,-0.199951,0.262791
-0.201909,-0.157522,-0.244323,-0.241652,-0.233730,-0.204230,-0.126517,-0.140131,-0.199547,-0.267697,-0.184920,-0.272097,0.193357,0.234742,-0.235718,-0.308026,0.298209,0.244616,0.190622,-0.191309
-0.113963,0.189228,-0.132378,0.296203,-0.188328,-0.241729,0.342586,-0.212816,-0.084420,0.006892,-0.308963,0.366226,0.183141,-0.159152,-0.287290,0.159602,-0.262751,0.235802,-0.246048,0.024000
0.265790,-0.216213,-0.234882,0.169487,-0.216286,0.384915,-0.183032,0.095430,0.053885,0.326161,0.131753,-0.215079,0.265215,-0.186855,0.260941,-0.336291,-0.082584,0.254556,-0.103817,-0.139397
-0.085404,-0.281709,-0.047834,-0.136943,-0.123189,-0.233906,0.180381,-0.062155,0.275385,0.240980,-0.282300,0.370668,-0.178267,-0.288173,0.264621,-0.261236,0.272760,0.287791,-0.142070,-0.067252
-0.188057,0.222035,-0.228468,-0.236412,0.197731,-0.249179,0.272715,-0.146173,0.194337,0.145792,0.197480,0.162835,-0.210799,-0.264507,-0.210669,-0.293550,0.244595,-0.248132,-0.136110,0.317661
0.256134,0.172716,0.228925,-0.138135,-0.194808,0.286265,-0.242129,-0.290187,0.238627,0.205411,0.313687,0.383746,0.036671,-0.266847,-0.098375,0.120899,-0.216090,-0.168215,0.096687,-0.210622
0.155500,-0.175106,0.395676,0.267160,-0.310049,0.176850,-0.084469,-0.108833,-0.191316,0.217876,0.123984,0.491175,-0.053357,0.183703,-0.217411,-0.084276,0.069120,0.014671,0.365161,-0.029012
-0.215142,0.117261,-0.115070,-0.003084,-0.069307,0.368893,-0.315943,0.305171,0.208614,0.324595,0.239075,-0.072071,-0.271404,-0.207066,-0.203993,-0.281039,-0.200495,0.228788,0.019042,-0.227174
0.243627,0.190318,0.210318,-0.360141,-0.003107,0.264369,-0.036128,0.260843,-0.188044,0.300723,0.056561,-0.122397,0.008441,-0.230258,-0.336974,-0.104218,0.098960,0.398243,-0.225146,-0.225134
0.300493,-0.061221,-0.139124,0.005506,-0.055136,0.107132,0.068983,-0.135532,-0.458340,0.061292,-0.481079,0.367022,-0.060080,0.260241,0.014042,0.267537,-0.055997,-0.044970,0.038316,0.345277
-0.272857,0.052028,-0.061224,-0.286274,-0.228157,-0.349799,0.140886,-0.147930,-0.334584,0.175616,0.254177,-0.111631,-0.023788,0.338172,-0.241560,-0.246268,-0.103178,-0.153440,0.060796,0.359622
-0.344869,-0.022503,-0.041970,0.169069,0.001246,0.393982,-0.030431,0.182991,-0.289278,0.367945,0.149421,-0.299087,0.002217,0.099018,0.082156,-0.147007,0.335924,-0.029817,-0.225524,-0.356325
0.279078,-0.225636,0.171680,-0.189414,0.253473,-0.242530,-0.252693,0.140001,-0.227732,-0.139504,-0.204450,0.278097,0.235185,0.265291,-0.242812,0.111874,0.250960,0.229425,0.012555,0.309725
-0.387918,-0.252776,0.000423,0.030273,-0.023031,0.125044,0.073765,-0.198024,-0.021077,0.235256,0.272429,0.415529,0.328080,0.018792,0.054122,0.471727,0.155671,-0.033759,-0.234364,-0.086430
0.092607,0.298797,-0.238476,-0.145430,-0.139188,0.247330,0.300651,0.304222,-0.227293,-0.248522,-0.249566,-0.004866,-0.261311,0.135668,0.195686,-0.126040,-0.162771,0.224890,-0.223226,0.342251
0.135277,-0.179680,0.181874,0.070604,-0.352395,0.415555,0.091582,-0.032346,-0.154541,-0.321070,0.369578,-0.163504,-0.235769,-0.133258,0.053284,-0.047686,-0.252517,-0.132934,-0.044940,-0.390956
0.147083,-0.273431,-0.272653,-0.272616,0.323079,-0.202920,-0.052478,0.104369,-0.157997,-0.213296,-0.392777,0.387166,0.074654,0.079810,0.214427,0.117390,-0.141576,0.044861,0.251836,0.252844
-0.201693,-0.114521,0.221219,-0.018582,0.153309,-0.203931,0.273801,0.344849,-0.188632,0.287804,-0.348752,-0.118041,0.189569,-0.273405,-0.238189,-0.079625,-0.251322,-0.136537,-0.274109,-0.230793
0.014695,0.139876,-0.071977,0.100681,0.002869,0.330147,0.181691,-0.281377,-0.120849,0.015636,-0.195822,0.439134,0.115896,0.208366,0.281775,-0.018932,-0.370004,-0.011022,-0.263570,-0.393167
0.120584,-0.017715,0.098348,0.053884,0.013986,0.101117,-0.311223,0.366341,0.088532,0.452182,-0.102327,-0.089336,0.122664,0.190805,0.351276,-0.254749,0.018170,-0.338586,-0.213201,0.316474
0.259966,0.089523,0.037697,0.265570,-0.040064,0.166055,0.287096,-0.086866,-0.252713,-0.272425,-0.073020,-0.298849,0.233127,-0.237281,0.255003,-0.290876,-0.186470,0.246708,-0.122008,0.360243
0.056195,-0.242470,0.238035,0.292610,0.219493,-0.228538,-0.231778,-0.239012,-0.236418,0.205961,0.015198,0.314652,-0.240672,0.227280,0.125668,-0.239620,-0.160886,-0.228499,0.230789,0.269843
0.217895,-0.028634,-0.262449,-0.240530,0.218473,0.160182,0.275680,-0.234117,-0.228671,0.199656,0.197662,-0.275745,-0.245894,-0.257431,-0.219221,-0.059729,0.293755,0.166320,-0.153644,0.312394
0.329265,0.370193,0.311531,0.134499,0.321537,0.184525,0.000712,0.190935,0.010334,0.286189,0.037463,-0.118239,0.014600,0.294593,0.288011,0.163824,0.310183,0.039725,0.143497,0.230092
-0.136470,-0.325116,-0.062638,0.299417,0.289243,-0.057559,-0.240899,-0.302058,0.284098,0.047585,-0.129473,-0.096507,0.258975,-0.256460,-0.188061,-0.076877,0.257403,0.258055,0.233129,-0.274751
-0.114599,-0.217344,-0.195037,-0.088477,-0.254422,0.022599,0.278337,-0.232775,0.214029,-0.252059,-0.189951,0.195708,-0.245649,-0.150899,-0.260195,-0.272698,0.244153,0.196427,-0.244908,0.360257
-0.089211,0.283954,0.179830,0.215850,0.235148,-0.236737,0.258875,-0.149624,-0.279181,-0.160123,0.203504,0.251411,-0.294152,0.234777,-0.202045,-0.302007,-0.113759,0.226596,-0.217582,-0.195529
-0.120926,0.290471,-0.206287,0.085570,-0.124700,0.317097,-0.191469,0.403103,0.201746,-0.022313,0.290849,-0.145517,0.151187,0.342209,-0.039346,0.157743,-0.166904,-0.334697,0.283381,-0.048253
-0.095543,-0.325856,-0.139219,-0.001864,0.239846,-0.324571,-0.224891,0.230991,0.153488,-0.009364,-0.310393,0.134271,-0.079576,0.135586,0.429871,0.124644,0.252308,0.371008,-0.146054,-0.113139
-0.284347,-0.207721,-0.144986,-0.224107,0.207945,0.223963,-0.285868,-0.289095,0.245375,0.202307,0.327729,0.224823,0.192523,-0.183787,-0.197201,-0.144434,-0.159142,0.140405,-0.289169,0.166487
0.448551,0.120246,-0.320690,-0.182984,0.130604,0.241153,0.053381,0.344899,0.221979,0.249887,0.042670,0.184012,-0.264403,-0.056386,-0.120683,0.254862,-0.024443,0.213791,0.095936,0.309008
-0.044942,0.228724,-0.249317,0.179189,-0.007813,0.391921,-0.331328,0.188752,-0.094112,0.148812,-0.084366,0.368524,0.293507,-0.289342,-0.242927,-0.154326,-0.154227,-0.288251,-0.010552,-0.136814
-0.149659,0.247838,-0.123740,0.073545,-0.000152,0.380215,0.259053,-0.238769,-0.265290,0.293742,0.418199,0.219827,-0.187998,-0.154993,0.298908,0.043024,-0.165857,0.125035,0.020789,-0.229697
0.049299,0.126870,-0.321668,-0.063837,0.121413,-0.270134,-0.218077,-0.385208,0.234112,0.266649,0.018448,-0.224858,-0.319779,-0.024400,0.157311,0.286365,-0.267637,-0.003029,0.072800,-0.356254
0.268538,0.277624,-0.226473,-0.148082,-0.195325,-0.227406,0.244612,0.295831,-0.221566,0.083390,0.158837,0.066650,-0.248811,-0.219380,-0.225466,-0.279269,0.261853,0.220604,-0.084262,0.302435
0.297947,0.167706,0.385395,0.081016,-0.214721,0.367321,-0.080430,-0.293285,0.111102,0.254611,0.022367,-0.240445,0.083220,-0.340388,-0.022552,0.203088,-0.201008,-0.011105,0.191633,-0.277878
-0.029428,0.169360,0.366427,0.286391,0.202077,0.331589,-0.103247,-0.172628,-0.002736,-0.210319,-0.173288,-0.030959,-0.266587,-0.069802,-0.161679,0.346334,-0.347521,0.042955,0.186604,-0.328970
0.414201,0.128733,0.351440,0.099122,0.406385,0.132563,-0.074827,0.044119,-0.412975,0.264331,-0.069722,-0.014547,0.064656,0.231711,0.064675,0.375937,0.057134,0.014760,0.155588,-0.108161
-0.333354,0.029097,0.315707,0.274442,-0.145258,0.347563,0.232194,-0.219881,-0.279099,0.089153,0.003008,-0.145663,0.217053,-0.336733,-0.088579,0.176188,0.159622,-0.157562,-0.159398,-0.294456
0.163148,-0.172459,0.363029,0.053321,-0.223839,0.277805,-0.046463,0.363228,-0.002426,0.265867,0.109752,0.355755,0.026440,-0.066839,0.112913,0.064703,0.423999,0.341196,0.140676,-0.015964
-0.273722,-0.143816,0.310072,-0.182180,0.112074,-0.256486,0.212197,-0.237491,0.167946,-0.173716,-0.121329,-0.180003,0.292634,0.237480,-0.152481,0.411642,-0.262363,0.263487,0.035652,0.124567
0.448743,-0.280708,0.347760,0.212087,0.090783,0.111089,-0.070608,-0.074375,-0.028082,0.163125,0.228517,0.364206,0.096580,0.000337,0.180059,-0.143173,-0.046523,-0.353153,-0.294030,-0.186996
-0.229077,-0.243648,0.096204,-0.249981,-0.161164,-0.159639,-0.319965,0.192136,0.251351,0.077747,0.395320,-0.205887,-0.201283,-0.175151,-0.151327,-0.197034,-0.131280,-0.176224,-0.298710,-0.295533
0.361039,-0.185117,0.453782,0.201303,0.049697,-0.028943,-0.303661,-0.230248,0.283955,0.185806,0.006722,-0.117393,0.167993,0.153072,0.182369,0.249732,-0.045626,0.342638,0.037345,-0.208027
-0.243661,-0.092705,-0.221665,0.284724,0.200152,-0.163101,-0.308857,-0.292555,-0.272075,0.309679,0.038271,0.317968,0.236184,-0.101733,0.315319,0.085091,0.262247,0.021846,0.033147,0.196333
0.201472,-0.081671,-0.233318,-0.076224,-0.247056,0.327291,0.180158,-0.238832,-0.287421,0.292454,0.102298,-0.151114,-0.216962,0.248947,0.288168,-0.313110,-0.075208,-0.203244,-0.261259,-0.167482
0.244528,0.319536,0.028624,0.084122,-0.181112,-0.056088,-0.131011,-0.333776,-0.366337,-0.073222,-0.298407,0.052207,-0.308945,-0.123331,0.177323,-0.174012,0.278951,0.126550,-0.112543,0.394307
-0.214034,-0.226141,0.283849,0.287037,0.034054,0.249139,0.205326,-0.322362,0.235842,-0.005493,-0.048651,-0.153116,0.059106,-0.311378,-0.255514,-0.242758,-0.199973,-0.259385,0.044118,-0.339758
-0.181105,0.011489,0.038435,0.048995,-0.003844,-0.409514,-0.043132,0.187140,-0.205739,0.308217,-0.219001,-0.321198,-0.367844,-0.340581,0.149208,-0.026313,0.118098,0.094409,0.048850,0.413074
-0.053733,0.354957,0.116748,-0.205056,-0.347253,-0.070384,0.116104,0.019647,-0.195413,-0.352654,-0.149945,0.172524,-0.010997,0.327345,0.208859,-0.304683,-0.138509,0.319481,-0.184391,-0.249508
-0.125186,-0.001574,0.206753,-0.224471,0.246096,0.208093,0.249608,-0.136637,-0.291562,0.214803,0.145826,-0.293968,-0.283189,-0.270318,-0.286934,-0.083967,0.166790,-0.266307,-0.261329,-0.240500
-0.218115,0.285416,-0.206417,-0.202433,-0.231781,-0.208067,-0.156930,0.273577,-0.212285,-0.217225,-0.116148,-0.101925,-0.229554,-0.225375,0.200222,-0.268220,-0.193282,-0.218846,0.228484,0.348977
-0.019027,0.043208,0.121881,0.285861,-0.296798,0.284597,-0.155840,-0.025520,-0.114043,0.002838,0.207186,0.223737,-0.311582,-0.257678,0.215889,0.217845,-0.253389,-0.203413,0.302684,0.382666
0.273345,0.037050,0.021191,-0.271884,0.005100,0.129844,0.017278,0.511199,0.018305,-0.047695,0.130061,0.088997,-0.319248,0.334747,0.193338,-0.131441,0.087263,0.295186,-0.394368,0.157095
0.073927,0.161845,-0.479628,-0.218149,0.004878,-0.100105,-0.020807,-0.063606,0.075489,0.096526,0.014058,0.308357,0.404825,0.439834,-0.130685,0.332203,0.064935,-0.018474,-0.269608,-0.062196
