-0.333604,0.037823,0.162964,-0.270118,0.144101,-0.044280,-0.255658,0.213148,0.069637,0.175003,0.125389,0.139727,-0.296985,0.056565,0.639091,-0.188083,0.053952,0.068594,0.042401,0.197205
-0.138906,-0.018187,0.218528,0.074882,0.136463,0.320040,0.000225,0.226948,-0.013332,0.317714,0.572236,0.233383,-0.114204,-0.006637,0.102983,0.157396,0.145999,-0.000752,-0.445373,-0.057257
-0.289029,0.194095,0.027015,0.266061,0.256073,-0.181347,-0.253586,0.060124,-0.153201,-0.237756,0.404139,-0.110734,-0.241052,0.279132,-0.258191,-0.069492,0.288873,0.227670,0.141062,-0.150361
0.420328,0.007393,-0.247000,-0.144070,0.302566,-0.072465,0.274370,0.293323,-0.159454,0.024896,0.068274,0.063055,0.281387,0.173558,-0.294642,-0.143913,-0.221920,-0.297588,0.208934,-0.224546
-0.027595,-0.170428,-0.270993,-0.280972,-0.151716,0.390977,-0.185086,-0.279291,0.200589,0.282789,0.170172,0.277797,-0.244100,-0.119021,-0.099615,-0.090254,0.239211,-0.175952,0.280127,-0.211806
-0.233745,0.144872,-0.204267,0.244252,-0.230694,0.224301,-0.284819,0.070389,-0.174001,0.114819,-0.251878,0.443015,0.122549,0.204479,-0.201317,0.028875,-0.235159,-0.295315,0.216828,-0.206162
-0.265741,-0.101751,-0.379205,0.109973,-0.064782,-0.264877,0.139211,-0.005329,0.270227,-0.299639,0.333001,0.113896,-0.256916,0.292457,-0.121835,0.067234,0.238757,-0.220558,-0.255910,-0.201650
0.074165,-0.190028,0.167826,-0.346144,0.302436,-0.042290,-0.151255,0.259347,0.238839,-0.264020,0.047269,-0.290818,-0.065088,0.210824,-0.148911,0.318557,-0.255360,-0.259500,0.045005,0.326409
-0.077735,0.268315,-0.273617,-0.294717,-0.235341,-0.111188,-0.221797,-0.253575,0.246431,0.310966,-0.098538,-0.233596,0.225113,-0.221759,-0.228964,-0.210891,0.180192,-0.192012,0.215464,0.211608
-0.247729,-0.157255,-0.239894,-0.280256,0.216988,-0.039118,0.227112,0.199817,-0.233711,0.311068,-0.249030,-0.230693,0.247271,-0.204039,-0.204583,0.054469,-0.252625,0.247246,0.235600,0.207403
0.075886,-0.296001,-0.363980,0.020094,0.016346,0.141288,0.152042,-0.231178,0.286476,-0.265604,0.318688,0.319554,0.112166,-0.211081,0.248419,0.238112,0.200237,-0.082683,-0.221997,0.221132
0.028367,-0.074681,0.092574,-0.197953,-0.270800,0.457460,-0.272861,-0.178447,0.257621,-0.065701,-0.251811,-0.332554,0.311626,0.131129,-0.262539,-0.012020,0.183321,-0.269110,-0.049422,-0.142934
-0.228549,-0.207024,-0.349952,-0.165020,-0.261839,-0.173377,-0.193925,-0.270679,-0.132538,-0.140669,0.002738,0.396330,-0.281325,0.226195,0.102798,-0.172309,0.033178,0.195017,-0.269969,0.262095
0.264371,0.245560,-0.293994,-0.227394,-0.230103,0.306349,0.225192,0.096315,-0.185216,0.281108,0.081543,-0.244386,-0.193647,0.179957,-0.206680,-0.258372,0.064174,-0.221243,0.222087,-0.251868
-0.316750,-0.283044,-0.200450,0.278163,-0.243575,-0.251410,-0.213639,-0.282177,0.211091,0.139207,-0.112036,0.333425,0.086339,-0.292100,-0.026249,0.070658,-0.214718,0.209027,-0.232772,0.155243
-0.315724,0.198349,0.307879,-0.052754,-0.130472,-0.108925,0.112023,0.058775,0.203369,-0.092149,0.359105,0.553625,-0.113115,0.164187,-0.059470,0.403721,-0.022464,0.156568,0.017615,-0.039960
-0.263510,0.074898,-0.132903,-0.279072,-0.136933,0.029003,0.138510,0.381143,0.010027,-0.156730,0.302519,-0.334923,0.239322,-0.130571,-0.062444,0.408310,0.084169,-0.046308,0.251947,0.315214
-0.026514,-0.082110,0.430586,-0.077726,0.026300,-0.017604,0.000026,0.337701,0.191862,0.126510,-0.043131,-0.200440,0.483996,0.014274,0.172238,-0.314541,-0.039630,-0.466256,0.021119,0.093513
0.290987,-0.089417,0.295894,0.209401,-0.047578,-0.193692,-0.022624,-0.012300,-0.352115,-0.040986,0.070532,0.559170,-0.142396,0.031147,0.276806,0.373726,0.059737,0.191679,-0.053328,0.107158
-0.281315,0.157332,-0.322536,0.315747,0.060031,0.113987,-0.200618,0.067846,0.277006,-0.085155,0.074425,0.531544,-0.266370,0.164737,-0.018865,0.169567,0.237199,0.232591,0.138317,0.046689
-0.300552,0.059652,0.341936,-0.021321,0.001976,0.255064,-0.007812,0.115342,-0.000622,0.073594,-0.039394,-0.348810,0.039983,0.288704,0.467116,0.269406,-0.370335,0.073366,-0.049044,0.247003
-0.257358,0.089562,-0.281521,0.183256,0.194562,0.262249,-0.254775,0.238900,0.272916,0.247374,0.269168,-0.108602,-0.266992,-0.151235,0.123273,-0.125178,0.295702,-0.137485,-0.211594,0.297047
-0.263149,-0.399993,0.060080,-0.184342,-0.159958,-0.203867,0.184253,-0.030192,-0.011953,-0.319727,0.062656,-0.150283,-0.006571,-0.374088,-0.305332,0.457655,0.022778,-0.048940,-0.039323,0.234857
-0.063462,-0.177747,-0.051740,0.235114,-0.243299,0.379887,-0.179281,-0.252838,0.142274,-0.007912,-0.268235,-0.269413,-0.225972,-0.112723,-0.236039,-0.282415,-0.248783,0.253700,0.254716,-0.227219
-0.270100,0.275225,-0.083341,-0.504391,-0.082551,0.061128,-0.185824,0.013212,0.283011,-0.375571,0.023714,-0.069119,0.028561,0.240593,0.098167,-0.276117,-0.057447,0.235973,0.234040,0.244663
0.009339,0.040886,-0.280296,0.117230,-0.103532,-0.295246,0.003412,-0.111235,0.229721,-0.102976,0.389943,0.530016,-0.047003,0.047846,0.306844,-0.263230,0.277597,0.211424,0.095775,0.020848
0.038924,-0.028783,-0.321167,-0.236175,-0.002964,0.347819,-0.216438,0.301512,0.264886,0.293165,-0.094207,0.256682,-0.297652,0.300633,-0.002641,-0.129167,-0.134455,-0.234470,-0.276833,-0.061307
0.161218,0.028065,0.074994,0.201969,-0.153535,-0.177731,-0.030088,0.195820,-0.007343,-0.373035,0.325407,0.352768,-0.116884,-0.356993,-0.131840,0.252393,0.275640,-0.014118,0.002397,0.405558
-0.006119,0.007926,0.431495,-0.035421,-0.284600,0.388504,0.354197,0.074668,-0.007373,0.001747,0.109457,0.112818,0.037829,0.005433,0.363085,-0.024245,-0.276281,0.023003,0.462440,0.011747
0.317665,-0.232878,-0.332227,-0.198778,0.230283,0.366407,-0.131170,-0.037252,0.197397,0.314980,-0.186991,0.102203,-0.202628,-0.280369,-0.074570,0.109236,0.246153,-0.179981,-0.167893,-0.217190
-0.185795,-0.213173,0.068598,-0.312466,-0.097545,-0.284824,0.144783,0.082419,-0.293750,0.233571,-0.162833,0.476397,-0.032025,-0.221887,-0.074301,0.144256,-0.289267,-0.122773,-0.284195,-0.221096
-0.065046,0.260203,0.078925,0.210635,-0.233921,0.341584,0.238149,0.228104,0.233857,0.297558,-0.206053,-0.214922,-0.174467,-0.212232,-0.203088,-0.264796,0.211222,-0.219859,-0.229270,0.181886
-0.090559,-0.066479,0.512400,-0.068905,0.009508,-0.150795,0.149335,0.253649,-0.046340,0.109516,0.208403,0.006225,0.465124,0.004646,0.409140,0.285026,-0.000991,0.249199,0.073951,0.142936
-0.261971,-0.167386,-0.110649,-0.245413,-0.266281,-0.184441,-0.237060,-0.300644,0.270371,-0.266957,0.419786,-0.021289,0.218088,-0.149773,-0.218064,0.144938,-0.201133,-0.221717,0.170375,0.033765
-0.184216,0.221061,0.080633,-0.225240,-0.249806,0.156203,0.010495,-0.263263,0.045838,0.320009,0.170277,-0.213917,0.292554,-0.203787,-0.257316,-0.303029,0.211675,-0.219118,-0.261353,-0.279643
-0.192113,0.265823,0.097322,-0.088934,0.248959,0.378171,-0.239169,-0.254142,0.192319,-0.118869,0.080386,-0.256828,0.165302,0.239397,-0.233142,-0.215544,0.201278,-0.245740,0.243357,0.281341
-0.194689,0.141069,-0.146049,-0.008536,-0.296957,0.463886,0.242089,-0.273056,-0.179379,0.187438,-0.250766,-0.141741,0.019879,-0.084714,0.121093,-0.003657,-0.052040,-0.064402,-0.336865,0.437477
0.404028,0.262810,0.060025,-0.001724,0.113633,0.109066,-0.272739,0.017939,0.117451,-0.127591,-0.115983,-0.353343,-0.279319,-0.195596,-0.426672,-0.051663,0.017171,0.016093,0.009179,0.441089
0.135926,-0.234057,-0.321627,-0.136309,-0.286111,-0.023276,0.208490,-0.208995,0.249361,-0.222088,0.447676,0.324911,0.149114,0.051474,0.005492,0.203878,0.131189,0.211620,0.223721,-0.197887
-0.353078,0.294984,-0.296222,-0.090311,-0.264892,0.006083,0.294415,0.056201,0.236437,-0.310112,-0.320609,-0.171733,-0.198251,0.255435,-0.163172,-0.270545,0.014473,0.071729,0.183202,-0.068789
0.424277,0.243543,-0.016852,-0.114404,0.205351,-0.335989,0.167036,-0.162338,0.173356,-0.030958,-0.118661,0.223232,0.321874,0.002010,-0.274510,0.364448,0.281416,-0.078826,-0.213855,0.011818
-0.275381,0.203988,-0.057045,-0.254821,0.110797,-0.250996,-0.316620,-0.154993,0.048826,0.168266,0.002110,0.266838,-0.243248,-0.293508,-0.149607,0.412638,0.278925,0.287108,0.012559,-0.120658
-0.198693,-0.388272,-0.033088,-0.019501,0.026183,-0.287199,-0.318020,0.025338,0.002354,-0.105654,-0.119048,-0.142682,-0.448373,0.101339,-0.248913,0.126066,0.012107,0.005871,-0.001946,0.536936
0.067110,0.238777,-0.264764,-0.246482,-0.220992,0.318020,0.220717,-0.197689,0.194312,0.261027,-0.234528,-0.222580,0.208571,0.210857,-0.181641,-0.249158,-0.220885,0.203361,0.192722,-0.221579
-0.077533,0.000308,0.049195,-0.296694,0.021229,0.109690,0.258192,0.001882,0.147706,-0.032403,0.476223,-0.364184,-0.078512,-0.423233,-0.104364,0.261062,-0.317134,-0.014188,-0.024327,0.276414
-0.003901,-0.152787,-0.222342,0.174195,-0.369587,-0.192468,-0.140571,-0.107081,0.216573,-0.170765,0.451009,0.372266,-0.340103,0.216131,0.018955,-0.079701,0.137550,-0.252408,-0.147738,0.019777
-0.229024,0.004871,0.311381,-0.048224,0.020792,-0.065326,0.010478,0.116508,0.043966,-0.275300,0.158693,0.505213,0.248529,0.017399,0.438717,0.264091,0.036429,0.285603,-0.213967,0.136914
-0.187292,0.217560,-0.159227,0.019978,-0.247302,-0.115981,-0.166331,-0.214864,-0.005566,-0.255443,0.548642,-0.144447,0.199465,-0.210919,-0.317111,-0.101746,0.075833,-0.206633,-0.096846,0.321291
-0.018210,-0.301192,0.222653,-0.269582,-0.015581,0.492403,-0.006153,-0.033564,-0.009865,0.115676,-0.181245,-0.241829,-0.085359,0.156949,0.461338,0.236046,0.024140,0.225675,0.119844,-0.267733
-0.326683,-0.186900,-0.289141,0.255262,-0.128982,-0.241785,-0.256884,0.202030,0.138985,-0.150949,0.318903,0.336300,-0.152418,0.183594,0.276450,0.203946,-0.157488,0.062685,-0.102187,0.238021
-0.313826,-0.093511,0.009276,-0.187701,0.018932,0.062965,0.020532,0.083175,0.123176,-0.158791,-0.147054,0.366923,-0.150620,0.036694,0.611588,0.352881,-0.020341,0.211562,0.075132,0.275192
0.161066,-0.125804,0.345114,-0.089503,-0.270477,-0.233588,-0.196769,0.243966,0.239787,-0.184151,0.438665,-0.106856,0.287943,0.017488,-0.203873,-0.123156,-0.244510,-0.191251,0.259709,-0.078388
-0.175834,-0.080579,-0.055275,-0.035916,-0.083071,-0.240864,0.259494,-0.027719,-0.056563,0.266831,0.323543,0.613888,-0.100415,-0.013048,-0.280887,0.317327,-0.211722,-0.058564,-0.174748,0.025403
0.063509,0.013550,-0.267026,0.169091,-0.295865,-0.243530,0.086077,0.254118,0.180328,-0.254635,0.417798,-0.183944,0.185499,0.037010,-0.199720,-0.249681,-0.261449,-0.303932,-0.033616,0.267290
0.011903,0.193519,0.219645,-0.313528,0.219382,0.402295,0.184981,0.127126,0.227562,0.252900,-0.249631,-0.252530,0.197457,-0.214402,-0.130883,-0.002046,-0.215910,-0.098885,-0.228089,0.321206
0.077807,0.074605,-0.345882,-0.261998,0.304554,0.463901,-0.131487,0.036851,0.005471,0.267973,-0.152140,0.124198,-0.195810,-0.263175,0.367230,-0.031395,-0.074347,-0.052420,-0.095885,0.319645
-0.014661,-0.341909,0.145359,-0.128773,0.074836,-0.186781,-0.131961,0.188247,-0.148478,-0.214293,0.450683,-0.289275,-0.369096,0.092740,-0.111339,0.062240,0.206919,-0.096863,-0.293328,-0.312618
0.205449,-0.252107,-0.190923,-0.115386,0.025020,0.194957,-0.024831,0.260618,0.004335,0.024420,0.055020,0.110443,-0.017586,0.225682,0.684300,-0.381949,0.136571,0.023086,0.192000,0.003620
-0.158141,-0.148104,-0.137848,-0.054866,-0.261149,0.014963,0.116141,0.399585,-0.333047,-0.249118,0.151006,-0.254569,-0.255947,-0.060028,0.497303,-0.145096,-0.059334,-0.026550,-0.215131,0.202222
0.217553,0.294248,-0.223546,-0.269860,-0.227295,-0.014843,0.266925,-0.263073,0.258448,-0.227777,-0.209390,-0.277618,-0.271722,-0.228427,-0.142288,-0.039611,-0.262281,-0.154793,-0.263611,0.035888
-0.112354,0.240296,-0.301686,-0.212055,-0.203956,0.290205,0.189670,-0.215886,-0.236853,-0.090319,-0.180739,-0.241695,0.249503,-0.174721,-0.133796,-0.328326,-0.255321,0.122475,-0.227395,-0.282027
-0.200641,0.253202,-0.014699,0.191398,0.218685,0.314555,-0.214068,0.241166,0.171404,0.301464,0.186781,-0.209476,-0.189753,-0.244725,-0.207695,-0.322066,0.134170,0.247700,0.099267,-0.277545
0.006338,0.216605,0.454655,-0.120587,0.016588,0.110425,0.379116,-0.402059,-0.189468,0.069667,0.266532,0.154210,0.113508,-0.340017,0.001832,0.105738,-0.065305,-0.086151,0.099354,-0.342244
-0.068005,-0.018973,-0.051647,-0.064314,-0.005492,-0.292707,-0.002866,-0.052027,-0.002850,-0.203587,0.411577,0.360969,-0.084769,0.021530,0.703523,-0.088376,-0.065728,-0.187337,0.003147,0.093853
