0.431877,-0.060711,0.293462,0.167712,-0.051019,0.144686,-0.161971,0.063999,0.034951,0.179660,-0.354469,0.068772,0.048467,0.177758,0.405859,0.270848,0.258612,-0.193282,0.039545,0.316189
-0.150947,-0.446799,0.367269,0.085161,-0.002082,0.025741,-0.447590,-0.160980,0.024369,0.082808,-0.397822,0.138925,0.017402,0.108592,-0.019021,0.249551,0.069296,0.343303,0.139698,0.081289
0.309316,0.237018,-0.213883,-0.161024,0.085827,-0.233597,-0.243404,-0.273548,-0.143984,-0.258664,0.357851,-0.207444,-0.249420,-0.186338,-0.210451,-0.286481,0.075676,-0.186853,0.171314,0.168676
0.020873,-0.266813,-0.219127,-0.105904,0.021586,0.409272,0.022911,-0.163346,0.013557,-0.245532,0.432750,0.343629,0.327060,0.036405,0.054512,0.001946,0.104431,-0.298768,-0.028823,-0.309639
-0.172110,0.289746,-0.102137,0.301205,0.046485,0.124836,-0.254081,-0.237189,-0.071082,-0.198388,-0.281230,0.226824,-0.258586,0.214015,-0.199541,0.207271,0.303550,0.145525,-0.259286,0.309453
-0.102812,0.263417,0.170934,0.133200,-0.183371,-0.194164,-0.219273,0.333910,0.077424,0.295536,-0.284661,0.178945,0.284416,-0.119899,0.174056,0.223290,0.216928,-0.237982,-0.271443,0.288086
0.320196,0.258433,-0.250254,-0.205239,0.199679,-0.329167,-0.046563,0.078638,0.228971,0.225212,-0.199965,-0.127041,-0.142459,0.263816,-0.350153,-0.178680,0.255617,0.225212,0.208518,-0.078245
-0.087304,0.032602,-0.261379,-0.147138,-0.274600,0.332708,-0.272832,0.304760,0.231974,-0.257120,-0.251075,-0.140192,0.163571,0.216486,0.260157,-0.163464,-0.189576,0.204899,0.185149,-0.255124
-0.158395,-0.213970,0.090810,0.061799,0.256664,-0.138517,-0.170963,0.339578,0.069475,-0.323023,-0.175548,0.273446,-0.226234,0.256246,-0.284255,-0.268921,0.296138,-0.250202,-0.173275,-0.149702
-0.210655,0.279315,0.196384,-0.255113,0.258785,0.252435,-0.046617,-0.192995,0.185288,0.155121,-0.265190,-0.263314,-0.238110,-0.233280,0.240207,0.045927,-0.171728,0.271836,0.293540,0.212873
0.317313,0.241936,0.291838,0.259460,-0.267849,0.063124,-0.319543,-0.101007,-0.264526,-0.095096,-0.120524,0.094644,0.250185,-0.241224,-0.260571,0.169976,0.322562,-0.233309,0.085732,-0.119799
-0.134036,-0.187020,-0.306458,-0.122671,-0.121261,0.422850,0.209271,-0.197003,-0.278774,-0.208702,-0.297942,-0.133506,0.113211,-0.124226,0.236615,-0.157388,-0.285091,-0.194036,-0.267580,-0.185971
0.324632,0.292469,-0.024519,-0.063902,0.161640,-0.139333,0.145115,-0.109772,-0.258559,0.291093,0.151124,-0.239511,-0.192463,-0.217344,-0.317635,0.095161,0.097192,-0.228724,0.359227,0.330027
-0.129615,-0.185033,-0.249819,-0.206754,-0.259797,0.176755,-0.084889,-0.224073,-0.247985,-0.231239,-0.032361,-0.287102,0.290458,-0.287042,0.286904,-0.191029,0.039437,0.259994,-0.250195,-0.268136
-0.108540,-0.248399,-0.248250,0.259250,-0.204833,-0.067280,-0.265171,-0.283942,0.241617,0.222458,0.373222,0.207886,-0.183395,-0.251578,-0.152753,0.074501,-0.214997,0.182003,-0.201014,-0.253604
0.263546,-0.080315,0.011855,0.211628,-0.027750,-0.005876,-0.239741,-0.502165,0.034519,0.054175,0.210586,0.228989,-0.112700,0.451479,0.032783,0.171866,0.225512,-0.383362,0.015671,0.150309
-0.214567,-0.171973,-0.200859,-0.109368,0.091589,0.016350,-0.278087,-0.074630,0.084740,-0.296805,-0.170686,-0.236042,0.152182,-0.291818,0.346401,0.280468,-0.307987,0.134495,-0.333960,0.262587
0.058333,-0.433563,-0.129591,0.089989,0.002363,0.288703,0.039846,0.128594,-0.449782,0.095482,0.131735,0.161449,0.294453,-0.449981,0.045300,0.241077,0.024977,0.066989,0.244716,0.114265
0.208463,0.262691,0.265304,0.264497,0.007592,-0.133299,0.063996,-0.083371,0.063964,0.227923,0.431030,0.344613,0.155511,0.247268,-0.117318,0.337995,0.290252,0.092005,-0.215261,0.073190
-0.072663,0.162972,0.293328,0.251687,-0.139368,-0.338406,0.218419,-0.195427,0.163452,-0.283523,0.053497,0.361119,0.239496,-0.164979,-0.259871,-0.133363,0.278897,-0.134221,-0.297164,-0.067533
0.295659,-0.011967,0.015937,-0.269634,-0.136141,0.254499,0.082689,0.340170,-0.007529,-0.230094,0.377457,-0.287067,-0.003234,0.044760,0.040576,0.228632,0.335964,-0.270141,0.242888,0.234459
0.056335,0.230125,-0.264621,0.273795,0.199208,-0.270525,-0.202330,0.107141,0.256517,0.241081,-0.255083,0.230674,-0.235843,-0.171032,-0.287912,-0.220739,0.260579,0.176864,-0.119908,-0.247678
0.165615,0.144382,-0.324843,0.168964,0.216157,0.112594,-0.082546,-0.400896,0.440164,0.196020,-0.283150,-0.149184,-0.030649,0.187277,-0.150882,0.070540,0.259827,0.025283,-0.344126,0.076148
0.307197,0.138168,-0.291187,0.313061,0.229849,0.158674,-0.123703,0.335063,-0.149941,-0.184921,0.089721,-0.226255,0.176469,-0.034849,0.179495,-0.147297,-0.246252,-0.164496,0.350651,0.292096
0.185735,-0.032794,-0.268265,-0.094662,0.009095,0.523519,-0.293514,0.035155,0.233308,-0.258704,0.142912,0.128684,0.007051,-0.350259,0.169606,0.266135,0.181775,0.314046,0.065471,0.073053
-0.155412,0.006038,0.546329,0.118322,-0.058367,-0.360090,-0.058351,-0.101697,-0.243652,-0.383147,0.149818,-0.172707,-0.007000,0.129950,0.003347,0.239074,-0.025683,-0.122764,0.259623,0.317547
-0.105811,-0.320384,0.144601,0.079046,-0.109611,-0.117570,0.245808,0.393923,0.249815,-0.108839,0.077980,0.068593,-0.173314,-0.325535,0.317560,-0.029773,0.296458,-0.135950,0.227304,0.369796
0.154820,0.473465,0.394783,0.014684,0.009740,-0.091108,-0.152985,-0.072992,0.117789,0.106548,0.214250,0.263523,0.289969,-0.111403,-0.025586,0.313874,-0.457506,0.006787,0.098635,0.057786
0.272171,-0.175232,-0.006007,-0.005422,-0.011683,-0.388321,-0.014268,0.482099,-0.316293,-0.041036,0.031402,-0.079189,0.284867,0.021981,0.048983,0.204806,0.087057,-0.322192,-0.321185,-0.249185
0.218876,-0.248657,0.208940,-0.300999,-0.142446,-0.266184,0.320750,-0.165998,0.183028,0.212877,0.077551,0.265370,0.234121,0.269169,0.292604,-0.008974,-0.060919,0.018261,0.373902,0.149547
-0.152000,0.247389,-0.230186,0.095362,0.206568,0.182174,0.221893,-0.268320,0.219896,0.251613,-0.173173,-0.184703,-0.168878,0.206240,-0.201518,-0.280111,0.244970,0.251777,0.257602,0.317601
-0.151590,-0.186242,-0.003882,-0.207987,0.212516,-0.200377,0.270054,-0.211492,-0.279241,0.105037,-0.289624,-0.294673,0.280573,0.188316,0.230138,-0.271546,-0.204101,0.269341,-0.206289,0.196784
-0.003529,-0.106732,0.033485,0.304809,0.022906,-0.350145,0.012602,0.240183,-0.001190,-0.069526,-0.346334,-0.435404,-0.006851,-0.115121,-0.193307,-0.189387,0.410779,0.002331,0.372651,0.071311
-0.076537,-0.231670,0.326255,0.238866,-0.205210,-0.005705,-0.326291,-0.293558,0.286293,0.274337,-0.269223,-0.094753,-0.251436,0.221959,-0.294789,0.076606,-0.102021,0.217197,-0.012711,-0.201254
-0.142537,0.126154,0.229883,0.209525,0.225054,-0.126064,0.294673,0.297562,0.234601,0.206780,-0.280035,0.183235,-0.234585,-0.251086,0.187624,0.115175,0.250101,0.252923,0.285537,0.201794
-0.188877,0.266028,-0.283252,-0.218677,-0.218280,0.107022,-0.048209,-0.156642,0.193966,0.218164,-0.287578,-0.265827,0.227938,-0.257646,0.275277,-0.008286,-0.245943,0.260262,0.245597,-0.241318
0.241409,0.166620,-0.359921,-0.118192,0.109236,-0.189616,-0.286991,0.366743,-0.197140,0.172454,0.086044,0.311876,-0.009865,-0.339354,0.177835,-0.213609,0.016693,-0.116229,-0.320264,0.153470
0.007834,0.161052,0.095313,0.174044,-0.223314,-0.034249,-0.319971,0.212170,0.112501,-0.292582,0.473464,0.277512,0.291652,-0.113643,-0.220652,-0.286830,-0.323467,0.004291,-0.053922,0.015875
-0.269764,-0.309287,-0.096410,-0.201911,0.210489,-0.129844,-0.279454,-0.381588,0.254369,0.168959,0.254711,-0.261779,-0.155602,0.065615,0.263149,-0.265299,-0.068453,-0.092771,0.105320,-0.278293
0.390867,0.220899,-0.212404,0.198576,0.220991,0.153348,0.221296,-0.057618,0.284258,0.084754,-0.295814,0.192220,0.290136,0.179834,0.293374,-0.164456,0.273759,0.163208,0.207540,-0.050069
0.298238,0.040014,-0.108514,-0.153299,-0.327446,0.416862,0.126607,-0.129941,-0.192714,-0.255966,0.448542,0.032425,0.303876,0.244520,-0.178797,0.083020,0.096038,0.204460,0.090438,0.071916
-0.022624,0.249425,0.101812,0.338569,0.135474,0.491883,-0.314789,-0.218058,-0.239949,0.252650,-0.216260,0.001781,-0.182352,0.051922,0.220199,0.077294,-0.136466,0.151886,-0.293394,0.137749
-0.275649,0.009620,0.041689,0.072975,0.302714,0.272662,0.280749,0.057735,-0.043618,0.204252,0.344398,-0.253697,0.007803,-0.403634,-0.183902,-0.291591,-0.025037,-0.074851,0.341925,-0.192784
0.281247,0.248755,-0.246263,-0.137122,0.207065,0.179604,0.234077,0.310947,-0.238985,-0.254885,0.109545,-0.249776,0.231460,-0.228906,0.213478,-0.243077,-0.089843,0.223823,-0.183315,0.232567
0.168733,-0.008780,0.228768,0.258269,-0.002113,-0.022495,0.129532,-0.485277,0.404808,0.044569,0.186412,0.119025,0.007780,-0.219765,-0.011726,-0.414764,0.005779,-0.049787,0.278624,0.290158
0.234301,-0.123958,0.380566,-0.137928,0.174740,-0.324874,0.176999,-0.314901,-0.169734,0.114070,-0.091872,0.303677,-0.145125,-0.263605,-0.119065,-0.143783,0.257875,-0.199521,-0.177311,-0.306082
-0.206256,-0.060105,0.272233,0.372071,-0.018192,0.053182,-0.299112,-0.297193,0.048553,0.367447,0.326710,0.291166,-0.193555,0.121589,0.203589,-0.187726,0.254373,-0.101848,0.124663,0.109079
0.274192,-0.321110,-0.267632,0.199480,-0.056965,-0.088146,0.011667,-0.297698,0.288877,-0.281807,-0.177510,-0.073903,-0.307705,-0.154896,-0.250742,-0.056661,-0.300534,-0.135962,-0.226364,-0.256656
0.093056,0.315008,-0.322178,0.111502,0.005615,0.231060,0.331643,0.146386,-0.028777,0.129337,0.060993,0.152501,-0.009940,-0.415736,0.085052,-0.055069,0.462693,-0.002913,0.183793,0.339757
0.318006,-0.218801,0.375083,0.025548,-0.157134,0.206797,-0.075370,-0.275090,-0.096610,-0.116778,0.079391,0.224807,-0.188243,0.142821,-0.271003,-0.263132,0.353794,-0.068541,0.230847,0.315218
-0.137530,-0.139549,0.142470,0.098781,0.241728,0.155623,-0.487595,-0.363079,0.361244,0.180039,0.207216,-0.056031,-0.305946,-0.230392,0.074287,0.215697,-0.152003,0.155073,-0.008228,0.156182
0.023309,-0.171175,-0.301156,-0.057641,-0.122639,-0.254966,0.213988,-0.390707,0.295303,-0.265158,0.179363,-0.106916,0.307302,-0.248724,-0.005170,0.261904,-0.376126,0.001415,-0.124173,0.121335
-0.090246,0.164047,-0.215094,-0.377851,0.082257,-0.103018,-0.021430,-0.104101,0.155864,-0.339792,-0.318826,0.060984,0.250261,0.358812,0.268052,0.255618,-0.345615,-0.056781,0.133051,0.182114
0.404660,0.279333,-0.330005,-0.141334,-0.307132,0.113596,-0.392749,-0.135036,-0.077629,0.116243,0.413969,-0.052500,-0.117536,0.213321,0.204437,0.063234,0.007017,0.018023,0.161608,-0.156059
-0.209117,-0.285728,-0.006863,0.230353,-0.249552,0.357635,-0.276512,-0.230568,-0.022597,-0.150836,-0.245329,-0.196589,0.144476,-0.244991,0.296953,-0.264622,-0.185862,-0.283085,-0.152598,0.050562
0.326050,0.306319,-0.124618,0.229353,0.298547,-0.313181,0.095459,-0.090974,0.297450,0.055764,-0.303416,0.174973,0.355058,-0.196533,-0.205395,0.142375,0.260150,-0.013735,-0.122733,0.052755
0.271627,0.212114,0.248449,-0.241300,-0.187236,0.237603,-0.231625,0.138192,-0.247002,-0.218329,0.403700,0.192421,0.063895,0.148233,0.266006,0.221200,-0.113748,-0.249027,-0.123989,-0.228617
-0.255943,0.066540,0.000046,-0.126650,-0.249343,-0.274248,0.131532,0.179701,-0.041701,0.222459,-0.222968,-0.314603,-0.007636,0.018984,-0.264184,0.080942,0.329071,0.290357,-0.374306,0.343028
-0.228885,0.194940,0.204611,0.320401,-0.000999,-0.085927,0.173982,0.478396,-0.200627,0.198595,-0.353977,-0.145509,-0.010377,0.001570,0.174703,0.112263,0.197146,0.084599,0.269707,0.332276
-0.223326,-0.155034,-0.262267,-0.192885,0.231212,-0.242407,-0.148616,0.308180,-0.236043,-0.237754,-0.235716,0.124690,0.210787,0.229935,0.225395,-0.278415,-0.233063,0.235493,-0.202620,-0.176115
0.208420,-0.182372,0.171156,-0.263381,-0.222972,0.179102,-0.264899,-0.258535,0.271531,-0.229973,-0.230558,0.182164,0.249238,0.274208,0.252261,-0.200529,-0.191458,0.204786,-0.166415,0.213143
-0.058735,-0.227959,-0.269053,-0.209609,0.242915,-0.010783,0.276105,-0.169634,-0.239280,-0.031816,0.222067,-0.265209,-0.246641,-0.254353,-0.265321,-0.180119,-0.210766,0.225334,0.303371,0.265730
0.128977,0.267669,0.144134,0.080820,-0.000177,0.210107,-0.060333,0.309937,-0.076639,-0.349408,-0.177520,0.094447,0.044297,-0.051245,0.063998,-0.098195,0.455868,-0.366198,0.366048,-0.279176
-0.111278,-0.024345,0.337561,0.111137,-0.372602,-0.008068,-0.036825,-0.029524,0.228838,0.416246,0.186785,0.029385,-0.242678,0.409853,0.006778,0.369805,0.149005,0.026592,0.190977,-0.187528
