-0.104486,-0.202049,0.431442,-0.088731,0.010946,0.028885,-0.351633,0.013061,0.042170,0.355107,-0.088047,0.371168,0.288644,0.200955,0.131556,0.267936,0.052946,0.116853,-0.117772,-0.336084
-0.241768,0.234950,-0.316300,0.165482,0.001820,0.078664,-0.085291,-0.079747,0.017954,-0.228588,0.029397,0.270152,0.457750,0.020724,0.340293,0.441480,-0.083333,-0.190419,0.186727,-0.118027
-0.256403,-0.249749,0.245365,-0.248999,-0.148720,0.119757,-0.234401,-0.246182,0.024219,0.155045,-0.235943,0.330138,-0.242311,0.205106,0.285648,-0.130446,-0.239986,-0.215896,-0.215773,-0.241305
0.174708,0.013868,0.232205,0.132351,0.285858,0.194376,-0.302699,-0.263176,-0.077293,0.362909,0.397978,0.175843,-0.183023,-0.196810,0.317348,0.067973,-0.309976,0.018616,-0.078142,-0.101880
0.199420,-0.202809,-0.198654,-0.230706,-0.227435,-0.181914,0.256985,-0.164716,-0.266104,0.249386,-0.259152,0.214283,-0.297590,-0.255002,-0.207456,-0.198388,0.247333,0.164063,0.166293,-0.224974
0.455948,0.006103,0.254468,-0.279102,-0.187761,-0.179222,0.182244,-0.164807,-0.229277,-0.250084,-0.265689,0.237697,-0.181093,-0.039197,0.136518,-0.171041,-0.174478,-0.295599,0.145957,-0.241092
-0.174768,-0.233246,-0.217619,0.012581,0.049519,-0.265017,-0.251210,-0.263575,-0.148094,0.048982,0.088020,0.306498,0.287715,-0.236904,0.238277,-0.214447,-0.371265,0.161839,0.069554,0.354566
-0.235234,0.245238,-0.212488,-0.216398,-0.166739,-0.200935,-0.056480,0.275313,0.267005,-0.276941,-0.266254,-0.142283,0.247282,-0.086150,0.280746,-0.163528,0.215190,0.259195,0.218953,-0.265888
-0.092183,0.306395,0.112164,-0.257942,0.228876,-0.219991,0.238846,-0.179722,0.236475,-0.233903,0.169165,-0.272571,0.180563,-0.268416,0.244282,0.064161,0.299550,0.236209,-0.224389,0.224775
-0.082500,0.257905,-0.002700,0.218121,-0.193150,0.223152,-0.245651,0.160205,-0.249756,0.206314,-0.237025,-0.272409,-0.271459,-0.215920,0.229079,-0.281354,0.298844,-0.254570,-0.231414,-0.105050
0.337522,-0.183854,-0.287113,-0.210527,0.186781,-0.188894,0.267492,-0.015650,-0.150613,0.178719,-0.309734,-0.096350,0.276688,0.108482,-0.325642,-0.124567,-0.279044,0.171191,-0.118215,0.303779
-0.203214,-0.252361,-0.109669,-0.261046,0.248552,-0.114518,0.217643,0.016475,-0.268186,0.375185,0.310405,-0.219768,-0.252678,-0.138003,0.265340,0.206457,-0.123955,0.190046,0.239757,-0.173464
0.380119,0.095802,0.214669,-0.149831,-0.239040,0.258789,-0.102368,-0.251565,-0.111547,-0.007127,-0.285189,-0.263328,-0.284900,-0.176291,-0.233466,0.140676,-0.242740,0.157806,0.233189,0.303333
-0.144957,0.280834,0.156054,-0.222712,-0.261560,0.198794,0.271462,-0.092470,-0.256128,-0.193746,0.178655,-0.286453,-0.245329,-0.203093,0.226396,-0.239521,0.289298,0.262124,0.165531,-0.170343
-0.195042,-0.293992,-0.060728,0.220806,0.197790,-0.105857,0.098229,0.157781,0.241248,0.205074,0.303316,0.359853,0.265311,0.196467,-0.236901,-0.204517,0.154423,0.258830,-0.183279,-0.291709
0.241956,0.256032,0.366321,0.103472,0.344161,0.182075,-0.105660,0.041573,0.313293,0.113422,0.132293,-0.182420,0.051870,0.218699,-0.017982,0.224923,-0.328120,-0.227391,0.189447,-0.328678
-0.133687,0.132403,-0.193200,0.235486,0.211124,-0.221002,0.284572,-0.154363,-0.246383,0.411033,-0.230847,-0.140017,-0.102367,-0.304528,0.356059,0.217544,-0.269576,-0.100347,-0.059210,0.086480
0.439202,0.150606,0.337667,0.239528,0.365982,0.352559,-0.023729,0.043065,-0.017285,0.313821,0.141019,0.182269,-0.041228,-0.297197,0.075654,-0.025136,0.210177,0.006798,0.166937,-0.178910
0.071165,-0.100777,0.475796,0.047175,-0.072093,0.158244,-0.366053,-0.235493,0.038109,0.339698,0.133788,0.346064,0.018386,-0.048899,-0.001728,-0.174939,0.008807,0.008313,0.228893,-0.442832
0.347067,0.037857,0.410310,-0.084980,-0.022604,0.172109,-0.209462,-0.326949,0.004120,-0.251216,-0.284117,0.345558,-0.173923,0.130073,-0.182210,0.144840,-0.275139,0.088186,-0.129094,0.238501
0.185011,-0.385312,0.137169,0.040095,-0.009598,0.186039,-0.012736,0.120691,0.034463,0.297096,0.139467,0.518008,0.311599,0.123332,0.296892,0.146769,0.301679,0.006617,-0.166316,0.171780
0.280534,-0.224868,0.235225,0.297308,0.140118,0.207948,0.155547,-0.216969,0.210146,0.208607,-0.234855,0.269023,-0.231995,0.196382,-0.214712,0.169809,-0.240830,-0.065255,0.233198,0.306099
0.458691,-0.375966,-0.176272,0.227158,-0.442970,0.183249,0.018901,-0.000849,-0.001247,0.197811,0.054369,0.360780,0.077465,-0.050572,0.060483,0.303107,0.100560,-0.020142,-0.145284,-0.165693
-0.103448,-0.259872,-0.191530,-0.239026,0.305202,-0.325112,0.328286,0.185494,-0.340276,-0.011429,-0.185762,-0.036714,-0.044644,-0.281975,0.159174,-0.313126,-0.103525,-0.030219,0.236756,0.250155
0.060173,-0.007726,-0.033024,-0.138452,-0.245449,0.387261,0.323307,0.355193,-0.177636,-0.048418,-0.221170,0.095653,-0.337923,0.094494,0.125562,0.020313,0.033453,-0.361631,-0.395239,0.125621
0.130956,0.007690,0.493797,-0.334454,0.025736,0.086930,0.088592,0.004975,0.009428,0.365432,-0.060816,0.038106,-0.344751,-0.330931,-0.125051,0.438151,-0.131954,0.054543,-0.028894,0.122554
0.141830,-0.150605,-0.200385,-0.198196,0.059829,-0.128496,0.267470,0.194827,-0.314521,-0.280595,0.087731,-0.164726,-0.182976,0.322296,0.035827,-0.196037,-0.290676,-0.285102,-0.314544,0.306444
-0.191907,-0.128918,-0.287945,0.112331,0.340385,0.113108,0.083932,0.006484,-0.196859,0.228943,0.050123,0.313311,-0.243949,0.256543,-0.173781,0.414234,-0.336737,0.005971,0.287887,-0.003670
-0.363711,0.021738,0.121510,0.327445,0.420151,0.117178,-0.019875,0.225624,0.034884,0.181020,-0.437443,0.063880,-0.002884,-0.025057,0.026726,0.341979,-0.355568,0.104107,0.031500,0.133107
-0.024485,0.297327,-0.227103,0.242791,-0.239523,-0.246122,-0.090740,-0.158474,0.220886,-0.259706,-0.206756,-0.277184,-0.269732,-0.271113,0.200215,-0.209887,-0.213726,-0.244293,0.262554,-0.093129
-0.092814,-0.202703,0.088393,0.284973,0.236499,-0.282336,-0.054083,-0.254683,0.283058,-0.188606,-0.038019,0.303047,-0.212151,0.245439,-0.258469,-0.245810,-0.261215,-0.222457,0.077183,0.304481
-0.204751,0.266037,-0.245175,-0.206518,-0.192859,-0.182033,0.232945,0.266178,-0.236247,-0.193954,-0.217334,-0.261117,0.152352,-0.079903,-0.200112,-0.255946,0.269551,0.187408,-0.208594,0.306283
-0.201354,-0.399660,0.280950,0.524660,0.009683,0.196783,0.002190,0.180350,0.131854,-0.097418,0.112855,0.061980,0.030094,0.103685,0.214858,0.191462,0.047446,0.389827,-0.090383,0.271777
-0.241337,-0.203113,0.241478,0.233896,-0.236226,-0.238587,-0.049548,-0.298051,0.246787,-0.208567,-0.196408,0.332581,0.262529,0.218568,0.081714,0.284694,-0.005875,0.254282,-0.135017,-0.206234
-0.244010,0.322529,0.171247,0.266584,0.002726,-0.293194,0.291824,-0.197976,-0.195457,-0.273516,-0.060062,0.009053,0.252391,-0.212640,-0.165958,0.142313,0.304135,-0.222326,-0.271621,-0.191299
-0.198488,0.268024,-0.257283,-0.232782,0.253451,0.282565,0.206349,-0.169776,-0.275203,-0.181626,0.140477,-0.260955,0.209198,-0.225179,-0.237235,-0.277328,-0.125038,0.231795,0.201784,-0.136389
-0.225191,0.263715,-0.076324,0.002725,0.037858,0.307150,-0.316364,-0.237006,-0.281565,0.083061,0.040013,0.259517,-0.268330,0.198723,0.170882,0.268340,0.329093,-0.264972,-0.223202,-0.160373
-0.170420,0.223875,0.160704,-0.006916,0.060266,0.136179,-0.274910,0.256635,-0.323752,0.461507,-0.148678,0.022826,-0.169301,0.112387,-0.301734,0.146229,0.273851,-0.325617,-0.158436,0.176285
-0.239734,-0.253645,-0.214953,0.089571,-0.274952,-0.077269,0.195801,-0.240281,0.271919,-0.025219,0.202635,0.294765,0.249185,0.026446,0.269307,0.315480,-0.194557,0.243978,0.240006,-0.232318
0.418846,0.094032,-0.166723,0.077083,0.236736,0.340976,0.269093,-0.053948,-0.114557,0.223877,-0.255077,0.282864,-0.221814,0.266495,-0.188861,-0.216369,0.191116,0.120996,0.126115,0.237198
-0.149965,-0.240814,0.027895,0.306539,0.259896,0.306714,0.027397,-0.200196,0.301018,0.314471,-0.288834,0.308593,0.009294,-0.307902,-0.218401,0.160997,0.015793,-0.239534,-0.163334,0.036819
-0.270227,0.015309,0.037717,0.273595,-0.056886,0.177790,-0.024335,0.156095,0.237283,-0.203777,0.401761,0.269772,0.339733,-0.263093,0.331909,0.230133,-0.140330,-0.301821,0.003138,0.009307
-0.236677,0.234327,-0.321181,-0.057419,-0.011754,0.206789,0.318330,0.004671,0.011966,-0.073850,0.414328,0.306742,0.310274,-0.190739,0.290147,-0.310058,0.112621,-0.062911,0.049282,-0.186995
0.316852,-0.246867,-0.203335,0.291345,0.107908,-0.283143,-0.171411,0.302966,-0.232098,-0.253712,0.207488,-0.281361,0.074181,-0.273474,-0.236530,0.108809,0.175241,-0.231807,-0.019323,-0.161560
-0.201321,-0.157198,0.458652,0.125847,-0.014375,0.347561,-0.009639,0.238194,-0.215471,-0.084352,-0.049740,0.275888,-0.326511,0.080783,0.262019,0.400545,0.012137,0.031675,-0.233038,-0.030173
-0.141855,0.142303,0.030746,-0.253890,0.179988,0.166629,0.176128,-0.340319,-0.200233,0.353112,-0.220989,-0.242627,0.271991,0.237955,-0.179952,0.212561,-0.289633,0.193993,0.238072,-0.168440
-0.313526,-0.150629,0.342760,0.319881,-0.042050,0.100478,0.298036,-0.225327,-0.004295,0.361215,-0.062240,0.044143,0.224287,0.169347,-0.164706,0.327119,-0.261567,-0.003033,-0.276321,-0.116307
-0.307971,-0.257738,0.232594,0.030375,0.215527,0.306322,0.107620,0.084147,0.244707,0.379978,0.149320,0.312500,-0.142463,0.195855,-0.193093,-0.211307,-0.206442,-0.190123,0.128837,-0.254133
0.171720,0.107459,-0.234027,0.043376,-0.010742,-0.158382,0.282819,-0.255264,-0.243970,0.363753,0.077408,0.156142,0.003114,-0.083990,0.069644,0.213918,0.329658,0.308424,-0.486149,-0.109280
0.380205,-0.162833,-0.114531,0.086201,0.021384,-0.145877,-0.238399,-0.249581,-0.097107,0.230558,-0.334815,0.270343,0.156151,0.254692,0.165582,0.279926,0.158361,-0.136301,0.299861,0.301904
0.351497,-0.083223,0.326320,0.009065,0.263559,0.187352,-0.002325,0.048011,-0.063803,-0.120569,0.168712,0.474556,-0.052793,-0.268346,0.186416,0.284805,-0.397149,0.117938,-0.072747,-0.127347
-0.225613,-0.028036,-0.148236,-0.135779,0.292755,0.294643,0.051767,-0.109297,0.286419,0.388657,-0.085040,0.041900,0.258813,-0.203152,0.320024,-0.286353,-0.285280,-0.102725,-0.140296,-0.272748
-0.182558,0.242491,0.578298,0.016863,0.168831,-0.349928,-0.053108,-0.176043,-0.113097,-0.233650,0.037641,-0.116271,0.040163,-0.142541,0.287891,0.311335,-0.232429,0.021482,0.216144,0.055942
-0.143218,0.073303,-0.046412,-0.307422,0.188303,-0.176406,-0.085951,0.309227,-0.007163,-0.246647,0.361338,0.246684,0.315713,0.221520,-0.270852,0.212030,-0.265207,0.028077,-0.324164,0.110879
-0.023881,-0.131776,-0.319235,-0.193845,-0.176563,-0.211202,0.090041,-0.287739,0.130755,-0.139454,-0.179802,0.213276,0.224821,0.225237,0.335420,0.232533,0.337719,0.139023,0.279349,-0.286817
0.425605,0.017857,-0.029544,-0.363143,0.138595,-0.199576,0.285472,-0.256506,-0.053477,-0.206623,-0.245018,-0.125774,-0.342138,0.070690,0.126112,-0.103108,0.409016,0.070369,0.080619,0.175287
-0.195815,-0.281650,0.066755,-0.125268,-0.011069,-0.106095,-0.279736,0.094470,-0.201553,0.171540,0.314883,0.323930,0.325030,-0.241841,0.267880,-0.107520,-0.220027,-0.242750,0.275907,-0.242029
0.093303,0.137016,-0.253986,-0.157847,0.267280,0.237748,0.267700,0.214757,0.043892,-0.131739,-0.458295,0.180260,-0.340957,0.259346,0.075433,0.042891,0.297454,-0.005399,0.052403,0.305360
-0.097899,-0.285856,-0.066762,0.146858,-0.340171,0.125399,-0.074501,-0.229931,0.329728,0.395436,-0.115017,0.111674,0.101899,-0.248655,0.372794,-0.225669,0.154703,-0.107348,0.061963,0.317201
-0.196930,-0.182485,-0.133330,-0.238011,0.191232,-0.183692,0.292148,-0.235096,-0.269625,0.219761,0.128768,-0.296560,-0.288482,-0.242054,-0.236115,0.077766,0.296688,-0.240866,-0.241681,-0.094754
0.309084,0.323633,0.139163,-0.227083,0.212058,-0.250803,-0.192623,-0.205116,0.199415,0.179373,0.257425,-0.291259,-0.273217,0.182879,-0.236216,0.160454,-0.218926,-0.102981,-0.208289,-0.164785
-0.189624,-0.153484,0.031467,-0.233316,-0.164874,-0.284149,-0.265441,-0.175260,0.282817,-0.297552,0.266259,0.119061,0.033879,-0.274148,-0.250587,0.060683,0.302738,-0.260123,0.276593,-0.209212
0.124396,0.075872,0.057437,0.017406,0.293932,0.147472,-0.416806,0.313998,-0.036765,0.363691,-0.355849,-0.108766,0.080101,0.144446,-0.186529,-0.255504,-0.100294,-0.244427,-0.008412,0.354102
0.062521,0.052536,0.518038,0.119011,0.274731,0.064376,-0.022052,-0.065243,0.021077,0.270563,0.047261,-0.152598,0.177838,-0.095883,-0.125572,-0.300410,-0.000958,0.287126,0.426331,-0.340935
