-0.257326,0.306887,-0.188241,-0.116066,0.014730,-0.123122,0.074605,0.211621,0.303298,0.384831,0.208191,-0.273675,0.276695,0.155841,0.078046,0.192983,-0.097203,0.318504,0.020698,-0.333384
0.045831,-0.319449,0.100744,0.254797,-0.115208,0.073981,-0.272366,0.441674,-0.132709,0.045979,0.222435,-0.041880,0.200091,-0.256514,-0.073575,0.146079,0.456172,-0.055645,-0.211374,-0.270856
0.197294,-0.129929,-0.189728,0.339183,-0.167622,0.212423,-0.219430,-0.283725,0.069550,0.300389,-0.289022,0.029181,-0.096669,0.210266,0.066952,-0.165902,-0.315490,-0.048818,-0.337078,-0.332753
-0.263269,0.322325,0.264235,0.131927,-0.016228,0.227237,-0.033688,0.263747,0.262535,0.325000,0.466612,0.183420,-0.000752,-0.163463,0.004757,0.316654,0.078776,-0.196833,-0.132184,-0.040249
-0.002237,-0.156605,-0.144632,-0.263477,-0.180864,0.385363,-0.229049,0.239384,0.144914,-0.176241,-0.213817,-0.271362,-0.239504,0.310660,0.268132,-0.130945,0.271779,0.294357,0.083754,-0.110873
-0.121719,-0.158518,-0.197395,-0.031434,-0.202374,0.351582,-0.260772,0.089020,0.255675,-0.228360,-0.220009,-0.238713,-0.086996,0.356070,-0.254350,-0.147005,0.301348,0.294897,-0.188470,-0.150834
-0.187402,0.090556,0.346819,-0.138071,-0.242002,0.219667,-0.176723,0.219016,-0.202456,-0.304387,-0.216576,-0.118087,-0.176647,0.346654,0.253059,0.028866,0.305952,0.303667,0.112889,-0.148379
-0.123038,-0.223445,-0.256783,-0.112998,0.251117,0.321455,-0.205313,-0.186297,-0.113291,0.299656,-0.240458,-0.272835,0.140361,-0.246098,-0.166851,-0.160890,-0.253567,-0.260530,-0.213940,-0.257205
-0.159104,0.239486,-0.281293,-0.154124,0.272934,-0.050191,-0.253570,-0.275040,0.251696,0.272980,-0.056495,-0.231244,-0.243401,0.017196,-0.284450,-0.206176,-0.240086,0.227583,-0.228493,-0.241572
-0.171512,-0.274986,-0.274476,0.208253,-0.215100,0.265103,0.233389,-0.223663,0.223807,0.251264,-0.265448,-0.194661,0.255552,-0.193794,0.205427,-0.103072,-0.266202,-0.226723,0.235886,-0.006434
0.118257,0.273393,-0.196468,-0.111875,0.094184,0.146818,-0.034889,-0.282970,-0.193666,-0.343489,0.227175,-0.242442,-0.023382,0.327250,-0.119862,-0.090122,0.340575,0.284441,-0.286360,0.271172
-0.090057,0.326610,-0.289507,-0.320290,0.235480,-0.124059,0.162219,0.203929,-0.351998,-0.141161,0.232608,-0.021799,-0.053585,-0.279071,-0.154675,0.075393,0.025486,-0.300359,-0.177961,0.358840
0.299291,0.042937,0.200411,-0.142135,-0.274996,0.304173,-0.266356,-0.199889,-0.130312,-0.229959,-0.195256,0.146583,0.158030,-0.142113,0.217586,-0.209494,0.328469,0.270208,-0.241007,-0.253585
-0.136190,-0.240902,-0.156571,-0.267978,0.217288,0.240938,-0.123579,0.275333,-0.234208,0.212614,0.178932,-0.228404,0.087516,0.078232,-0.274017,-0.236762,-0.307049,0.199003,0.263370,0.313586
-0.324767,-0.238455,0.319911,-0.227211,-0.239405,0.100172,-0.176390,-0.041649,0.235783,0.265914,-0.266950,-0.196786,-0.299483,0.292283,0.109374,0.062744,0.199460,-0.123153,0.217241,-0.232478
0.195773,-0.087864,0.282322,-0.051468,0.298321,0.007732,0.121872,0.339785,-0.279446,0.019515,0.213772,-0.098434,0.086777,0.629177,0.048222,0.224037,0.101461,0.223598,-0.046530,-0.003234
-0.104384,-0.183482,-0.100197,-0.259136,0.306365,0.386888,0.190610,0.146559,-0.241345,0.077005,-0.189550,-0.171633,-0.324160,-0.270024,-0.093994,0.279170,-0.226235,-0.135727,-0.192935,-0.275206
0.235543,0.293383,0.127197,0.246077,0.132592,0.258895,0.006372,0.276930,0.156639,-0.226062,0.394853,-0.318792,-0.006337,-0.114635,0.317602,-0.009475,0.001334,0.150314,-0.057281,0.383638
-0.096523,-0.285768,0.450506,-0.063030,0.017083,-0.077496,-0.217400,0.309958,0.118367,-0.221946,-0.186364,0.003210,0.012048,0.575079,0.002201,0.023507,-0.093450,0.236492,0.025440,-0.240245
-0.230869,0.348417,0.505630,-0.021377,-0.204973,-0.211293,-0.169493,0.271989,0.050185,-0.317434,-0.040598,0.103779,-0.151212,-0.058145,0.192933,0.161424,0.017505,-0.316035,0.163685,-0.218210
0.403089,-0.028358,0.140025,0.140557,-0.002411,0.288927,0.047345,-0.105193,0.277660,-0.044030,-0.401458,0.047395,0.007550,-0.144370,-0.002755,0.405716,0.060901,0.123853,0.419266,0.278866
-0.193912,-0.222802,0.242732,-0.095637,0.191147,0.291928,0.182043,-0.216396,-0.199652,-0.283899,-0.204299,-0.245677,0.163895,-0.181311,0.244490,0.134904,0.310835,0.244157,-0.284928,0.212808
-0.138110,-0.036889,0.053893,0.163820,0.023891,0.143816,0.148227,0.186792,-0.337652,0.321269,0.152039,-0.142247,-0.286922,0.555525,0.025210,0.157199,0.044153,-0.340828,0.014373,-0.276649
-0.274741,0.074790,0.146886,-0.196740,-0.186985,-0.112927,-0.115979,0.282730,-0.305357,-0.268756,-0.212715,-0.012356,-0.154971,0.139064,0.006569,0.301558,-0.285561,-0.238245,-0.280541,0.394108
-0.060210,0.074811,-0.354722,0.153516,-0.023099,0.462316,-0.234400,0.038738,-0.166559,0.281630,-0.214861,-0.252752,-0.049663,0.057094,0.014540,0.158311,-0.397210,-0.383474,0.000600,-0.133173
-0.138156,-0.125690,0.538429,0.288231,0.310262,-0.000607,0.061423,-0.112462,0.120621,-0.264025,-0.302580,0.078703,0.027180,0.396707,0.109527,0.034867,-0.197230,0.013828,-0.199482,-0.217327
0.353693,0.085579,-0.226719,-0.187485,-0.311798,0.368238,-0.216448,-0.261813,0.300504,-0.172524,-0.022956,0.143821,0.086351,-0.131118,-0.312047,-0.193218,0.006423,0.074592,0.172661,-0.311065
0.385466,-0.365229,0.048738,-0.327036,-0.019475,-0.240022,-0.017628,-0.060470,-0.402040,-0.441619,0.109484,0.033927,-0.238578,0.230814,0.002389,0.116556,-0.014331,-0.220972,-0.014361,-0.062543
0.466528,0.381149,0.157148,-0.125287,-0.010940,0.250634,0.003969,0.058413,0.125995,-0.346324,0.113615,0.028977,-0.209822,0.266290,-0.000909,-0.223918,0.442347,-0.066965,0.124398,0.007186
0.227051,-0.084787,-0.271843,0.197851,-0.093898,-0.264567,0.241909,-0.163509,0.095817,-0.215246,-0.270534,0.268181,0.311941,-0.262034,0.225206,-0.133698,-0.210509,0.203018,0.151883,0.346938
-0.185370,-0.255845,0.293571,-0.249638,-0.199180,0.290825,-0.257096,-0.225366,-0.167263,0.045859,-0.048257,0.116852,-0.179700,-0.050561,0.194960,0.200596,0.298693,0.311342,-0.275344,0.299019
-0.088115,0.217585,0.053610,-0.279678,0.255755,0.269785,0.282180,0.195192,-0.215447,-0.270413,-0.191910,0.284701,-0.204926,-0.209496,-0.222096,0.120855,-0.238582,-0.252540,-0.279870,-0.147018
0.453737,-0.103040,0.028392,0.144563,-0.162908,0.206973,-0.328141,0.348519,0.104632,-0.014899,0.293629,-0.131165,-0.498537,-0.014936,0.074191,0.162182,0.060202,0.169459,0.188620,-0.014218
-0.302200,-0.189512,0.303509,-0.101595,0.152553,-0.243259,-0.045136,0.095045,-0.249325,0.122855,0.426178,-0.242005,-0.090711,0.224610,0.268796,-0.247088,0.093620,0.236917,0.130025,-0.292522
-0.139073,-0.166345,0.108900,-0.292845,0.220524,-0.283467,-0.250164,-0.230227,-0.222142,-0.282392,-0.274858,0.261708,0.309562,-0.031863,-0.245479,-0.292429,-0.228755,-0.104943,-0.060253,-0.167565
0.175001,0.222201,-0.261059,-0.241757,0.212317,0.329021,-0.202069,0.205249,0.222161,0.312663,0.119100,0.137952,-0.212151,-0.228923,0.217707,-0.201510,-0.211709,0.173182,-0.227502,0.254549
0.365509,0.169561,-0.264651,0.028772,0.014094,0.090281,-0.357274,0.098768,0.255194,0.083360,0.178245,0.201007,-0.302681,-0.319497,-0.153942,0.377153,-0.166947,0.084244,0.040727,-0.283765
0.407862,-0.286894,0.227415,-0.000191,0.073713,-0.181028,-0.344352,-0.320119,-0.020871,0.493115,0.247889,0.068821,0.038347,0.130599,0.009964,0.088039,-0.023936,-0.202911,0.223177,0.112470
-0.237987,0.158426,0.336877,0.026909,-0.347345,0.250591,-0.182731,0.275081,-0.167118,0.155214,-0.263432,-0.307404,-0.061815,-0.174481,0.123058,-0.033762,-0.303860,-0.185882,-0.270406,-0.212332
0.307339,0.194542,0.190115,-0.042708,-0.144116,0.363117,0.100149,-0.147505,0.033706,-0.178094,-0.182073,-0.302935,-0.292850,0.412424,-0.213357,-0.160006,0.329726,0.099064,0.198765,0.050264
0.012018,0.267217,0.217552,0.265439,0.170421,-0.175208,-0.122838,0.199710,0.253844,0.295791,0.422607,-0.111710,-0.127329,0.150223,0.117172,0.327142,-0.265083,-0.086680,-0.308579,-0.142867
0.229349,-0.224499,-0.173995,0.283951,0.003015,-0.200420,-0.354179,0.179095,0.104482,0.148468,0.129489,0.250558,-0.340382,-0.027572,-0.022032,-0.237779,-0.376667,-0.138067,-0.350406,0.136113
0.050921,-0.255700,0.220808,-0.268113,-0.096251,0.143063,0.032464,-0.228833,0.368527,0.241142,-0.247320,0.410465,0.029062,-0.202282,-0.026150,0.366325,-0.070485,-0.202414,0.234557,0.164395
0.278828,0.249743,-0.279687,-0.263550,0.205150,-0.147241,0.227651,-0.244524,-0.245088,0.215356,-0.060915,0.242994,-0.236201,-0.114745,-0.202488,-0.194059,-0.274618,-0.236305,-0.249481,-0.162787
0.180451,-0.005480,0.456484,0.356413,-0.207783,-0.011179,0.363533,-0.030993,0.078171,-0.055037,0.364945,0.053770,0.156910,0.196415,0.236104,-0.167839,0.016225,0.202789,-0.071286,-0.341739
-0.360810,-0.132071,0.443318,-0.022791,0.162544,0.221837,-0.262413,0.133019,-0.024780,-0.193964,-0.131370,0.046969,-0.313736,0.142645,0.236585,-0.212600,-0.137553,0.215126,0.281263,-0.266791
0.241797,-0.013490,-0.236577,0.006427,0.304100,0.088793,-0.225107,0.073211,-0.220578,0.302210,0.235146,-0.019659,-0.064752,0.548305,-0.166143,0.154079,0.294219,0.235637,-0.153752,-0.106672
-0.067129,-0.131096,0.180189,0.080586,-0.282341,0.166776,-0.262326,0.316920,0.229135,0.167748,0.460075,0.287856,-0.033611,-0.167679,0.149014,-0.130817,-0.308326,-0.138787,-0.245651,-0.210129
-0.299855,-0.006588,0.056522,0.148186,-0.294802,-0.132639,-0.001596,0.042418,0.505666,0.070140,0.392670,-0.384729,0.002124,0.297923,0.004735,0.348002,0.067033,-0.014620,0.030824,0.014685
-0.248167,-0.187886,0.311505,0.220314,0.004179,-0.241573,0.283784,-0.222691,-0.009123,-0.227307,0.407860,0.134807,0.338070,0.189916,-0.087155,-0.185402,-0.079056,-0.020472,-0.347287,-0.114707
0.011929,0.175928,0.429979,0.021059,0.367216,0.272429,0.011990,0.130735,0.026819,0.094250,0.157821,0.082401,0.001068,0.395318,0.043786,0.217311,-0.325470,0.281651,-0.348666,-0.061131
-0.183878,-0.239024,-0.249260,-0.039007,0.168242,-0.211969,0.018436,0.321653,0.016612,0.283672,0.399846,0.024730,0.078262,-0.191248,-0.253367,0.347605,-0.274152,0.160783,-0.152121,-0.274331
-0.284807,0.045963,-0.096902,-0.300088,0.031979,-0.043597,0.106659,0.021071,0.190957,0.376810,0.131553,0.055816,0.282722,-0.271083,-0.057889,-0.091611,0.403083,0.478749,-0.118725,-0.181053
-0.356973,0.030363,-0.122873,0.007366,0.141137,-0.057553,0.048990,-0.321955,0.134269,0.464098,0.080934,0.309551,-0.237876,0.176151,-0.331577,-0.057032,-0.324714,0.130032,0.089381,-0.245512
-0.175949,-0.151265,-0.231040,0.121411,0.142224,0.371133,-0.224153,0.166588,0.218870,0.281725,0.042771,-0.236548,-0.247224,-0.246076,-0.212823,0.316464,-0.228127,0.131023,-0.266876,0.222422
0.418871,0.053136,0.112607,-0.262154,0.324266,0.416633,0.236756,-0.167587,-0.002692,-0.122649,-0.072274,0.030336,-0.197069,-0.272892,-0.063609,0.157482,0.343471,0.066507,-0.142346,-0.267289
-0.324891,-0.099360,-0.203096,0.032153,0.309928,-0.222581,-0.234848,-0.136924,-0.206144,0.296293,0.133193,0.179186,-0.312480,0.327042,-0.153184,0.267508,-0.316662,0.149342,0.086098,0.114205
0.366683,0.243335,0.188695,0.308276,-0.192944,0.051943,-0.057030,0.368795,-0.328039,-0.019628,0.137227,0.019484,-0.035975,0.539198,0.006737,0.008840,0.238088,0.140938,0.020066,0.013925
-0.171683,-0.279553,0.136238,-0.248249,0.291404,0.487630,-0.094618,-0.151622,-0.201818,-0.261105,-0.153049,-0.142675,0.310509,-0.218510,-0.039431,-0.119840,0.336929,0.052658,-0.148207,-0.080755
-0.221252,-0.181225,-0.250240,-0.266249,0.237271,-0.223040,-0.193228,-0.229345,-0.224487,-0.156225,-0.251610,-0.229320,0.246847,-0.208945,-0.005273,-0.221913,-0.239007,0.164488,0.232908,0.325161
-0.185577,0.217650,-0.243761,0.217850,0.220278,0.208813,0.176541,-0.168600,-0.229218,-0.239608,0.184163,0.274936,0.340264,-0.255704,0.038589,0.233838,0.173349,0.063882,0.174883,0.371599
-0.243186,0.190188,-0.164704,-0.258668,0.273693,0.205919,-0.208112,0.258825,-0.174456,-0.266760,-0.292242,0.223635,-0.229425,-0.251771,-0.249373,0.221677,-0.181742,0.093794,-0.258821,0.099296
0.118919,-0.001227,0.097465,0.493151,-0.230936,0.135712,0.085832,0.391888,-0.117577,0.048494,-0.200775,-0.420890,-0.010634,0.342595,0.003121,0.072919,-0.062542,0.135739,0.308095,0.163590
-0.305717,0.090399,0.560392,0.175618,0.356697,0.050180,0.031604,-0.009814,0.099264,-0.108451,-0.158755,0.041393,-0.384977,-0.039519,-0.071284,0.313936,-0.173449,-0.231297,-0.107144,-0.160121
