-0.248398,-0.357199,0.338179,0.115492,0.171031,-0.117930,-0.458808,0.122206,-0.031072,0.235637,0.157144,-0.222508,-0.036259,0.270778,-0.211727,-0.081602,0.385610,0.047272,-0.071085,-0.040081
-0.091756,0.105778,0.393781,-0.250383,-0.001434,-0.364751,-0.124745,-0.319469,0.218791,0.144413,0.137947,0.267485,0.035338,-0.129199,-0.012798,0.393887,-0.266789,0.311242,-0.106578,0.002951
0.294943,0.163398,0.225545,-0.248752,0.191715,0.275196,-0.117527,-0.292065,0.283919,-0.208979,0.325549,0.304008,-0.009024,-0.236487,0.235443,0.106435,0.086260,-0.246855,-0.010961,-0.219105
-0.204052,0.203670,-0.277681,0.323775,0.228224,0.457007,0.013831,-0.091814,0.023103,0.087623,0.010336,-0.299849,0.339777,0.075772,0.248980,0.088069,0.099652,-0.218074,-0.318907,0.130495
0.329247,0.197965,-0.222745,0.237793,0.250340,-0.167973,0.159358,0.278081,0.221867,-0.043151,-0.284189,-0.112024,-0.211680,0.266891,0.268400,0.167865,0.261055,-0.177041,0.133419,0.273287
0.035712,0.237336,-0.110158,0.315903,-0.286384,-0.203058,-0.220625,-0.232495,0.226872,-0.060115,-0.302512,0.064812,0.055707,-0.270755,-0.177528,-0.218458,0.236564,-0.230800,-0.307140,0.307364
0.127540,0.177010,0.309004,0.306928,0.291585,0.233641,-0.197538,-0.030659,-0.216299,0.227299,0.206063,-0.250873,-0.146207,-0.283313,-0.255009,-0.201081,0.184254,-0.247368,-0.004562,-0.277534
-0.098113,0.268692,-0.245146,0.337390,-0.126935,-0.213031,-0.037485,-0.228743,0.092581,0.324924,-0.325543,-0.301661,-0.153844,-0.154165,-0.119277,0.193451,0.341445,-0.226043,-0.098098,-0.203752
-0.153809,-0.133730,-0.237943,-0.205181,0.215536,-0.225872,0.221150,0.300217,-0.241173,-0.212131,-0.228901,-0.249363,0.043336,-0.231984,0.238260,-0.266151,-0.204137,-0.227016,0.250086,0.257761
-0.112765,-0.229084,-0.260281,-0.207184,0.236305,-0.074339,-0.241925,-0.165970,-0.249018,-0.208218,-0.198729,-0.244287,0.226803,-0.231965,0.233061,-0.278299,0.273206,-0.234108,-0.177547,0.272347
0.362145,0.094727,0.279510,0.070546,0.234048,0.250827,0.087621,-0.178163,0.175084,0.214348,-0.301168,0.306339,-0.165789,0.297075,-0.257494,0.071016,0.064997,-0.227455,-0.227243,0.252650
-0.152599,-0.269751,-0.280021,-0.291258,-0.073452,-0.147414,-0.243198,0.333091,-0.311993,0.305258,-0.094073,-0.205086,0.268969,0.251237,-0.106897,-0.211977,-0.092118,-0.279469,0.123888,0.091039
0.381480,-0.224430,0.068171,-0.060152,-0.258578,-0.301324,0.120634,-0.117286,-0.242644,0.301016,-0.230694,0.260041,-0.188507,0.314384,-0.217065,0.134747,0.202279,0.018945,-0.052093,0.309691
-0.077344,-0.188481,-0.244039,-0.171746,-0.252461,0.186130,0.292388,-0.128878,0.203831,-0.281402,-0.177697,-0.276862,-0.082925,-0.235775,-0.241279,-0.251109,-0.260319,-0.220582,-0.193364,0.320073
0.177012,-0.009313,0.226960,0.271589,-0.253018,0.250939,-0.276239,-0.382562,0.269387,-0.237365,-0.139492,-0.193227,0.265541,-0.148346,-0.148029,-0.146922,-0.168932,-0.223167,-0.174213,-0.251482
0.416516,-0.150477,0.332227,0.147675,-0.254288,0.197381,0.008805,-0.564615,-0.002797,0.058382,-0.077911,0.287628,-0.083085,-0.154266,-0.016716,0.136578,0.111300,0.214139,0.173822,-0.137445
0.313819,0.281578,-0.262776,0.230042,0.168937,-0.065804,-0.338257,0.285953,-0.140704,0.220158,0.206852,-0.161553,-0.188908,0.082096,-0.056196,-0.282999,-0.261415,-0.271235,-0.124258,0.225903
0.444868,0.189262,-0.377304,-0.072339,-0.220629,0.401483,-0.084414,0.420157,-0.001822,0.235402,0.134576,0.025606,0.010379,0.100334,0.116589,-0.034213,-0.117754,-0.000027,-0.329095,0.062177
0.353155,-0.475292,0.248246,0.210257,0.032202,0.256454,-0.036425,-0.098367,-0.251792,0.183040,-0.336219,0.154515,-0.073102,-0.053458,0.129545,0.277991,0.208638,0.232580,0.178796,0.007917
-0.065680,-0.083391,0.444833,-0.145320,-0.266850,0.168655,-0.078405,0.180158,0.062201,0.125742,-0.285834,0.368067,0.282743,0.287509,-0.161318,0.004515,-0.222407,-0.182606,-0.133930,0.324391
-0.341696,0.166012,-0.335905,0.147815,0.001646,-0.118933,0.340494,0.260068,0.105978,0.192245,-0.094411,0.248679,0.019801,-0.091254,0.113636,-0.446645,0.262227,0.008390,0.329625,-0.075688
-0.067396,-0.168132,0.246724,0.268958,0.230618,-0.276375,-0.244257,-0.243966,-0.020410,0.218969,-0.254031,0.292791,0.254085,0.273473,-0.214808,0.159373,0.098364,-0.239106,-0.048348,0.326394
0.454957,0.248504,0.361018,0.137418,0.301671,0.085618,-0.144995,-0.127170,0.058440,0.216609,-0.312310,0.238376,-0.334829,0.079613,-0.308380,0.114228,0.043620,-0.066576,0.059799,0.072861
-0.073656,0.270195,-0.279916,-0.280956,-0.253421,-0.268775,-0.177135,-0.164848,0.265957,-0.306350,0.221004,0.134497,0.075519,-0.157375,0.168350,-0.154068,-0.244611,-0.253338,0.338666,-0.128424
0.327568,0.235888,-0.415628,-0.259534,0.380710,-0.085008,-0.003980,0.177154,0.016576,0.114548,0.044986,-0.076439,0.217128,0.024383,0.439518,0.339026,0.087091,0.154106,0.062030,0.032985
0.457985,-0.143198,0.215081,-0.149507,0.040388,-0.085912,-0.230072,-0.147698,-0.339288,0.006396,-0.389033,0.389553,-0.363296,0.149988,0.153225,0.021342,0.093694,0.016457,-0.002277,0.107930
0.378563,0.278201,-0.232570,0.282465,-0.118101,-0.174079,-0.188569,-0.234186,-0.190768,-0.045806,-0.354795,0.176549,0.130624,0.233949,-0.256400,-0.176381,-0.008278,-0.252366,0.168468,-0.233327
0.158823,-0.093004,0.098684,0.213167,-0.306558,0.067265,-0.345616,-0.420002,0.052984,0.294014,0.177146,0.328644,0.187709,0.051216,0.229979,0.382774,0.052657,-0.034984,-0.141118,0.163638
0.258651,-0.080338,-0.246903,0.223114,0.146043,0.284348,-0.090067,0.521195,-0.248879,0.114500,-0.165940,0.092239,-0.290034,0.181481,0.047806,0.073808,0.261461,0.265527,0.046711,0.238819
0.298499,0.292920,-0.219780,-0.242539,0.175083,-0.263277,-0.013508,-0.031271,-0.260056,-0.211673,-0.246546,0.066994,-0.261947,0.258753,0.220039,-0.229681,0.141442,0.192407,-0.186029,0.332802
0.132865,-0.128418,0.226117,0.286167,0.214016,-0.262948,-0.231191,-0.160118,-0.260473,-0.140730,-0.228532,0.272766,-0.249992,0.287802,-0.212434,-0.273919,0.243010,-0.227863,-0.206797,-0.072791
0.099820,0.308704,-0.208801,0.224400,-0.237047,0.269097,-0.061829,-0.048853,-0.241026,0.093139,-0.271895,0.092840,-0.244547,-0.290147,-0.215877,0.006110,0.296734,-0.271578,0.318983,-0.249941
0.300185,-0.237881,0.055367,0.407297,-0.041936,-0.081795,0.006257,0.432739,0.338786,0.180504,-0.060555,0.055808,-0.309045,0.014490,-0.029790,0.003614,0.278195,0.007110,-0.314457,0.248009
0.241146,-0.272052,0.271597,-0.224903,-0.173725,0.056801,-0.250172,-0.254087,0.296908,-0.185314,-0.020274,0.297613,0.256020,0.257249,0.145932,0.192935,0.244165,-0.215425,0.150617,-0.229136
-0.058188,-0.282261,0.071096,0.085697,-0.197831,-0.292541,-0.200274,-0.070841,0.281848,-0.249798,-0.321890,-0.313817,0.091690,0.066859,-0.183808,-0.010244,0.293420,-0.219636,-0.275902,0.365435
0.287656,-0.216717,0.126193,-0.227782,-0.232862,-0.204963,-0.243947,0.311283,-0.279737,-0.181475,0.048719,-0.265583,0.223942,-0.235427,0.293653,0.079609,-0.219608,0.236440,-0.162100,-0.192847
-0.259174,-0.041872,0.021559,0.145766,-0.072924,0.291306,0.193417,0.289358,-0.371838,-0.292373,-0.118178,-0.223116,-0.185738,0.107111,0.228161,0.244264,0.293134,0.079341,0.169951,-0.362982
-0.384107,-0.015675,-0.243426,0.207613,0.390298,0.404663,-0.084714,0.313895,-0.360556,0.133806,0.145158,0.095632,0.011031,0.229993,0.107864,0.168225,0.064119,0.189637,0.110663,0.068347
-0.203308,-0.251487,-0.054001,-0.029838,0.152581,0.190502,-0.301329,-0.305464,-0.186742,-0.290584,0.375851,0.329660,-0.171519,0.074659,-0.211000,0.248088,0.265159,-0.041539,-0.161243,-0.198968
-0.065743,0.296446,0.251996,0.224950,0.057856,-0.203347,-0.021304,-0.115133,-0.335466,0.157642,-0.299640,0.238771,-0.175370,-0.111786,0.388285,-0.224118,0.290499,0.083708,-0.152754,0.303523
-0.103751,-0.160505,-0.226597,0.268924,0.099906,0.342434,0.227139,-0.289625,0.156742,0.180507,0.427065,0.186129,-0.331907,0.103962,0.113490,0.182835,0.068725,0.338622,-0.030575,-0.123729
0.150572,0.235964,0.067149,0.145698,-0.216280,0.411219,-0.203127,-0.195708,-0.110737,-0.239486,-0.182834,-0.076364,-0.216533,-0.274445,0.336697,0.005632,-0.096927,-0.272207,-0.270752,-0.314951
-0.079986,-0.129347,-0.104522,-0.195347,0.308259,-0.118233,-0.048316,0.126316,0.179037,-0.053982,0.389847,-0.342872,-0.366960,-0.142221,0.212919,-0.114347,0.409991,0.010924,0.320892,0.107256
0.298439,0.138835,0.113867,0.247348,-0.260189,0.196684,-0.253772,-0.175645,0.248294,-0.227676,0.140704,-0.299246,-0.153029,-0.269576,0.277200,-0.286247,0.261692,-0.213708,-0.117644,-0.100921
0.212335,-0.255934,0.368852,-0.330901,-0.255038,-0.215499,-0.005424,0.094775,0.085542,-0.219789,0.116383,0.442319,0.056811,0.127607,-0.018939,-0.247756,0.101511,0.237110,0.330408,-0.040062
-0.200397,0.129235,0.149462,0.189312,-0.107028,0.264293,0.181160,-0.383294,-0.223429,-0.254692,0.356508,0.296655,0.232621,0.220003,-0.237345,0.041577,-0.221821,0.004010,0.210363,0.199959
0.034586,-0.066658,0.267584,0.199286,-0.129855,0.127198,-0.104475,-0.423486,-0.178539,0.260507,0.002093,-0.164264,0.368634,0.163072,0.086759,0.374422,-0.347220,-0.251424,-0.039594,-0.193584
-0.054120,0.028124,0.255675,0.246427,-0.195933,0.368303,-0.067321,0.014883,0.299709,0.300123,0.386034,0.286530,0.176815,-0.197391,-0.225039,0.185389,-0.096585,-0.300650,0.106669,0.118480
0.275159,0.013065,0.217452,-0.211939,-0.045756,0.518385,-0.122225,0.180995,0.296215,0.210543,0.007891,0.203290,-0.122521,-0.067907,0.331335,-0.016831,0.213278,-0.264023,0.250711,0.179439
0.093388,-0.319969,0.384295,-0.109443,0.337053,-0.138967,0.129179,0.175260,0.389379,-0.197881,-0.047045,-0.091994,-0.183769,0.288163,-0.221241,0.112445,-0.117341,-0.199263,0.322685,-0.107092
0.013750,-0.134086,0.450698,0.171060,-0.049825,0.416848,-0.088942,-0.060269,-0.120655,0.030327,-0.127502,0.409191,-0.035438,-0.288337,0.246030,-0.143725,0.240203,0.057637,0.020638,-0.368041
-0.189891,-0.209986,0.276538,0.251521,0.238601,0.173681,-0.248911,-0.162310,0.211510,-0.105476,0.357182,0.294782,0.189810,0.139234,0.298802,-0.228561,-0.189768,0.131323,-0.119995,-0.264168
0.274008,-0.122088,0.324939,0.150017,0.236217,-0.076864,0.153917,0.128051,0.333106,0.157327,0.127396,0.329772,0.128422,0.322765,-0.241310,0.409070,0.064687,-0.135169,-0.205762,0.091685
0.318602,-0.288484,-0.263327,-0.188407,0.329021,0.265073,-0.338089,0.152640,0.356824,0.205104,0.170559,-0.141146,0.050319,0.112869,-0.094904,-0.231162,-0.030757,0.197809,-0.213288,-0.112367
0.263164,-0.245406,-0.210673,0.141445,0.276999,-0.192866,-0.029315,-0.197611,-0.234538,0.285725,-0.227557,0.186604,0.133200,-0.122202,0.318668,-0.248952,-0.210213,0.282901,0.258728,-0.204158
0.438186,0.148791,0.239383,0.200968,-0.047202,0.125486,-0.316591,-0.355774,-0.222921,-0.133808,-0.294329,0.125580,-0.160555,0.100821,0.215348,-0.138458,0.316750,-0.168155,0.124696,-0.166556
0.172573,0.251839,0.069218,-0.280580,0.117454,0.276719,-0.297519,-0.324793,0.229367,-0.302609,-0.217000,0.320650,0.185391,-0.130841,0.240980,0.147080,-0.167604,0.057718,0.172786,0.228791
0.382604,0.035244,-0.294501,-0.028879,-0.255811,-0.139793,-0.020606,0.483499,-0.036328,0.394748,-0.155416,0.147099,0.009067,0.287998,0.096673,0.272742,0.078108,0.011716,0.035058,0.261659
0.355408,-0.073056,-0.004509,0.060313,0.056291,0.024085,0.114352,-0.039907,-0.293880,0.332998,-0.386852,-0.252342,0.010905,0.276897,0.316356,-0.218107,0.262711,-0.249214,0.105827,0.262531
-0.124344,-0.240452,-0.279569,-0.224711,0.233154,0.198815,0.310099,-0.255435,0.212947,-0.197547,0.026259,-0.180470,-0.211465,0.098152,-0.180737,-0.258255,0.243185,0.288408,-0.182738,0.309380
-0.186353,0.315181,-0.248300,0.228780,-0.274784,-0.158703,-0.158793,0.003556,0.259534,-0.291217,0.071640,-0.281095,-0.250926,-0.185805,0.208524,-0.282731,0.234582,-0.247855,0.111199,-0.199939
0.283008,0.290297,0.113372,0.238994,-0.179899,0.242328,0.301294,0.212366,-0.142594,-0.277577,-0.251200,-0.112138,-0.211018,-0.194045,-0.168584,-0.282298,-0.224020,0.237212,-0.141903,-0.220805
-0.291594,0.425040,-0.359317,-0.306251,0.041162,-0.102145,0.043543,-0.081704,-0.317617,0.096376,0.352922,0.057733,0.075863,-0.265588,0.069173,-0.049667,0.311001,0.024354,0.228280,-0.140319
-0.368049,-0.035069,0.393242,0.279384,-0.166657,-0.256496,0.010705,-0.292187,0.040903,0.042470,0.060469,0.279511,-0.263048,0.091272,-0.046041,0.353558,0.031729,-0.353142,-0.024008,0.188050
