-0.223873,-0.046361,0.309468,0.156033,-0.014390,0.207852,-0.384981,-0.127114,-0.138981,0.268073,0.350951,0.049337,-0.167420,0.399061,0.109855,0.018278,0.348057,0.223096,-0.137137,0.116850
-0.099712,-0.033076,0.205640,-0.117660,-0.025902,0.091774,-0.354844,-0.156498,-0.085794,-0.014152,0.439328,-0.005307,-0.442765,-0.323454,0.015086,0.288207,0.423505,-0.047499,-0.077326,0.034466
-0.198889,-0.255179,0.189484,0.297703,0.221776,-0.229534,-0.118784,0.283224,-0.190908,0.224953,0.311325,0.239747,0.142858,0.253169,-0.186079,-0.143598,-0.190890,0.212274,-0.299554,-0.148885
0.254416,0.253231,0.319975,0.109769,-0.026870,-0.273439,-0.237239,0.093340,-0.183754,-0.105392,0.332967,0.009785,-0.276945,0.081870,0.162279,0.341398,0.301011,-0.168870,0.074604,-0.330776
0.116143,-0.094646,-0.355201,-0.076991,-0.213242,0.374368,0.099440,0.291772,0.365516,-0.221350,-0.223573,-0.104309,-0.242830,-0.153484,-0.193106,-0.146883,-0.029893,0.320237,0.220028,0.167649
-0.099480,-0.256719,0.297317,-0.254075,0.134613,0.297595,-0.280670,-0.165244,-0.215816,-0.054772,0.119589,-0.240798,0.152330,0.462816,-0.242378,-0.205765,0.263108,0.050246,0.062893,0.149751
-0.242860,-0.214372,-0.153779,-0.121872,-0.201354,0.249392,-0.089683,0.277635,-0.246249,-0.317533,-0.260129,-0.228321,-0.129732,-0.045942,0.006137,0.260723,0.222688,0.324988,-0.276806,0.262014
-0.107609,0.277131,-0.269624,0.254491,-0.271189,0.276024,-0.091205,-0.260469,-0.046961,0.340860,-0.190088,0.263664,-0.237414,-0.234820,0.221427,0.222205,0.054619,0.029476,-0.267568,-0.197136
0.267017,0.245317,-0.243428,-0.257785,0.239719,0.176609,0.306991,0.207383,0.267589,-0.185844,-0.151825,-0.236893,-0.229803,-0.228091,0.203660,-0.247448,-0.040087,-0.146429,-0.198143,0.248479
-0.219219,0.274263,-0.288698,-0.182396,0.038368,-0.270176,-0.174374,-0.267150,-0.243474,0.263782,0.078538,-0.251659,-0.187486,-0.094676,0.267280,-0.203768,-0.259004,-0.254719,0.248514,-0.186294
-0.255532,0.150257,-0.142564,-0.012111,0.095512,0.156415,-0.146662,0.140480,-0.255717,-0.243418,0.194624,-0.153191,-0.133687,0.405721,-0.229684,0.304991,0.357846,-0.207811,-0.319237,0.171543
0.421016,0.245696,0.090454,-0.220931,-0.078930,-0.161147,-0.222927,0.175513,0.319165,-0.221865,0.305857,-0.199214,0.179426,-0.183069,-0.225053,0.195129,-0.281709,-0.214505,-0.150611,0.076642
-0.110013,0.240197,-0.217493,0.203851,0.106683,0.274975,0.124086,0.215789,0.158859,-0.218209,-0.240684,-0.264656,-0.209298,0.329434,-0.208471,-0.201695,0.285578,-0.159438,-0.290105,0.252896
0.201909,-0.253496,-0.169800,-0.225418,0.220524,-0.257020,-0.170254,0.230631,0.142110,-0.219166,-0.276732,-0.257556,0.298878,-0.204376,0.194907,0.190034,-0.261377,-0.226226,-0.212203,0.193880
0.139175,0.065600,0.280195,-0.093483,-0.256592,-0.291606,-0.099633,0.200045,0.164649,-0.267085,-0.072089,0.245093,-0.235320,0.259196,0.213391,0.365094,0.279600,-0.204559,-0.319363,-0.033904
-0.021050,-0.121042,-0.137612,-0.185618,-0.261350,0.258489,-0.186946,0.177137,-0.226339,0.145788,0.257089,0.085591,-0.126627,0.222322,-0.009610,0.273614,0.463872,0.332698,-0.304323,0.158960
-0.167761,0.308280,-0.102402,-0.304918,-0.282764,0.176104,-0.258788,0.175524,-0.142430,0.343760,-0.090239,-0.297530,-0.201276,0.153192,0.278384,-0.262788,-0.130666,0.238846,0.156429,-0.142690
0.221490,0.083734,-0.147696,0.125221,0.096177,0.232538,0.020480,0.481468,0.151417,0.117806,-0.519841,0.350965,0.262133,-0.095490,0.002783,0.102851,0.163677,0.052457,0.186975,-0.166570
-0.255368,-0.005137,-0.101440,0.135961,0.384982,0.055114,-0.170271,0.270399,0.334690,-0.096754,0.267235,-0.039888,0.002175,0.360065,-0.066040,0.301203,0.305224,0.289527,-0.069396,0.227389
-0.250154,-0.169312,-0.057499,0.249049,0.233999,-0.171764,0.218153,-0.189036,-0.295451,-0.280354,0.034486,0.129061,0.243067,0.026561,-0.143258,0.301745,0.375638,0.025201,-0.326428,-0.269167
0.267923,-0.207062,-0.126526,0.205005,0.135653,0.207939,0.363714,-0.398503,0.178832,0.351460,0.342196,0.166488,0.263494,0.093900,-0.005495,-0.263181,0.040979,0.085851,0.118514,-0.060144
-0.246336,0.245199,-0.162963,0.179895,-0.302156,-0.177839,-0.201170,0.250617,-0.200648,-0.269545,0.180753,-0.040787,0.205405,0.326351,0.216342,-0.097752,0.304682,-0.232899,-0.289432,-0.104522
0.001030,0.309486,0.426744,0.165177,0.059172,-0.264026,-0.144823,0.132066,0.320215,0.070237,-0.306115,-0.033149,-0.277218,0.228410,-0.038100,0.339135,0.238966,0.029298,0.238965,0.142718
0.191872,-0.250921,-0.312326,0.265941,0.123124,0.128524,0.152975,-0.278239,-0.205413,-0.248400,-0.159746,0.236474,0.353479,-0.179093,-0.295490,-0.166850,0.012249,-0.149825,0.237740,-0.250654
0.386533,-0.196056,0.007943,0.119862,-0.200709,0.267103,-0.244067,0.096862,0.118524,-0.146368,-0.150513,-0.306001,0.034497,0.025126,-0.227414,-0.171245,-0.441813,-0.374617,0.216739,0.002735
-0.224153,0.179885,0.206137,0.230245,0.065115,0.381076,-0.015071,0.074694,0.057478,-0.181388,0.332118,-0.048245,-0.314854,-0.144637,-0.062514,0.419415,0.287318,0.286452,0.174008,0.151774
0.310608,0.246926,0.277658,-0.194034,0.240842,-0.226223,0.080156,0.064349,-0.116268,-0.214312,-0.212069,-0.353055,0.235720,-0.239595,0.187136,-0.134428,-0.179875,0.183941,-0.184568,0.335673
-0.001456,0.008289,0.450974,0.262499,-0.016996,-0.047460,0.146011,0.101816,0.252408,-0.089143,-0.234626,-0.235223,-0.023109,0.261704,0.000476,0.507713,-0.227407,0.131917,0.317170,0.121961
0.011454,0.012564,0.315938,0.039561,0.090775,-0.212311,-0.134647,0.062608,-0.221209,-0.103068,-0.297726,-0.019453,-0.040697,0.537813,0.277596,-0.222634,0.134250,0.171193,0.457715,0.005429
-0.279966,0.043530,0.183180,-0.106454,0.296451,-0.125130,0.406137,0.176484,-0.264036,0.179732,-0.262514,0.297180,-0.159219,-0.119868,0.197553,0.259409,-0.063331,-0.220059,-0.216252,0.265920
-0.221326,0.224002,0.274588,-0.220055,0.178502,0.231643,0.219422,0.148858,-0.243818,-0.230940,-0.258430,0.203027,-0.203690,0.340744,-0.256102,-0.164449,-0.234836,0.147076,-0.270259,0.018854
0.010566,0.282311,-0.224046,0.254355,0.188199,-0.279674,-0.181598,-0.253889,-0.253795,0.184541,-0.224846,0.284465,0.280247,-0.085450,-0.227417,0.264189,-0.273856,0.111513,-0.151988,-0.215389
0.055787,0.047051,0.104282,0.226943,0.205284,0.126778,0.268023,0.064519,0.172757,-0.018478,0.254888,0.499790,-0.059190,-0.213629,0.003248,0.113030,-0.435238,0.213597,0.383766,0.094229
-0.174387,-0.168262,-0.057068,0.001611,-0.228849,0.198702,-0.296334,-0.227458,-0.228236,-0.301609,0.371880,0.245631,-0.225143,0.283660,-0.211577,0.162618,-0.276459,-0.182481,-0.099753,-0.207079
-0.225700,0.257502,-0.219752,0.266149,-0.183007,-0.291359,-0.171551,0.227352,0.269785,-0.269186,0.106884,-0.184989,-0.045681,-0.112087,-0.243802,-0.240627,-0.272739,-0.265900,-0.213149,-0.225217
0.293785,-0.226029,-0.271494,0.157179,0.219608,0.284980,-0.189100,-0.238595,0.237347,-0.223459,-0.220653,-0.253419,-0.263869,-0.228751,-0.260598,-0.210631,-0.079655,-0.175398,-0.033452,0.224552
-0.188037,0.174822,-0.120357,0.105718,0.219079,0.291661,0.174304,0.299149,0.014675,0.398712,0.312380,-0.123555,-0.216958,-0.221854,0.162900,0.254383,-0.216892,-0.289568,-0.250268,-0.048863
0.029971,-0.063705,-0.222847,-0.282251,0.137142,0.208333,-0.097807,0.067906,-0.006581,0.110981,0.126534,-0.376890,0.017964,0.021513,-0.078672,0.358595,-0.348245,-0.342847,0.268234,-0.415425
0.148971,-0.163481,0.273263,-0.031508,0.298033,0.194739,-0.117217,0.227660,0.176927,-0.281159,0.388620,0.231893,-0.045406,0.137125,-0.068250,0.380020,-0.017951,-0.238178,-0.276512,0.253967
0.171533,-0.176159,0.346635,0.205932,-0.240611,0.092841,-0.201182,0.110357,-0.255206,0.006829,-0.237217,-0.087290,0.213615,0.408536,-0.121507,-0.136679,0.201166,0.352699,-0.195932,-0.281984
-0.136998,-0.006787,0.015944,-0.238922,-0.198944,0.253270,-0.092583,0.363547,-0.257283,0.270243,-0.002960,-0.013933,0.059162,-0.209316,0.235353,0.416064,-0.327232,-0.223819,-0.198924,-0.259608
-0.279144,-0.108717,-0.020114,-0.245777,0.307798,-0.087081,-0.305325,0.379330,0.215963,0.034381,-0.300158,-0.111991,-0.221454,-0.156191,0.249827,0.105337,0.052198,0.259851,-0.258596,0.274750
-0.152870,0.389951,-0.379465,-0.333270,-0.048460,-0.378193,0.008835,0.113613,0.262706,0.424581,-0.274653,-0.133146,-0.043077,0.120530,0.000098,0.046968,0.059092,0.044850,0.090611,-0.190772
-0.199055,-0.260684,0.101338,0.110737,0.230342,-0.248596,0.289727,0.222775,0.211704,-0.168708,0.106575,-0.258582,0.292471,-0.178174,0.272514,-0.235420,-0.263682,-0.229497,0.229246,-0.219624
0.211880,-0.006239,0.507665,0.221862,-0.062359,0.024499,0.002566,-0.035890,-0.101565,0.029483,-0.157071,-0.265313,0.005699,-0.320282,0.278803,0.414867,0.380489,-0.149555,-0.127333,-0.016712
-0.267323,-0.115443,-0.086416,0.344744,0.270388,-0.032842,-0.231059,0.212503,0.221251,-0.001925,-0.307969,0.275448,0.244172,0.080219,0.116185,-0.198234,0.308147,-0.229824,-0.360366,0.001232
-0.082773,0.269196,0.121756,-0.202776,0.112855,0.381509,-0.110399,0.356913,-0.082890,-0.268992,-0.226877,-0.036825,-0.098538,0.224698,0.036918,0.259894,0.414361,0.339708,0.105062,0.087065
0.297108,-0.044886,-0.071637,0.349251,0.146179,-0.148836,0.172811,-0.008263,-0.051200,-0.128452,0.388215,0.136110,0.090719,0.107354,-0.153687,0.438044,-0.337268,-0.144364,-0.286276,0.262663
0.141776,-0.002445,0.044958,-0.040608,0.054937,0.005169,0.381676,0.055814,-0.197385,0.096595,0.284116,0.363473,-0.054796,0.562563,0.133169,0.186040,-0.371513,-0.204162,0.105676,0.023759
-0.095435,-0.295547,0.434872,0.089790,-0.129287,0.079391,-0.084921,0.117673,-0.324151,0.120463,-0.261387,-0.161135,0.261488,0.486388,0.179705,-0.072341,0.155743,-0.151299,0.092762,-0.224032
0.032801,-0.005849,-0.234910,0.180331,0.024608,0.395917,-0.205642,-0.104919,0.258599,0.202120,0.281115,0.004661,-0.111820,-0.259557,-0.021591,-0.316965,-0.272977,-0.063903,-0.208036,-0.459431
0.183199,0.261000,0.031631,-0.224742,0.257159,-0.174431,-0.208808,0.202421,0.208408,0.198159,0.342170,0.173751,-0.226130,-0.196195,-0.240814,0.373975,-0.261876,-0.253780,-0.056543,0.109768
-0.185651,0.199158,0.451468,-0.185928,-0.088370,-0.047595,-0.096896,0.169931,-0.103052,-0.108109,-0.165209,-0.002973,-0.240576,0.340117,0.048114,0.346864,0.447487,0.107270,-0.172989,-0.227299
-0.156597,-0.225626,0.304598,-0.152397,-0.338994,0.276510,-0.159750,0.284521,0.187142,0.121773,-0.244876,-0.051636,-0.097828,0.178141,-0.305412,0.081885,-0.264755,-0.210782,-0.358914,0.116649
0.353309,0.107200,-0.216964,-0.183990,0.198549,0.314096,0.059232,0.112151,0.051767,0.308898,0.209348,0.189786,-0.280054,-0.245941,-0.258630,-0.198145,-0.264035,-0.271239,0.216871,-0.123538
0.405538,0.116953,-0.078912,-0.199558,-0.069504,0.373847,0.096541,-0.303209,-0.075746,-0.114036,0.248101,-0.212264,0.077556,0.379331,-0.000400,-0.211203,0.063019,0.275196,-0.338218,0.126498
0.221580,-0.295842,-0.148510,0.293689,0.137984,-0.099504,-0.046396,0.302378,0.061535,0.234877,0.331624,0.256346,-0.189022,0.020305,-0.036489,0.373550,0.282991,-0.147199,-0.307192,-0.157393
0.212180,0.006899,-0.284474,0.403195,0.236642,0.541853,-0.268317,-0.065834,0.068297,-0.045821,0.082029,-0.006231,0.207616,0.256910,0.005196,-0.111004,-0.319010,0.219991,0.018770,-0.002163
0.269335,-0.227490,0.382308,0.276315,-0.053406,0.258988,-0.100136,-0.163628,0.155928,0.139407,0.242242,-0.149736,0.105149,0.406150,-0.100399,-0.163013,0.142810,0.193249,-0.268389,-0.281389
-0.252223,-0.215085,-0.191891,-0.269183,0.221418,-0.270263,-0.128579,-0.019423,-0.224554,0.235508,-0.296170,-0.244805,0.286496,-0.127183,-0.246264,-0.277361,-0.189755,-0.222668,0.258622,-0.004868
-0.264913,0.300670,-0.285972,0.111318,0.260681,0.230978,0.012826,0.012228,0.243871,0.066818,-0.305400,-0.228732,0.334698,-0.184679,0.119187,0.103522,-0.322044,-0.226443,-0.224748,-0.193778
0.263217,0.257419,-0.268092,0.271438,0.213691,-0.269659,-0.169867,0.180524,-0.170286,-0.240891,0.132878,-0.263604,0.333513,-0.159183,-0.073144,-0.266874,-0.017352,-0.195197,-0.196791,0.273195
0.210203,0.326720,0.229936,0.363513,0.096997,0.039794,-0.341256,0.112422,-0.144269,-0.008080,0.210100,0.097070,0.024066,0.399693,-0.015214,-0.445912,-0.131417,0.237434,0.123663,0.034441
-0.342800,-0.065582,0.360656,-0.267776,-0.038783,0.124685,0.019262,0.026579,-0.039108,-0.051194,0.269132,-0.021860,0.033518,0.329122,0.084903,0.384458,0.392020,-0.362800,-0.098376,0.147580
