-0.086807,-0.184195,0.411411,-0.027937,-0.077495,-0.224165,-0.496928,0.399149,-0.034405,-0.171336,0.367856,-0.140743,0.004125,0.202324,0.156681,0.097685,0.063987,0.130057,-0.210294,-0.006456
0.298308,-0.016069,0.189327,0.034164,-0.101656,-0.340597,-0.038161,0.332961,-0.073411,-0.054267,0.044176,0.351019,-0.031691,0.008218,0.276144,0.462457,0.266571,-0.069365,0.223659,0.290678
0.203405,-0.255341,-0.283347,0.225214,-0.284018,-0.280098,-0.233448,0.245781,0.164657,0.070529,-0.083111,-0.171039,-0.156473,0.245050,-0.149194,0.271418,0.226313,-0.163083,-0.288162,0.280773
0.302985,-0.267333,0.298384,-0.261971,-0.215351,-0.272888,0.002254,0.237548,-0.217482,-0.172577,0.179785,0.250452,0.248881,-0.200767,0.350660,0.241282,0.027412,0.061721,0.189118,0.076865
-0.228770,0.204754,0.005124,0.212252,-0.333336,0.198645,0.000184,-0.216805,0.290975,0.025839,-0.271219,-0.159120,-0.278957,-0.239775,-0.205931,0.342876,-0.159518,-0.098573,0.311431,0.226803
0.165525,0.153956,-0.174065,0.125461,-0.205393,-0.228386,-0.302995,-0.212044,-0.268453,0.176788,0.347965,-0.183998,-0.236928,0.277499,-0.282213,0.132499,-0.198647,-0.061981,-0.283862,0.243451
-0.035150,-0.236010,-0.147892,-0.217870,0.150449,-0.227476,-0.283514,-0.202357,0.246695,0.103654,0.296799,0.391897,0.147029,0.293512,0.039168,-0.209343,0.013924,0.268515,-0.254078,0.273431
-0.304074,-0.111879,-0.189665,-0.088368,-0.022958,0.023114,-0.263216,-0.331095,-0.275386,0.353976,-0.065143,-0.309192,-0.164597,-0.160103,0.222736,-0.303527,-0.300669,-0.149437,-0.132143,-0.213618
-0.192256,0.306435,-0.222176,-0.216507,-0.201945,-0.119665,-0.126830,0.203918,-0.226384,0.341056,-0.210007,-0.238670,-0.224153,-0.236805,-0.300110,-0.240894,-0.036620,0.210223,0.228611,0.198187
-0.281347,-0.090240,0.245735,0.247023,-0.201880,-0.167526,0.306774,0.077001,-0.247857,-0.062903,-0.156449,-0.242459,-0.188745,0.168535,-0.301656,-0.255542,-0.282087,0.252577,0.248568,0.219772
0.119382,-0.252525,-0.319165,-0.188771,-0.295568,0.122829,-0.270881,0.251654,-0.228349,-0.264870,-0.205513,0.031623,-0.301236,0.307506,-0.193038,0.280717,-0.012952,0.040175,0.033358,0.274820
-0.292905,-0.156709,0.363178,0.126886,-0.182169,-0.188574,-0.095464,-0.233651,-0.159607,0.374141,-0.201270,0.011781,0.281567,-0.233963,0.118690,-0.242337,-0.182691,-0.224391,-0.216530,0.256220
-0.169363,-0.235367,-0.172784,-0.161167,0.239162,-0.278720,0.162098,0.203919,-0.172504,-0.194401,0.025411,0.402722,-0.273659,0.295773,-0.252148,0.176619,0.191784,0.206286,-0.146820,-0.262550
-0.233712,0.300421,-0.183486,0.248536,-0.210848,0.288787,0.305898,0.161467,-0.210340,0.148189,-0.145228,-0.256164,0.249052,0.211182,0.040877,-0.115558,-0.257391,-0.252159,-0.184001,-0.271909
-0.162752,-0.222570,-0.245373,-0.182572,-0.343234,-0.139188,0.144658,0.266086,0.213643,-0.222914,0.227942,0.341275,0.194686,0.245195,-0.096020,0.276917,-0.163258,0.187015,-0.210533,-0.218828
0.028824,-0.001473,-0.015512,0.084054,-0.098495,-0.031498,-0.145679,-0.101413,0.071520,-0.132593,0.439230,0.488196,0.034610,-0.027035,-0.062281,0.664469,0.190531,-0.062727,-0.080037,-0.041683
-0.175624,0.289472,-0.176636,-0.171948,-0.034961,0.191702,0.178436,0.165919,-0.228931,0.088082,0.144680,-0.297579,0.272522,0.255700,0.192003,0.395187,0.072376,-0.286531,-0.131766,0.346717
-0.213550,0.073560,0.267137,0.017481,-0.015800,0.098447,0.039456,-0.127752,0.003855,0.407054,0.262071,-0.312126,0.190047,0.059975,-0.188969,0.532141,-0.006575,0.296425,-0.221304,0.149004
-0.055193,-0.065304,-0.036626,0.114920,0.053655,-0.346471,-0.045732,0.140855,-0.052647,-0.280647,0.481513,0.649454,-0.097388,0.107720,-0.015087,-0.017776,0.107683,0.109768,-0.058664,0.222241
-0.209432,-0.297240,-0.359412,0.094433,-0.314265,0.003013,-0.106345,-0.154429,-0.200475,-0.220055,-0.022729,0.556635,-0.188455,0.255620,-0.162254,0.062677,0.044521,-0.200777,0.011555,0.152482
-0.238900,-0.213531,-0.131717,0.269779,-0.278069,0.156591,-0.204075,0.221743,-0.050278,0.375610,0.288585,-0.213517,0.029870,0.061787,0.315627,0.281656,-0.220780,0.030152,0.067945,0.322691
-0.153956,-0.277328,-0.247645,-0.029344,-0.267047,0.262702,-0.226337,-0.146931,-0.286684,-0.214238,0.209404,0.006302,-0.300236,0.284569,0.096799,-0.168179,-0.193410,0.234631,-0.292640,-0.255354
-0.216484,-0.102742,0.002830,0.119844,-0.011056,-0.142521,-0.306637,-0.215100,-0.004592,-0.156493,0.227417,0.462006,-0.149489,-0.246210,0.214756,0.368733,0.169468,0.041264,-0.265087,0.334749
0.204898,0.375121,-0.167500,-0.216579,-0.274011,0.258721,-0.031792,0.278383,-0.151005,0.260794,-0.127458,-0.217140,-0.064430,0.192430,-0.283959,-0.352797,0.160673,-0.172213,-0.004138,-0.256578
0.139339,-0.241276,-0.016640,0.042165,-0.034602,0.290019,0.278578,-0.141329,0.015995,0.184091,-0.347914,0.095207,0.374104,-0.079408,0.428624,-0.088414,-0.392566,0.231847,0.154523,0.060338
0.278296,-0.375486,-0.322127,-0.040897,-0.186515,-0.233750,0.124551,0.161909,0.113574,-0.322980,0.022669,0.008030,-0.090834,0.231906,0.140527,-0.320306,0.306190,-0.268352,-0.160162,0.226679
0.291423,0.130166,-0.070884,0.147029,-0.052437,-0.276652,0.308096,0.264567,0.201117,-0.300140,-0.189842,-0.118095,0.114247,-0.222208,-0.286893,-0.187028,-0.327695,0.214242,0.032483,-0.335723
0.182905,-0.114858,-0.040775,0.216763,-0.242236,0.204897,-0.049866,0.061496,-0.321196,-0.144720,0.162993,0.120732,-0.145288,-0.199542,0.336107,0.474059,0.392323,0.115264,-0.004303,0.258214
-0.181332,-0.243155,0.183479,0.009289,0.189609,-0.150545,-0.275898,-0.010332,0.024743,0.342670,0.493594,0.231330,0.071850,0.287794,0.067803,0.384508,0.057359,-0.262662,0.104928,0.022273
0.103897,0.333087,-0.229788,-0.194663,0.160024,0.325584,0.308271,0.214608,0.173509,-0.035001,-0.131677,-0.037956,0.242551,0.019534,-0.285144,-0.317793,-0.261482,0.240012,0.229614,-0.211043
-0.086175,-0.082883,-0.155585,0.242908,-0.219643,0.020997,0.203792,0.263932,0.209911,0.142089,0.373786,0.401300,-0.291073,0.294747,0.139136,0.227557,-0.224906,-0.111383,0.208211,-0.168903
-0.255796,-0.132301,-0.249819,-0.127784,-0.250134,0.307520,0.313836,0.184647,0.231741,-0.138135,-0.171597,-0.223836,-0.200987,-0.188333,-0.286146,-0.299559,-0.201699,-0.196108,0.102782,-0.243077
-0.306158,0.168961,0.187629,0.057172,0.097271,0.362592,0.152944,-0.006360,0.011568,0.067931,-0.176071,0.035212,0.353431,0.093787,-0.271841,0.475279,-0.377312,0.194424,0.015922,0.154835
-0.284579,0.203560,-0.246903,-0.061852,-0.165670,-0.175032,-0.209477,0.347211,-0.249411,0.046923,-0.238780,0.070865,-0.216115,-0.289442,-0.298128,-0.249557,0.149874,-0.187497,0.309589,-0.169480
0.186775,-0.196899,0.275196,-0.265722,-0.229692,-0.109831,0.331407,0.039360,0.216937,0.318849,-0.126240,-0.207594,0.287350,-0.173880,-0.289590,-0.085664,-0.262587,0.017492,-0.202752,-0.285787
-0.298759,-0.209150,-0.088768,0.211167,0.235867,-0.135327,0.283385,0.095292,0.238124,-0.204618,-0.195534,-0.268145,0.185505,-0.239054,-0.296910,-0.196920,-0.183876,0.249033,0.251114,-0.255164
-0.304202,-0.219421,0.405486,0.225466,0.025658,-0.124851,-0.256643,-0.091990,0.080200,0.226195,-0.162385,-0.114143,0.028036,0.089027,0.250869,0.434426,-0.307160,0.232432,0.218222,-0.011339
-0.079877,0.014472,0.145997,0.034355,-0.134856,0.031769,0.480198,0.294949,0.484218,-0.300405,-0.399657,0.225375,0.040682,-0.146636,0.018581,-0.190894,-0.178076,0.055135,0.060320,-0.023923
0.297336,0.144960,-0.201956,-0.090420,-0.303522,-0.035462,-0.264382,0.074171,0.263544,-0.164502,-0.235986,0.213418,-0.194398,0.267360,0.339921,-0.101498,0.287165,0.101051,0.233636,0.304466
-0.094439,-0.150926,0.082447,0.141166,0.151165,-0.279187,0.063677,0.194145,-0.135395,0.349042,0.422146,-0.257037,-0.027396,0.357242,-0.149220,-0.235806,-0.194287,-0.273635,-0.122244,-0.284230
0.337623,-0.169986,0.223137,-0.327761,-0.306685,-0.349511,-0.241785,-0.127990,-0.107838,0.052101,0.000573,-0.068332,0.224764,-0.234858,0.241623,0.217955,-0.268224,-0.001588,-0.312751,0.092230
-0.217838,-0.147363,-0.104204,0.295345,-0.266122,0.032234,-0.249215,0.331638,-0.157775,0.171145,0.293044,-0.171271,0.201397,0.073419,0.245651,0.334706,0.281302,0.022123,0.087093,0.337446
-0.049634,0.021303,0.077133,0.099173,-0.240223,0.011189,-0.028316,0.090355,0.019170,-0.428895,0.129276,-0.239477,0.277526,-0.016499,0.218938,0.412618,0.016286,0.282681,0.029872,0.528747
-0.152301,-0.213897,0.026700,0.264678,-0.235777,-0.212966,0.308647,-0.244258,0.028120,0.343711,-0.227606,-0.203479,0.243382,-0.258013,-0.296388,-0.299075,-0.007816,-0.185197,-0.195501,0.128847
0.182799,-0.082956,-0.214761,0.013673,-0.097198,-0.082927,0.126606,0.072919,0.262921,-0.159914,0.269353,0.618571,-0.105884,-0.210386,0.286298,-0.059896,0.210319,-0.069111,0.084788,0.358629
0.284848,-0.260956,-0.317933,-0.021244,-0.314762,-0.246433,-0.210441,0.164379,0.186376,-0.225490,0.310544,-0.076383,0.279223,-0.256975,0.046896,-0.181139,-0.012631,0.093071,0.050394,0.374024
-0.019326,-0.212786,-0.292523,0.223272,-0.052927,-0.026262,0.194873,0.198958,-0.368083,-0.298260,-0.040405,0.209307,-0.129761,0.215261,0.201748,0.109609,0.271429,-0.426658,0.016972,0.310002
-0.072018,-0.039058,0.291094,-0.091314,-0.280070,-0.186149,-0.222921,0.183621,-0.240199,0.115730,-0.243728,-0.187300,0.214833,0.221694,0.426918,0.342559,-0.276097,0.187113,-0.178839,-0.002849
-0.434361,0.110935,0.236780,0.097353,0.097707,0.170990,0.366930,0.005034,0.338068,0.333720,0.092170,0.082635,-0.009977,0.049589,0.042920,0.504485,0.008451,0.058072,0.168348,0.168405
0.205214,-0.249522,-0.302376,-0.143875,-0.225870,-0.120725,0.132445,0.206635,-0.224940,-0.210320,-0.011343,0.575423,-0.297651,-0.046933,-0.113094,0.258544,-0.051255,0.181073,-0.070651,-0.144052
-0.011971,-0.110738,0.170614,-0.239892,-0.108585,0.041591,-0.102425,-0.042318,-0.207767,0.108630,0.319339,0.313925,-0.122828,0.001118,0.170905,0.674729,0.134842,-0.101511,0.004973,0.302612
-0.080048,-0.203441,-0.068693,-0.131024,0.163298,-0.131736,-0.133191,0.168185,-0.293023,-0.286797,-0.209773,-0.245816,-0.161613,-0.231724,0.329747,0.082692,-0.344763,-0.201989,0.188380,0.420943
0.386727,-0.132819,-0.235469,0.062561,-0.145342,-0.057664,-0.277406,0.042608,0.023294,-0.176867,0.298619,0.545599,-0.108485,0.039314,0.072711,0.163363,0.245543,-0.269247,-0.075157,0.260428
-0.285424,-0.354597,-0.003845,-0.198133,-0.277659,-0.088576,-0.009333,0.345418,-0.205634,-0.272706,0.316256,0.081862,-0.111812,0.253904,-0.208592,0.270218,-0.125719,0.031847,-0.194294,-0.278822
0.105692,-0.207022,0.218813,0.225384,-0.179298,0.282533,0.244551,-0.298082,-0.215499,0.343059,-0.085344,-0.255303,0.248097,0.041826,-0.255401,-0.200659,-0.309106,0.181715,-0.226054,-0.040096
-0.083003,-0.278759,-0.033452,0.232320,-0.082809,-0.015207,0.148571,-0.176827,0.345540,0.326351,-0.220357,-0.318180,-0.297079,-0.172319,-0.130807,-0.219721,-0.377841,-0.110749,-0.223033,-0.189931
-0.060565,-0.226380,-0.261188,-0.193083,-0.324395,-0.206987,-0.297224,0.191117,-0.194288,-0.177950,0.214514,0.371775,-0.175831,-0.170561,-0.150265,-0.021948,-0.264822,-0.272110,0.241834,0.165123
-0.179897,0.011615,0.470056,-0.205281,0.027425,0.328603,0.167564,0.440884,0.007467,0.218996,-0.068324,0.342731,-0.417938,0.069749,0.139987,-0.025896,0.004100,0.045761,0.016327,0.029848
-0.183376,-0.019904,-0.229956,-0.260347,0.247372,0.120538,-0.266707,0.220125,0.219046,0.333205,0.251489,0.405980,0.098826,-0.237341,-0.012161,-0.259105,-0.104752,0.079656,0.241591,-0.232096
-0.187150,-0.168006,-0.074351,0.234332,0.237525,-0.185510,0.259875,-0.231375,0.228062,0.295046,-0.228465,-0.246639,0.138295,-0.172020,-0.288403,-0.281587,-0.241198,-0.140055,0.229625,-0.265731
0.281139,0.364919,-0.253680,-0.254509,-0.201063,-0.103683,0.205073,-0.042757,0.020409,0.365119,-0.064357,-0.191844,0.305723,-0.282469,0.106334,-0.273742,-0.195081,0.192574,0.232592,-0.013986
0.294800,-0.067125,0.310486,-0.199960,-0.265591,-0.230188,0.242386,0.205901,-0.051537,-0.193329,-0.190455,0.075268,0.326106,0.256193,0.087822,-0.344285,0.141887,-0.291828,-0.137378,0.207765
-0.354124,0.197745,0.355670,-0.451590,-0.061542,0.234506,0.003032,0.138759,0.020367,0.101493,0.193792,0.105037,0.068033,0.059782,-0.373260,-0.025992,-0.233831,-0.073650,0.358188,0.176380
-0.134998,-0.058967,-0.104539,-0.157683,-0.091891,0.001148,-0.051265,0.076330,-0.020164,-0.073456,0.260268,0.696364,-0.081465,-0.239718,-0.152040,0.105348,0.409713,-0.200411,-0.039189,0.243438
