-0.266168,-0.121578,0.434501,0.156992,-0.045452,0.313601,0.077817,0.146868,-0.257852,0.050800,0.031497,0.117550,0.016342,0.176255,0.421448,0.475775,0.073610,0.113762,-0.169047,-0.082283
0.348184,-0.131678,0.429949,0.165072,0.337684,-0.055826,-0.256010,0.281630,-0.061565,0.176821,0.137490,0.191599,0.323025,-0.338799,0.036639,0.221018,0.040485,-0.046173,-0.130973,-0.080027
-0.249495,0.260086,0.210811,0.311957,-0.203699,-0.215427,0.191122,0.297533,-0.273528,-0.155945,-0.101009,-0.193397,0.279390,0.034806,-0.152835,0.251252,0.139783,0.266687,0.253348,-0.219200
0.169025,0.238544,0.272405,-0.002649,-0.042248,-0.122608,-0.189691,0.292291,-0.171561,0.343216,0.272014,0.380507,-0.327012,0.337422,-0.186548,0.073160,0.263266,0.055615,-0.042221,-0.030745
0.395690,-0.173856,0.166230,-0.293798,-0.287020,0.410624,-0.199844,-0.168725,-0.241272,-0.154393,-0.218498,0.059441,0.115044,0.074939,-0.076135,0.201679,0.202368,-0.240512,-0.108925,-0.265605
0.424911,-0.165582,-0.230928,0.250212,-0.179935,-0.167962,-0.253185,-0.192154,-0.240485,0.143094,0.133991,-0.198384,-0.254232,0.284664,-0.133803,-0.052361,0.260666,0.054807,0.158513,0.341288
-0.238141,0.171657,0.174561,0.258141,-0.160447,0.289162,0.249058,-0.218251,-0.257742,-0.264429,-0.270497,-0.237156,-0.191011,0.282053,-0.186115,-0.184976,0.175390,0.295715,-0.167031,0.030410
-0.182199,0.243105,-0.218806,0.189821,0.233868,-0.177691,-0.296596,0.246002,0.168296,-0.219787,0.280952,-0.223004,-0.267977,0.194141,0.279598,0.299772,-0.069920,-0.125350,-0.257135,0.139592
-0.201325,0.281449,-0.246243,0.240101,-0.251396,-0.131062,0.235490,0.124075,-0.244487,-0.236431,0.272650,0.055601,-0.273235,0.193941,-0.233775,-0.268666,-0.073803,0.242950,-0.284466,-0.182058
-0.226326,0.268137,-0.238395,0.216551,0.197661,-0.144869,-0.228426,0.259605,0.207686,-0.194995,-0.171255,0.156798,-0.265908,-0.241551,0.226570,0.220024,0.293647,0.228163,0.216230,-0.211217
-0.176185,-0.222799,-0.256282,0.271010,0.274398,-0.249457,-0.151306,-0.300576,-0.184724,0.249480,-0.223949,-0.080104,-0.222722,-0.040403,0.199847,0.004209,-0.312456,0.240619,-0.153357,0.325973
-0.222045,0.223159,-0.236343,-0.274562,-0.193054,0.449136,0.081280,0.233063,0.077254,-0.066983,0.078233,-0.075266,-0.177142,0.197837,0.266164,0.329629,0.310884,-0.273700,-0.159486,0.021947
0.422809,-0.282686,-0.286524,0.069078,0.222673,-0.113766,0.227188,-0.238875,0.130999,-0.223609,-0.220404,-0.049141,-0.188629,0.305868,-0.210921,-0.134991,-0.086720,-0.127255,-0.307579,-0.234375
-0.160156,-0.157384,-0.266329,0.221229,0.226613,-0.171156,-0.232639,0.258242,-0.228439,-0.253754,-0.211726,-0.176660,-0.264815,-0.219675,-0.256784,-0.240549,-0.215910,-0.234828,-0.262615,-0.150742
-0.267586,-0.222918,0.297306,0.265944,0.179047,-0.305236,0.226678,0.216622,-0.284296,-0.272995,-0.120248,-0.049087,0.287668,0.261842,-0.271289,-0.098729,-0.066613,-0.028838,0.289664,0.000551
0.247722,-0.111813,0.497012,0.135143,-0.035149,0.261419,0.036587,-0.131890,0.162896,0.189379,0.006717,0.168121,-0.149163,0.228135,-0.135278,0.330387,0.028163,-0.306289,-0.181432,-0.390582
-0.253639,-0.159613,-0.147125,-0.139639,0.314122,-0.281941,0.284989,0.354095,-0.176657,0.368259,0.360568,-0.097875,-0.034036,-0.195394,0.142697,0.178868,-0.176319,-0.024273,-0.230350,0.037919
-0.062568,-0.247047,-0.061524,-0.219138,-0.007882,0.411554,-0.042629,0.133844,0.011353,0.178232,-0.179746,0.235429,0.218975,0.268199,0.187620,0.239391,0.055787,0.347741,-0.349316,-0.340585
-0.266277,-0.140570,-0.152507,-0.135777,-0.037445,0.210402,0.095059,-0.105379,0.193414,0.510269,0.181046,-0.330488,-0.360246,-0.200750,-0.001994,0.304917,-0.188634,0.051595,0.237444,-0.066084
0.400281,-0.274780,0.387848,-0.097584,-0.072047,0.211362,-0.229637,0.098073,-0.124058,-0.264229,-0.095850,0.132389,-0.078435,-0.150816,-0.200989,-0.135952,-0.271877,-0.252975,0.305395,-0.247442
0.427280,0.048757,0.229982,0.039846,-0.019605,0.347462,-0.069048,-0.114042,0.317397,-0.245459,0.351930,0.039526,0.021447,0.075636,0.027675,0.288619,-0.364216,0.194187,-0.012492,0.272974
-0.141801,0.199491,0.287440,-0.160859,-0.290232,-0.209067,-0.318429,-0.267452,0.111191,-0.199830,0.001749,-0.185388,0.156124,-0.232071,-0.175324,0.268007,0.267843,0.246393,0.303990,0.195967
0.155858,0.040240,0.368692,0.062645,-0.030703,0.208312,0.097185,-0.001860,-0.297425,0.219905,0.268779,-0.272826,0.246200,-0.248013,0.187786,-0.175734,0.057186,0.233565,-0.238947,-0.440182
-0.228294,-0.033470,-0.256719,-0.240151,0.269711,-0.298448,0.245759,-0.174397,-0.263918,0.067605,-0.153448,0.207153,0.153467,0.234103,-0.092476,-0.317517,0.334310,-0.190658,0.144432,0.270511
0.235291,-0.037074,0.051865,0.136707,-0.353266,0.506847,0.003022,0.231523,-0.262185,0.310679,0.037103,-0.089349,0.013005,0.140770,0.103833,0.265476,0.302285,0.345358,0.000180,-0.008211
-0.163467,-0.311622,0.224569,0.086271,0.032818,-0.314231,0.314757,-0.249777,-0.156682,0.012092,-0.352735,0.183450,-0.294103,0.008219,-0.241829,-0.240687,-0.131763,0.094284,0.354634,0.138759
0.389875,-0.156407,-0.076611,-0.249642,0.247887,0.388912,-0.250088,-0.168217,-0.166878,-0.069363,0.213873,-0.238974,0.131951,-0.262759,-0.070991,-0.228472,0.126265,0.220618,-0.101929,0.312403
0.007023,0.333822,0.610977,0.140698,-0.174177,0.382532,0.225881,-0.039639,-0.266502,0.172503,0.154247,-0.119106,0.206910,-0.130978,0.024285,0.185875,-0.070107,-0.084409,-0.141150,-0.018288
0.293554,-0.132291,0.229230,-0.407940,-0.003250,0.489980,0.004946,0.126534,-0.350064,0.060036,0.108872,0.262018,0.110742,0.084498,-0.323256,0.162594,-0.179300,-0.154451,0.046707,0.077857
-0.228241,0.291896,-0.203966,-0.264023,0.200591,-0.214901,0.260896,0.227911,-0.116053,0.276754,-0.154501,0.108373,-0.314971,-0.218474,-0.109831,0.205546,-0.237794,-0.235100,-0.290355,-0.148031
0.343409,-0.257247,0.229551,-0.110390,-0.208416,0.299694,0.216660,-0.274791,-0.217468,0.162876,-0.249822,-0.242603,-0.257371,-0.128809,-0.162983,-0.131239,-0.216435,-0.197622,0.129171,0.266492
-0.112458,-0.135444,-0.217260,-0.268575,-0.248989,-0.236871,-0.279239,-0.190595,0.203372,0.220308,0.258082,-0.190443,-0.259955,0.138955,-0.193782,-0.286590,0.011925,0.256254,0.200265,0.334684
-0.001387,0.109473,0.188784,-0.216149,0.271102,0.372943,-0.029597,0.084155,-0.319335,0.152196,0.376942,-0.259046,-0.016404,0.093887,-0.254703,0.132990,0.290544,0.282550,0.058542,-0.302427
-0.263058,-0.316256,0.254560,0.063026,0.244324,0.213075,0.203048,0.241184,0.076899,0.356473,-0.141366,-0.195114,0.034134,-0.266290,-0.237726,0.208344,0.162041,0.251607,0.303191,0.113979
-0.137651,0.072858,-0.179948,0.245428,-0.255785,-0.154163,0.126046,0.243841,-0.204388,-0.203818,0.270502,-0.236967,-0.271970,-0.267775,-0.236928,-0.212029,-0.235723,-0.211248,0.087708,0.388976
-0.249683,0.197852,-0.246728,-0.285912,0.242601,-0.156620,-0.251219,0.246712,-0.000489,-0.164341,-0.232161,-0.278441,-0.272690,-0.043386,0.250649,0.256987,-0.098669,-0.233576,-0.229370,0.260920
0.200445,-0.112436,-0.140903,0.019416,-0.325468,0.084463,-0.348650,-0.239347,0.155941,-0.060508,-0.155191,-0.351758,0.303349,-0.298560,-0.272060,-0.203726,-0.068536,0.065748,-0.092780,-0.380707
-0.237737,0.034639,0.179699,0.318714,0.241243,-0.066192,-0.287830,0.433068,0.274042,-0.159188,0.180233,0.232084,-0.218286,-0.226457,-0.000780,0.178705,0.034378,0.067063,-0.308278,-0.238890
-0.195510,-0.242124,0.203497,-0.287879,0.151426,-0.187029,0.262328,-0.018536,-0.246236,-0.068124,-0.127743,0.352211,0.330732,-0.266016,-0.278484,-0.265053,0.105016,0.091999,0.239891,-0.202876
0.124511,0.112207,-0.158190,-0.241804,-0.045678,0.424727,-0.190360,0.031650,0.204787,-0.093630,0.160766,0.143222,-0.191376,0.295816,-0.244142,-0.239261,0.299302,0.350755,-0.183835,0.290247
-0.236580,0.169231,-0.351687,0.215041,-0.215245,0.214073,-0.290927,0.389731,0.008340,0.015385,-0.229236,0.314342,-0.160944,-0.137170,-0.080795,0.208982,0.153512,0.177245,-0.291594,-0.173735
-0.128512,-0.092891,0.347206,0.298607,0.100820,-0.251389,0.311839,-0.255066,-0.103168,0.378488,0.095117,-0.264343,-0.234599,0.210293,-0.063519,-0.283123,0.148228,0.211305,-0.037167,-0.212596
0.086430,0.043886,0.056895,0.042078,-0.359189,0.082856,0.195184,0.343080,0.357404,0.263777,0.179752,0.050563,0.027448,0.229313,-0.058969,0.337084,-0.331608,-0.021166,0.062610,-0.420663
-0.178131,-0.185257,-0.270088,0.114460,-0.209830,0.245563,0.197695,0.002254,0.240689,-0.270695,-0.219598,0.198522,-0.261699,0.203519,-0.227274,-0.270035,-0.174775,-0.217303,-0.249989,0.333017
0.292088,0.295530,0.314122,0.069122,0.004963,0.113708,-0.294284,0.275039,0.159974,-0.133202,0.076449,-0.277195,0.234058,-0.245408,0.264747,0.258024,-0.273318,0.080137,0.296717,-0.042831
-0.229112,-0.016511,0.372779,-0.276655,0.241744,-0.291996,-0.080734,-0.179981,0.139693,0.245938,-0.036804,0.378729,-0.022645,-0.091861,0.283953,0.295702,-0.276583,-0.261224,-0.043644,0.025882
0.191864,-0.173113,0.349959,0.199475,-0.116906,0.127461,0.094746,-0.032568,-0.031800,-0.069641,0.079939,0.390267,0.301438,0.066141,0.220264,0.310020,-0.377784,-0.339520,0.180063,-0.190167
-0.016020,0.048121,-0.114587,-0.025213,0.269541,-0.137614,-0.308366,-0.258692,-0.080431,0.412279,0.200507,0.276407,-0.191321,-0.236671,0.240534,0.284586,0.168866,-0.306229,-0.095412,-0.272316
0.194531,-0.012426,0.077332,-0.309257,0.227403,-0.186871,-0.005364,0.060745,0.420165,-0.345161,0.158078,0.045385,-0.003089,-0.490768,0.033309,0.328376,0.280699,0.021139,0.090800,0.100111
0.182786,0.204752,0.364303,0.270820,0.173533,0.135789,0.245410,-0.325279,-0.235278,-0.100831,-0.179138,0.008254,0.322690,0.132604,-0.054021,0.319617,-0.259376,0.223863,-0.247652,0.028867
0.114459,-0.320048,0.435711,0.162886,-0.101533,0.277520,-0.009309,0.076330,0.316510,0.086941,-0.178972,0.201007,0.315435,-0.276010,-0.306315,-0.159495,-0.132513,0.103583,0.230530,-0.135279
-0.331843,0.196412,0.039023,0.264132,0.150119,-0.221775,0.224258,-0.110078,0.242917,0.292151,0.289183,0.215788,-0.252669,-0.203842,-0.148885,0.256318,-0.067488,-0.293962,0.093978,-0.279775
0.167642,0.059405,-0.160964,0.377334,0.182000,0.371392,0.065036,-0.190758,0.282056,0.002438,0.149035,0.239779,0.335625,0.200833,-0.261199,0.201524,-0.117381,0.210936,-0.291859,0.154488
-0.074000,0.103354,-0.235528,-0.219244,-0.407374,0.373888,0.014847,-0.121870,0.393869,-0.278707,0.066808,-0.162809,-0.012564,0.135880,0.011994,0.344479,0.206291,0.113210,-0.104343,-0.303333
-0.136999,-0.197627,-0.248234,-0.067576,-0.197696,0.117113,0.231221,0.064741,-0.289708,-0.239440,0.345188,0.176606,-0.290029,0.224786,-0.194532,-0.168329,0.294170,0.245736,0.170529,-0.311612
0.458454,-0.012331,-0.267382,-0.092455,0.089542,0.433074,-0.015840,-0.121922,-0.147659,0.282581,0.072914,-0.230457,0.017469,0.199200,-0.208411,0.010877,0.168853,0.250703,0.305134,0.266174
0.020617,0.116597,-0.036950,0.159238,-0.216061,-0.029003,-0.151020,0.266364,-0.284362,0.322737,-0.228369,-0.253799,0.292804,0.296261,-0.138535,0.338074,0.105757,-0.226317,-0.234823,-0.303075
0.610034,0.012915,-0.051930,-0.008399,0.189590,0.579116,0.010447,0.015786,0.188918,-0.236078,0.260454,-0.056677,0.020418,0.064289,0.010872,-0.232394,0.111999,-0.041969,0.066817,-0.115457
0.380688,-0.168043,-0.315202,-0.185921,0.288366,0.464740,-0.079865,-0.329489,-0.023725,-0.048590,-0.323209,0.171355,0.126740,0.083694,0.073943,0.029063,0.206551,0.245146,0.096820,0.023968
-0.251876,-0.162954,-0.174410,-0.177798,0.265311,0.194272,-0.256952,-0.242915,0.224328,0.190279,0.263190,-0.239681,0.092887,-0.222328,0.273561,-0.231378,-0.185838,0.269171,-0.221717,0.242873
0.011042,-0.197679,-0.275949,0.030221,0.235743,-0.255720,0.246542,-0.189289,0.084931,0.216531,0.273432,-0.226565,-0.280774,-0.270406,0.188183,0.138723,0.323666,0.205761,0.246123,0.267731
-0.168271,0.294345,-0.164819,0.283304,-0.287026,0.211474,0.236757,0.014988,0.224876,-0.220558,-0.222719,-0.152758,0.211594,0.236274,-0.307511,0.238065,-0.042396,-0.246090,-0.287586,-0.158691
0.368892,0.003925,0.435627,-0.161395,-0.003213,0.435027,0.202505,0.159315,0.076210,0.065525,-0.244776,-0.050388,-0.121591,0.094868,-0.030199,0.033339,-0.324141,0.109116,-0.369758,-0.200942
0.202759,-0.036821,0.542003,0.023936,0.078233,-0.219424,-0.190419,-0.060087,-0.040415,0.245506,0.068334,0.364674,0.338731,0.009700,0.082536,0.223283,-0.305417,0.102416,0.203350,-0.229941
