0.072030,-0.158464,0.157448,0.006734,0.078157,0.249551,0.058652,-0.033106,-0.394654,0.158759,0.131307,0.442906,0.145108,-0.372064,-0.395382,-0.022739,0.379617,-0.092238,-0.088771,0.027450
-0.104045,-0.207307,-0.232106,0.477363,-0.002256,0.124773,-0.043674,-0.151532,-0.356177,-0.078416,0.291006,0.133149,0.014027,0.093721,0.096350,0.295197,0.505049,-0.015726,0.141369,0.088717
-0.258917,0.284874,-0.097470,-0.240815,0.248367,-0.102927,0.096309,-0.299110,-0.251393,-0.258795,0.354753,-0.121340,-0.284528,-0.071173,-0.199002,0.113786,-0.223122,-0.264890,0.182387,-0.225305
0.022746,0.108694,0.022595,0.280966,-0.177682,0.254966,-0.224093,0.319728,-0.252325,-0.151512,0.353867,0.271011,0.178144,-0.339007,-0.193066,0.297888,0.014521,-0.290501,-0.116161,0.055979
-0.059211,0.280174,-0.027563,0.235567,0.107880,-0.053013,-0.194363,0.301356,-0.217331,0.274363,-0.255636,-0.329233,-0.175142,0.213201,0.150282,0.309880,0.200559,0.235468,0.178077,-0.316753
0.265650,0.289652,-0.077278,0.254192,-0.169673,-0.203947,0.203390,0.166264,-0.185735,0.175980,-0.240475,-0.249821,-0.197564,-0.212544,-0.295175,-0.052690,0.187574,0.243759,-0.286219,0.314980
-0.179046,0.043097,-0.179176,0.291678,-0.048634,-0.342359,0.186387,-0.292621,0.258808,-0.096522,-0.267287,0.326531,-0.261498,-0.167742,-0.248062,-0.054386,-0.017714,0.216304,0.244735,0.294267
-0.241182,-0.174281,-0.293850,-0.124965,0.144285,0.369742,0.037945,0.093580,-0.275631,-0.237368,-0.225707,-0.265433,0.164000,0.202378,0.264843,-0.216537,-0.212428,0.288260,-0.118957,-0.246579
-0.119426,-0.100850,0.186924,-0.254527,0.256512,-0.253286,0.225047,-0.099346,0.223931,-0.236951,-0.295972,-0.236470,0.252899,-0.212336,-0.258781,-0.234496,-0.173688,0.256309,0.281055,-0.172366
0.267671,-0.211734,-0.241887,0.246647,-0.203825,-0.188658,-0.139796,0.270164,0.203866,-0.255984,0.137354,-0.234268,0.219812,-0.221863,0.224222,-0.259644,-0.215499,-0.183768,0.263071,0.221412
-0.138164,0.309976,-0.251825,0.018091,0.252521,-0.317131,-0.179278,-0.242937,0.266633,-0.168815,-0.076566,0.258187,0.162699,-0.035045,0.125835,-0.280677,0.313596,0.245880,0.229271,-0.244525
-0.176471,0.228589,-0.175889,-0.059341,-0.283919,-0.085301,-0.256410,0.405041,-0.216499,0.245028,0.277619,-0.248603,0.182970,-0.202755,0.338493,0.262433,-0.109208,0.211426,-0.050325,-0.038388
0.254014,0.212067,0.175855,-0.177680,-0.250675,-0.246423,0.152818,0.265034,0.088892,0.182838,-0.253137,-0.199953,0.206118,0.232710,-0.193859,-0.221870,0.276533,-0.230858,-0.264361,0.286985
0.297040,-0.187672,0.052063,0.251164,0.229957,0.169215,-0.171302,0.277471,-0.276458,-0.200385,-0.206037,-0.237583,0.269340,-0.260175,-0.230524,0.207423,-0.198425,0.245304,-0.041756,0.264070
0.323267,-0.194201,-0.149765,0.295957,-0.121165,0.220428,0.068897,0.116593,0.287927,-0.271307,0.347864,0.175345,0.100022,-0.221666,-0.230136,-0.257333,-0.090104,-0.266738,-0.261529,0.178609
0.085078,-0.126629,0.145680,0.138627,-0.161859,0.116211,-0.360316,0.078582,0.082080,0.098752,0.330140,0.308475,0.344969,0.223755,0.084326,0.278488,-0.401603,-0.098460,0.171457,0.292968
0.003898,-0.211671,-0.227702,0.266398,-0.084928,0.388451,-0.150527,-0.198912,-0.273973,0.241530,-0.190582,-0.231898,-0.246688,0.201629,0.172880,-0.058388,-0.264633,-0.204169,-0.241567,0.289240
0.377010,0.087963,0.315342,0.041167,0.001734,-0.360931,0.169179,0.245219,-0.036919,0.082705,-0.177760,0.157861,-0.002573,0.030463,0.074646,0.017207,0.232858,0.476478,0.339697,0.248575
0.174231,-0.321560,0.161766,0.127689,-0.202695,0.073439,0.049412,0.060525,0.184664,0.278115,0.376452,0.449723,0.371913,0.124302,0.079156,-0.192598,0.236778,-0.103592,-0.063186,0.218753
0.409174,0.297292,0.241763,-0.244795,-0.111177,0.103604,-0.021371,-0.177083,0.122033,-0.322961,0.271851,-0.026491,0.354703,0.214128,0.246710,-0.083891,-0.094184,0.047871,0.035824,-0.353690
-0.493967,0.026315,-0.158429,0.062927,-0.151501,-0.387796,0.019742,0.243035,-0.024136,-0.119181,0.179899,-0.083318,-0.001940,0.277293,-0.243819,0.035795,-0.346496,0.045044,0.340970,0.251766
0.268683,0.255365,-0.108243,0.275580,-0.188849,-0.287098,0.000382,0.173603,0.192331,-0.148255,-0.287557,0.170627,0.220480,0.239858,0.227370,0.202866,0.288091,-0.232068,0.273373,-0.212973
-0.007428,0.163084,-0.100917,-0.364217,-0.337261,0.061543,0.083989,0.256687,0.139787,0.058227,0.245722,0.307129,-0.293848,0.042064,0.041582,0.364058,0.327928,0.176653,0.238735,0.210418
-0.271556,0.256406,0.227640,0.223387,0.102611,-0.273127,0.308095,0.335290,0.203716,0.203316,-0.286193,0.126794,-0.215693,-0.177784,0.229239,0.115462,0.285232,0.003291,-0.158149,0.187375
-0.153145,-0.203105,0.067180,-0.059843,-0.103618,0.416561,-0.334664,0.423500,-0.332443,-0.298967,0.049781,-0.334602,0.004314,0.036454,0.067157,0.015806,0.120930,0.057733,0.057906,-0.331413
0.180286,-0.099442,-0.067128,0.058927,-0.119021,-0.161396,-0.308519,-0.503858,0.397110,-0.180446,0.241585,-0.194290,-0.160244,0.012427,-0.053288,-0.006921,-0.315369,-0.074652,-0.373379,-0.028741
-0.275636,-0.155226,-0.268932,0.267843,-0.288999,-0.209539,0.234614,0.126712,-0.272720,-0.232977,-0.266038,0.231568,0.191962,0.124977,-0.190884,0.138534,-0.215037,-0.215931,-0.191815,0.257928
-0.035340,0.018573,0.234861,0.397350,-0.101743,0.124954,-0.355819,-0.132318,-0.255782,-0.054903,0.261501,0.236139,-0.010542,-0.250921,-0.261494,0.202731,0.304230,-0.048231,-0.393517,-0.020163
0.199343,0.358791,0.013604,0.213350,0.001498,0.232359,0.388654,0.191143,-0.007213,0.091409,0.065423,0.361004,-0.370998,-0.159595,-0.280436,-0.154244,0.303915,0.006977,-0.087416,0.188773
-0.224834,0.302513,0.221952,-0.226016,0.200759,-0.282086,-0.244081,-0.066588,0.207802,-0.287660,-0.228317,-0.148788,-0.145271,0.254494,-0.215155,0.212810,-0.198222,0.243856,0.302791,0.074946
0.269169,-0.174905,0.155226,0.004266,0.186495,-0.289539,-0.220322,0.185816,-0.256344,-0.262071,-0.305668,0.260383,0.245006,0.252742,-0.218631,0.156781,-0.179661,-0.268427,-0.181327,-0.205033
-0.216767,0.258852,-0.138651,-0.212493,-0.203283,0.156146,0.230364,0.258782,-0.224661,-0.247588,-0.257778,-0.242877,0.222277,-0.205488,0.251732,-0.189062,-0.183035,-0.222849,0.283870,0.210209
0.178708,0.054141,0.015338,0.278090,0.025313,-0.068312,0.065015,-0.334413,0.063590,-0.117798,-0.000001,0.310722,-0.320257,-0.120567,0.038531,-0.376548,0.432200,0.015861,0.419688,0.167836
0.146737,-0.165910,0.384439,0.027012,0.004545,-0.111046,-0.312848,0.180667,-0.189103,0.308626,0.377404,-0.317693,0.286390,-0.137830,0.240608,-0.242132,-0.062752,-0.156663,-0.045087,-0.192693
0.287041,0.241542,-0.048313,-0.239603,0.025013,-0.248681,0.279794,-0.178906,-0.244276,0.252380,0.181680,-0.225571,-0.155606,-0.258658,-0.230398,-0.216079,0.236515,-0.124890,0.294860,0.264831
-0.224676,0.003826,0.170293,-0.136695,0.251989,0.336316,0.222799,-0.237556,0.129949,-0.232951,0.114447,0.218778,-0.235798,-0.267509,0.287942,0.158412,-0.238880,0.280856,-0.228512,-0.252386
0.040160,0.275506,0.041572,-0.039963,-0.226784,0.431201,0.239397,0.393000,-0.240071,-0.265069,-0.221172,-0.202026,-0.182975,-0.043303,0.256590,-0.270720,0.085016,-0.035016,0.003936,0.263541
-0.096431,0.254376,0.060909,-0.073287,-0.006499,0.259556,-0.239333,0.068690,0.316053,-0.434389,0.398222,-0.056653,0.160799,0.038320,-0.142790,-0.102109,0.226057,-0.238377,0.412423,-0.031159
-0.121936,0.270373,0.297205,0.125302,0.210237,0.110047,-0.116838,-0.377336,-0.033198,0.065888,0.406632,0.280308,-0.227507,0.071633,-0.215827,-0.263778,0.038752,-0.264558,-0.214100,0.236450
0.301034,-0.186783,0.293566,0.228456,-0.088319,-0.162183,0.255689,-0.292907,-0.176601,0.300386,-0.031580,0.256033,-0.180366,-0.202081,-0.174002,-0.214160,0.284770,0.042773,-0.095171,0.348400
0.449614,0.048518,-0.155172,-0.154090,0.218562,0.022935,0.054210,0.114770,0.175200,0.346207,0.103245,-0.098659,0.290598,-0.004362,-0.088303,-0.032130,-0.394682,0.330779,0.094237,-0.380726
0.270088,-0.186833,0.166112,0.314941,0.094420,0.357709,-0.284944,0.227877,0.198990,-0.133753,0.392930,-0.181827,-0.149821,-0.252903,-0.017913,-0.166318,-0.086200,-0.224593,-0.131762,-0.246594
-0.243429,0.185365,-0.392379,-0.288067,0.254564,0.122413,0.104111,0.258548,-0.125345,-0.274831,0.400417,0.257334,-0.017176,0.032669,0.189300,0.121799,0.297460,0.010075,-0.162578,-0.164679
-0.232196,-0.109505,-0.294305,0.133058,-0.254506,0.137121,-0.202338,0.246600,-0.217242,-0.244143,0.205163,0.167069,0.293094,-0.240517,-0.280411,-0.294374,0.143626,0.268652,-0.225557,0.122169
0.187054,-0.254772,0.408987,0.244197,0.016146,-0.308692,0.077723,0.054697,-0.005133,0.270295,0.344464,0.263149,-0.045198,0.072205,-0.290137,0.170878,0.190497,-0.365187,0.092509,-0.093715
-0.261713,0.126533,0.366758,0.237764,-0.102176,-0.244750,-0.214057,-0.315737,-0.102614,0.143123,0.369009,0.196246,-0.155162,-0.294066,-0.224387,-0.166640,0.180297,-0.140367,0.191333,-0.159433
0.341062,-0.126797,0.335251,0.202181,0.097008,-0.302158,-0.324945,0.184787,-0.166840,-0.276599,-0.172149,0.436799,0.195514,0.104389,0.008138,0.230649,-0.073298,-0.063181,0.148825,0.123335
-0.236028,0.215389,-0.114644,-0.007692,0.095326,-0.189588,-0.286115,-0.255585,0.265894,0.197068,0.482958,-0.216931,-0.292859,0.119830,0.178908,0.093125,-0.233493,-0.093569,0.308391,0.058746
-0.110412,0.054342,0.306237,0.252956,0.005480,0.317178,0.085960,0.304123,-0.028593,0.075046,-0.024552,-0.294387,0.460967,-0.084417,0.091339,0.183241,-0.290853,-0.306028,0.243267,0.184107
0.216045,-0.214274,0.037902,0.335109,0.024315,0.170311,-0.008179,-0.248631,0.135761,-0.315573,-0.313857,0.231907,-0.115062,0.013305,-0.275734,0.314175,0.296336,0.154236,0.288825,-0.220718
0.162631,0.431322,0.453936,0.051588,-0.088357,0.207176,0.021524,-0.116665,0.081292,0.401046,0.124294,0.186813,0.031433,0.188387,0.093059,0.340532,0.227726,0.079805,0.138328,0.240281
-0.212829,-0.290151,0.288680,0.359638,0.208896,-0.089290,0.163242,-0.222103,0.210560,0.081781,0.471898,0.211270,0.002178,-0.251665,-0.295054,-0.138833,-0.099897,-0.150445,-0.094233,0.027240
0.158823,-0.078574,-0.140429,0.363998,0.066376,0.155737,0.013299,-0.294311,0.107901,0.336613,-0.375084,-0.308142,-0.178314,0.218652,-0.152993,0.387425,-0.254858,0.011545,0.147758,0.017710
0.050489,-0.261349,-0.027356,-0.287096,-0.122225,-0.229648,-0.423664,-0.306634,0.191695,-0.281701,0.119453,0.133255,0.245147,0.249160,0.243498,0.122781,-0.281000,-0.219644,-0.144449,-0.109728
0.311723,0.231001,-0.024336,0.314479,0.248800,-0.284817,-0.280196,-0.154668,-0.342591,0.205525,-0.177444,0.300372,-0.052630,0.072474,-0.129859,0.327019,0.200052,-0.173102,-0.021061,-0.144734
-0.235255,-0.207803,-0.233790,-0.261833,0.022936,-0.250421,0.251123,0.397350,-0.042073,0.258896,-0.024820,0.132896,-0.231575,0.160226,-0.087595,0.284782,0.281122,-0.015319,0.205020,0.342969
0.324643,-0.217415,-0.230354,0.029567,-0.165998,-0.118140,-0.250921,-0.276105,-0.188122,-0.182119,0.383398,-0.267383,0.286946,0.235794,0.147557,-0.188930,-0.070827,-0.291155,0.151262,0.132575
0.059337,0.561519,0.018051,0.176921,0.012076,-0.185283,0.308187,-0.138158,0.193733,0.113013,0.117305,0.103308,0.005494,0.036289,-0.216858,-0.052798,-0.249979,0.506927,0.215501,0.095924
0.146369,0.241593,-0.283494,-0.263619,-0.193184,-0.164425,-0.241174,-0.229214,0.296740,-0.011456,-0.020481,0.071319,0.318365,-0.037943,-0.303916,0.302827,0.309810,0.078125,0.055164,0.331060
-0.239250,-0.233387,0.000029,-0.190420,-0.179975,0.245446,-0.265770,0.317214,0.233123,-0.238880,-0.039881,-0.263488,0.247552,-0.251975,-0.267556,0.181817,-0.210302,-0.190612,-0.170780,0.258007
-0.124810,0.201476,-0.240558,-0.083662,0.297199,-0.284651,0.175029,-0.271473,0.237824,-0.256885,-0.211479,0.209321,-0.176443,-0.178645,-0.105892,0.054309,0.327542,-0.268227,0.287427,0.234807
-0.084273,-0.110324,-0.218469,-0.138342,-0.252800,0.244385,-0.243042,0.287684,0.222860,-0.188573,-0.266372,0.162107,0.224888,-0.239227,-0.272239,-0.279003,-0.193914,-0.130439,-0.250426,-0.298070
0.170516,0.222254,-0.096431,0.353608,0.024566,0.261351,0.037896,-0.393231,-0.041782,-0.054157,0.201593,0.139814,0.029771,-0.400262,-0.293033,0.038864,0.316723,-0.169143,-0.200697,0.282263
-0.205557,0.002297,0.046904,0.202187,-0.196518,-0.012881,-0.326235,-0.435666,0.401749,0.091133,-0.037310,0.263404,0.047574,-0.372224,-0.070704,0.151791,0.237907,0.195299,-0.094348,0.258194
