-0.100667,-0.029972,-0.167921,-0.024323,-0.062807,0.271514,-0.093042,0.012485,0.188772,0.289774,0.032212,0.547251,0.214024,0.209499,-0.425289,-0.142467,-0.225356,-0.009406,0.293833,-0.159691
0.263077,-0.275402,0.437978,0.169908,-0.000641,0.060662,-0.127965,-0.064279,-0.047442,0.066698,0.024863,0.188899,0.387143,0.189602,0.204866,0.386342,-0.348987,-0.030572,0.150116,-0.211524
-0.251654,-0.260827,-0.106829,-0.024088,-0.242314,-0.224934,-0.276135,-0.235992,0.279226,0.185716,-0.279454,0.003181,0.310442,0.181727,0.294179,0.260838,0.160040,-0.210429,-0.053329,-0.260992
-0.034888,0.027984,-0.280515,0.009814,-0.130388,0.251049,0.064139,0.310482,0.351394,0.314783,-0.292321,0.237112,-0.164756,0.091925,0.018969,0.382165,-0.220642,-0.350879,-0.071615,-0.124509
0.384789,-0.227017,0.086702,-0.097244,-0.132510,0.353676,0.129025,0.118440,-0.206985,0.267044,-0.245440,-0.218898,0.162892,0.251135,0.297732,0.100602,0.295079,-0.193530,0.166418,-0.217270
0.375755,-0.290307,-0.254314,0.196241,-0.173803,0.347644,-0.222423,0.211495,-0.165663,-0.061653,-0.237476,-0.158525,0.173490,0.115439,-0.117087,-0.240232,-0.234174,0.102819,-0.241696,0.273196
-0.235149,-0.212254,-0.186867,0.242929,-0.192232,0.098244,0.276121,0.057880,-0.236783,-0.268634,0.086962,0.110131,-0.230463,0.271470,-0.242487,0.242148,0.108709,0.251042,0.281314,0.365209
-0.230824,-0.238648,-0.254673,-0.185064,0.257152,-0.217787,0.202750,-0.175263,-0.007700,-0.051815,0.238167,-0.269503,-0.280416,-0.105981,0.257291,-0.203293,0.323755,-0.186749,-0.284460,-0.234897
-0.111606,-0.222243,-0.218060,-0.232085,0.215362,0.254061,-0.197525,0.148102,0.225440,0.199850,0.241404,-0.259123,-0.175641,-0.248961,0.221610,-0.280030,0.326262,0.214367,-0.257438,-0.098201
-0.160520,-0.147502,-0.199088,0.248331,-0.215397,-0.183603,-0.197470,0.238506,-0.252254,-0.231196,-0.255870,0.244034,0.213853,-0.272542,0.229851,-0.294742,-0.088311,-0.290604,-0.206587,-0.196056
-0.162498,-0.179879,0.164683,0.250960,0.221927,-0.096557,0.131323,-0.298689,0.257193,0.109235,-0.308603,0.371163,0.279252,-0.132058,-0.226262,-0.133057,-0.266175,0.294081,0.081780,-0.216061
-0.194897,0.278207,-0.238241,-0.118149,-0.218056,0.421502,-0.298706,0.256727,-0.252759,-0.222080,-0.119976,0.175869,0.044625,-0.239640,0.251544,-0.094139,-0.045471,-0.270426,-0.213318,0.150875
-0.141693,-0.192674,0.270833,-0.315413,0.236878,-0.105710,-0.175459,-0.251804,0.248977,-0.206302,-0.271671,-0.205908,-0.266730,0.279431,-0.238733,0.241765,0.281153,0.187275,-0.062454,-0.071022
-0.200872,-0.108138,-0.201525,-0.239634,-0.275814,-0.224784,-0.239191,0.274184,-0.246277,-0.238820,0.236094,-0.194306,-0.239114,0.202253,-0.255412,-0.053894,0.289689,-0.277416,0.135669,-0.185040
0.182545,-0.301980,-0.145784,0.296126,-0.051040,0.057414,0.132956,0.131071,0.310209,0.305259,-0.284390,0.372592,0.275720,0.146792,-0.129407,0.238731,-0.256914,0.181554,0.209819,-0.048676
0.208606,-0.063100,0.509304,0.207454,-0.204115,0.209398,-0.164833,0.085135,0.121064,0.079023,0.122242,0.261322,0.215609,0.148358,-0.283559,0.328645,-0.108410,-0.175916,-0.278123,-0.221472
-0.040109,-0.086484,0.122363,-0.195701,-0.059928,-0.171877,-0.286727,-0.088580,-0.334067,-0.041176,0.239010,-0.282004,-0.338470,0.329635,-0.151906,-0.268972,0.038912,-0.229906,-0.353196,-0.258338
0.419089,0.323503,-0.243207,-0.156466,0.095457,-0.053615,-0.046528,0.055057,0.011763,0.476895,0.280625,0.194419,0.013432,-0.247644,0.081578,0.309530,0.253930,-0.040400,0.028578,0.209474
0.436350,-0.228258,0.555773,-0.047578,-0.033853,-0.145321,0.149523,-0.203256,0.098378,0.203518,-0.101361,0.249793,0.294309,-0.236418,-0.029966,0.260154,-0.135390,0.065480,0.031277,0.044284
0.170093,-0.234787,0.488815,0.252623,-0.242356,-0.186476,-0.033999,-0.266465,-0.153971,-0.208891,-0.138151,-0.195518,-0.214582,0.175700,-0.016348,-0.010395,-0.288083,0.261064,-0.206590,0.227472
0.212722,-0.418885,0.206727,0.018783,0.046402,0.281247,-0.008914,0.067093,-0.148292,0.237397,0.131845,0.275170,-0.027325,0.475771,0.257946,0.097009,0.129736,0.028763,0.361634,0.165599
-0.266562,-0.307348,-0.250888,0.235111,-0.274268,0.186506,-0.231980,0.033762,0.183260,-0.212515,-0.249452,-0.196385,-0.179130,-0.183262,0.153614,0.248353,-0.294736,0.200093,-0.297780,-0.072315
0.080128,-0.067115,0.436586,0.128969,0.037232,0.112615,-0.326773,-0.079666,-0.019842,0.189876,0.311534,0.347980,-0.169227,0.138291,-0.252972,0.276617,-0.039150,0.007174,-0.425582,-0.170504
-0.254596,0.297585,-0.222085,-0.203343,0.268889,-0.014351,0.243286,-0.041486,-0.268862,0.137602,0.239262,-0.273644,0.213193,-0.276792,0.236097,0.092333,0.309345,-0.068999,-0.237576,0.236556
-0.175002,-0.030617,-0.300976,0.030150,-0.210639,0.243906,-0.320053,0.114654,0.256107,-0.212344,0.218256,-0.173270,0.110421,-0.254443,0.236766,0.270934,0.398068,-0.002974,0.092551,-0.309409
0.009292,0.127725,0.539640,-0.077101,-0.283063,0.106644,0.053430,-0.262373,0.284333,0.067165,-0.115637,0.214317,-0.305509,0.351437,-0.037413,0.261170,-0.192093,0.075313,0.219591,-0.036686
0.422039,-0.220890,0.183328,0.249711,-0.022752,0.380027,-0.090703,-0.090480,0.192622,0.164452,-0.315160,-0.162999,-0.218771,0.244080,-0.208241,-0.272669,0.197200,-0.025010,0.038487,0.244108
-0.297658,-0.116617,0.448494,0.186072,0.103352,0.128704,0.169566,-0.026004,0.169120,0.231944,0.050972,0.307490,0.340349,0.325535,-0.297930,0.276999,-0.128359,0.026304,0.134366,0.057305
0.629019,0.019035,-0.073077,0.015853,0.011598,-0.136896,-0.281223,0.175152,-0.406502,0.149326,0.163114,0.048684,-0.013025,0.088926,0.020665,-0.204879,-0.326727,0.029348,0.059445,0.302651
0.016039,-0.157087,-0.267999,-0.173084,0.211075,-0.240980,0.243082,-0.056970,0.231185,-0.197567,0.168366,-0.233302,-0.250373,-0.264791,0.218998,0.136442,0.297776,0.241584,-0.188261,0.388868
-0.127409,-0.236528,-0.148634,0.123643,0.270537,-0.291641,0.070415,-0.197265,-0.257001,-0.198684,-0.270602,0.276375,0.222808,-0.202555,-0.257955,0.167859,-0.290030,-0.197148,0.216100,-0.279497
-0.210447,0.119459,-0.198569,0.276248,-0.271694,-0.273509,0.257931,-0.118062,0.227098,-0.246709,0.281901,0.198798,0.219666,0.196904,0.140254,0.113346,0.311232,-0.270604,0.173435,0.213224
0.329233,0.166983,0.186669,0.024279,0.295680,0.261231,-0.000561,0.129651,-0.273754,0.221465,0.181715,-0.353936,-0.283027,-0.240753,0.029973,-0.212147,0.085246,-0.324100,0.026456,0.276679
-0.246148,-0.213886,-0.263795,0.286246,0.255215,0.164426,-0.245631,0.259388,0.210013,0.095063,-0.271620,-0.119206,0.304021,0.005782,-0.211808,0.323933,-0.020663,0.179447,-0.218701,-0.241882
-0.112354,-0.278971,-0.205116,0.282794,0.194075,0.084737,-0.294329,0.314735,0.249719,-0.297833,0.194119,0.138501,-0.307708,-0.219792,0.109638,0.184192,0.339072,-0.173257,-0.086454,-0.087418
-0.131500,-0.141026,-0.243179,0.226154,0.245799,0.307292,0.206351,-0.228024,0.126620,-0.134936,-0.237709,-0.148502,-0.259156,0.230862,0.268743,0.145721,0.333845,-0.228146,-0.245909,-0.228970
0.173570,0.124845,-0.067068,-0.104172,-0.190761,0.366876,0.160690,0.270631,-0.163713,0.330404,0.332662,-0.156569,-0.115803,0.278640,0.219262,0.315426,0.207243,-0.277826,0.062385,-0.187328
-0.139445,0.283344,0.101951,0.041876,-0.217505,-0.090262,-0.413764,0.523058,0.127806,0.061326,-0.229916,0.066399,0.064169,0.082411,0.195734,-0.196477,0.014978,-0.233366,0.328697,0.244872
-0.266996,-0.183644,0.235124,0.296031,0.261827,-0.098983,0.218973,-0.064901,0.277458,0.284075,-0.099946,-0.129245,-0.130564,-0.238396,-0.219052,0.303663,-0.221243,-0.283063,-0.226373,-0.206861
0.409687,-0.252588,-0.262748,0.035429,-0.114199,0.361523,0.164401,-0.108463,-0.164098,-0.226063,-0.159128,-0.247567,-0.237797,0.245795,-0.249010,-0.077918,0.169182,0.149739,-0.213472,0.263124
-0.239055,0.262934,0.087082,0.014221,0.150652,0.319158,-0.009375,0.017692,0.332573,0.258532,0.097750,-0.121518,-0.204133,-0.238871,0.349705,-0.273118,-0.231759,0.237703,0.281077,-0.233181
-0.301970,0.050917,-0.028434,0.239452,0.309540,0.188837,-0.147440,-0.060630,0.315150,-0.116216,-0.115359,-0.154510,-0.289828,0.309236,0.282612,0.197506,0.241167,0.194091,0.193382,-0.330826
-0.362861,-0.140541,-0.009574,-0.176575,-0.032843,-0.045819,-0.265177,0.421278,-0.274113,0.259297,-0.179377,-0.205515,0.042098,0.260478,-0.050970,0.054859,0.204951,0.292876,0.155192,-0.349939
-0.209329,-0.135600,-0.213470,-0.096466,0.250998,0.270084,-0.253846,0.148366,0.121476,-0.250005,-0.178619,-0.270860,0.206059,-0.237924,0.231850,-0.247491,-0.149141,0.272565,0.211948,0.349948
0.247735,-0.059505,-0.046178,-0.011917,0.135250,0.214601,0.232931,-0.332985,-0.057660,0.203280,-0.108875,0.133680,0.200764,0.457301,0.038308,0.308985,-0.125838,0.368252,0.183282,0.312333
0.101344,-0.172739,-0.209160,0.249549,-0.253998,-0.234799,0.212146,0.099359,0.315711,0.130705,-0.265519,0.275984,0.333280,0.188612,-0.197085,-0.122251,-0.219040,-0.245822,0.121210,-0.303946
0.495111,-0.069713,-0.105008,0.177646,-0.349281,0.063611,-0.031139,-0.153634,-0.030638,0.262299,0.079915,0.033252,0.157586,0.192288,-0.294985,0.300751,0.227352,-0.195609,-0.334376,-0.196310
0.014868,0.262992,0.133712,0.298289,-0.190177,0.302656,0.070872,0.208618,0.302796,0.174542,0.261115,0.266048,0.260761,0.136858,-0.257729,0.057713,-0.218488,0.246523,0.218280,-0.271470
-0.429015,0.125277,0.085807,-0.164234,-0.268521,0.380476,-0.198207,0.102401,-0.318400,0.359411,0.296302,0.131539,-0.016903,-0.270963,-0.062649,0.246880,-0.015971,0.005064,0.110342,0.112200
0.311238,-0.289590,0.187727,0.275530,-0.265072,0.083529,-0.292488,-0.208046,-0.255299,0.220186,-0.176037,0.260085,0.211926,-0.235916,0.064625,0.208607,-0.341250,0.131550,0.058075,0.065981
0.302060,-0.169363,0.299064,0.345593,-0.092849,0.147222,0.223151,0.009290,0.094665,0.076855,-0.224716,0.075835,0.204559,0.221879,-0.181794,0.427066,-0.165084,0.244767,0.244522,-0.257769
-0.275525,0.095871,-0.227294,-0.055186,-0.158166,-0.280070,-0.167756,0.258311,0.358135,0.084072,0.357513,-0.022689,0.196139,0.083282,-0.168802,-0.133562,0.254477,-0.339743,-0.353168,-0.039432
0.078736,-0.414167,0.248461,0.167097,0.043627,-0.093078,0.186048,-0.095611,-0.345683,0.106527,-0.458247,0.341965,-0.287680,0.137252,-0.065353,0.126989,0.283390,-0.012522,0.069257,0.115136
0.205200,-0.100992,-0.145303,0.165455,0.330607,-0.052939,0.185532,0.163877,-0.172897,0.412953,-0.241464,-0.231639,0.284395,0.216640,0.257323,-0.230070,0.040194,0.103176,0.087117,-0.382920
-0.170824,-0.252667,-0.224155,0.194163,0.246690,0.399243,-0.259371,-0.205337,-0.275956,-0.119896,0.256573,-0.228984,-0.192327,0.038157,-0.185865,-0.076658,-0.150036,0.255807,-0.260370,-0.214353
0.487502,0.097968,-0.334367,-0.189461,-0.257440,0.120932,0.216237,-0.238483,0.150528,-0.196708,-0.172892,0.238150,0.002131,0.123048,0.131453,0.203207,0.216559,-0.087354,0.228707,0.303315
-0.231577,0.279127,-0.203351,-0.205092,-0.186539,-0.213352,0.099940,0.119540,0.226318,0.268540,-0.297897,0.325057,-0.146899,0.270036,-0.197201,0.323305,-0.231881,0.121597,0.034435,-0.234651
0.165843,-0.269847,-0.071228,0.006558,-0.154760,0.013540,-0.416603,0.092113,-0.109240,0.209744,-0.061499,-0.458552,0.142107,0.264748,-0.413014,0.280311,0.279332,0.017404,0.024613,-0.005643
0.472060,-0.144018,-0.238524,-0.185507,0.299175,0.422262,0.022825,0.021282,-0.080452,0.148563,0.183987,-0.142694,-0.050755,0.191167,0.222523,-0.199363,0.189078,-0.145499,0.357659,-0.018646
-0.070826,-0.203573,0.073974,-0.218658,-0.212310,-0.245132,-0.202762,0.277596,-0.256684,-0.094107,-0.213857,-0.259963,-0.264609,0.221425,0.179583,-0.270417,-0.204328,-0.250042,-0.209596,0.340939
0.013625,-0.252529,-0.178170,0.299533,-0.272938,-0.290590,-0.174027,-0.020591,-0.244777,-0.275390,0.294744,-0.277716,0.039127,0.133787,0.159855,-0.284996,-0.253414,0.192102,-0.288593,-0.120678
-0.020921,-0.214715,0.063390,-0.220223,0.281277,-0.238229,0.257411,-0.141833,-0.001140,-0.258409,-0.225109,-0.101133,0.135027,-0.267599,0.280136,-0.066166,0.311001,0.283353,-0.252249,0.371055
-0.177693,-0.203418,0.350867,0.024641,-0.244622,-0.176037,0.020150,0.250088,0.232353,-0.278128,0.254712,-0.305111,0.068716,0.228495,-0.019371,-0.416927,0.236363,0.100804,-0.066351,0.242224
0.352093,0.009220,0.502135,-0.201054,0.008024,0.211248,0.163751,0.033485,-0.027569,0.176124,-0.236536,0.347272,0.245352,-0.154733,0.031029,0.295313,-0.173690,-0.227250,0.111371,0.189482
