0.026761,-0.019329,-0.288780,0.119060,-0.153277,0.455257,-0.306028,-0.243823,0.248712,0.001396,0.106104,-0.009377,0.047143,0.220086,0.223869,-0.148491,-0.023858,0.194805,0.422488,-0.323170
-0.281723,-0.335792,-0.266603,0.078913,-0.006289,-0.100054,0.079409,-0.421920,0.003605,0.175325,-0.144007,0.247478,-0.117959,0.236429,0.069815,-0.443384,-0.349736,-0.156796,-0.002035,-0.072680
0.220375,0.289919,-0.215266,0.314053,0.105121,-0.252116,-0.114160,-0.037245,-0.266822,-0.083982,-0.011250,0.318761,0.238064,-0.336786,0.243874,-0.159967,0.236878,-0.348039,-0.136822,0.047668
-0.401071,0.276815,0.407245,0.027784,-0.003528,-0.154417,-0.239896,0.042489,0.087571,-0.147907,-0.288256,0.093841,-0.219725,-0.181128,0.032156,-0.185243,0.250682,-0.265465,-0.188514,-0.325506
0.427055,0.158413,0.079188,0.192349,-0.254186,0.100441,-0.133415,-0.165612,-0.188519,-0.212235,-0.215928,-0.283343,0.201883,-0.144963,0.224715,-0.214005,0.271334,-0.207022,-0.268628,0.274109
0.427154,0.057419,-0.270415,0.168584,0.256843,-0.150084,-0.205512,-0.164890,-0.133088,-0.130228,-0.242287,0.119659,-0.204505,0.267514,-0.180061,0.161602,0.179178,0.336589,0.222070,0.283641
-0.004535,0.141030,0.393129,0.255996,-0.220886,-0.011994,0.175295,-0.229987,0.091877,-0.296082,-0.237260,-0.268913,0.244948,-0.197808,0.145730,-0.266704,0.209668,0.309602,0.157563,-0.215872
0.227457,-0.114839,-0.328349,0.241389,-0.283612,-0.128645,0.158618,-0.177268,0.088843,0.344510,-0.100790,-0.248696,0.245321,-0.253890,0.218237,-0.038050,-0.266918,-0.187235,-0.258898,-0.264175
-0.104011,0.264792,-0.212540,0.198875,-0.290519,-0.208334,0.226052,0.247139,0.229003,0.272578,0.245938,-0.246240,-0.279112,-0.268780,-0.096039,-0.078671,-0.147208,-0.223289,0.237347,-0.230390
-0.110657,0.300123,-0.294281,0.176302,-0.232722,-0.163943,0.207408,0.251268,-0.228410,-0.211781,0.200138,-0.262692,0.202421,-0.309779,-0.266777,0.279363,0.049310,0.230659,0.208382,-0.038897
0.298746,0.070653,0.349407,-0.186001,-0.210078,-0.250906,0.220798,-0.238457,-0.325259,-0.236461,-0.189951,0.249898,-0.058460,0.244263,-0.198913,-0.224957,-0.112069,-0.224062,-0.132458,0.206343
0.284861,0.061441,-0.187603,-0.144565,0.069160,-0.020204,-0.176824,0.325428,0.359918,0.011382,0.360629,0.300613,-0.056174,0.227019,0.254633,-0.256202,-0.232334,-0.035902,-0.221823,-0.277287
-0.240901,0.283855,-0.035827,-0.226161,0.154585,0.419143,-0.210146,0.004008,-0.257369,-0.256751,0.103388,-0.059558,0.148044,0.166454,-0.171934,-0.289356,0.281386,0.290379,0.232761,0.195506
0.278517,-0.157330,-0.252708,0.247505,0.142241,-0.248013,-0.254442,0.049250,-0.243809,0.155809,-0.237037,-0.253044,0.155523,-0.217735,0.198871,-0.203197,-0.199736,0.215842,-0.210865,0.369228
-0.160594,0.270408,-0.197878,0.328101,-0.154413,-0.205815,0.198963,0.297695,-0.070371,0.251641,0.222419,0.122779,-0.065340,-0.259757,-0.215951,-0.066610,-0.318465,-0.229718,-0.279026,-0.268684
0.135650,-0.072515,-0.100044,-0.117552,-0.457981,-0.226970,0.068624,-0.262226,0.094263,0.083530,-0.096414,0.109376,0.168676,0.135412,-0.013933,0.343686,0.471962,0.197849,0.205549,0.333786
-0.084975,-0.314774,-0.000827,0.069993,0.244132,-0.272111,0.275074,0.370724,-0.027169,-0.203572,0.194375,0.004330,-0.016154,0.191067,-0.346384,-0.200478,0.410966,0.291198,-0.092538,0.053632
0.406171,-0.001034,0.223330,-0.146183,-0.213569,-0.079545,-0.000126,0.136089,0.078177,0.156203,0.473694,-0.098609,0.004319,0.046563,0.013704,0.214843,-0.028193,0.532406,-0.213768,0.224094
0.229313,0.030359,0.380942,0.135835,-0.244574,0.183500,-0.402670,0.262226,0.235186,0.077121,-0.223504,0.099625,0.041268,0.370523,0.337342,0.098313,-0.070922,0.116429,-0.174860,-0.160545
-0.205914,0.032809,0.413538,0.352606,0.068257,0.276336,-0.127726,-0.288457,0.096596,-0.328385,0.229339,0.092832,0.248027,0.214009,-0.051735,-0.185026,0.099378,0.283479,-0.119274,0.231440
0.257736,0.155132,0.111965,-0.127162,0.369875,-0.020741,-0.101236,0.054464,0.225272,0.177622,0.136561,0.193758,0.016087,-0.376534,0.037253,0.345007,-0.029973,0.392162,0.358981,0.214120
-0.248611,0.196697,-0.168396,0.218087,-0.279756,0.335579,0.089338,-0.331636,-0.249004,0.151480,-0.205228,0.148221,0.309823,-0.253779,0.130762,0.226582,-0.224676,-0.212118,0.203422,-0.004556
0.254468,-0.031812,0.573152,-0.049193,0.001222,0.271776,0.054421,0.032641,0.140337,0.023855,-0.120241,-0.464538,0.128464,0.321273,0.066098,-0.280663,0.029426,-0.177726,0.117055,-0.160901
-0.238484,0.252699,-0.273345,-0.251603,-0.140193,0.214017,-0.249608,-0.066315,-0.245849,0.180583,-0.106091,-0.244137,0.096665,-0.261959,0.243591,0.198281,0.199580,0.020332,-0.231905,0.417772
0.129463,-0.121826,-0.428633,0.033776,-0.175561,-0.137146,-0.306015,-0.324817,-0.248648,0.048526,0.250419,0.176745,0.045840,0.099674,-0.040106,0.270950,0.433216,0.020538,0.235060,-0.214963
0.188251,0.019789,0.527934,0.216017,-0.184573,-0.267151,0.076565,-0.174081,-0.291444,0.114682,-0.000296,-0.179635,0.207693,0.290810,-0.224607,0.239365,-0.226570,-0.245693,-0.001543,0.140280
0.260444,0.166513,-0.160090,-0.255793,0.009416,0.201983,0.107391,-0.181717,-0.247610,0.241579,-0.293812,-0.275915,0.234685,-0.215792,-0.261611,0.254067,0.256826,0.274488,-0.102884,0.243508
0.109328,-0.314560,0.156536,-0.397534,0.011720,0.209300,0.119397,-0.070676,-0.053401,-0.036942,0.363722,0.097000,0.298919,-0.168170,-0.007289,-0.408396,-0.023486,0.239387,-0.202300,-0.337921
0.502576,-0.296793,0.211205,0.003734,-0.175830,0.473294,-0.226051,0.004203,0.061116,-0.062146,0.263780,-0.197118,0.011956,0.085187,-0.178979,0.077784,-0.061996,0.255274,0.037077,-0.277076
0.231261,-0.108070,-0.307974,0.268364,0.293398,0.144261,-0.225101,0.148213,-0.201603,-0.228089,0.232832,0.265498,0.130608,-0.247906,0.277643,0.227987,-0.213414,-0.204045,0.257633,-0.099686
0.359573,0.094371,-0.252696,0.157085,0.129569,0.350831,0.218619,0.279445,-0.190504,-0.310147,0.083909,-0.192262,-0.174806,0.213445,-0.271988,-0.182827,0.087873,0.292029,0.181794,-0.146484
-0.186485,0.273703,0.071958,0.211130,0.267615,-0.152332,0.200897,-0.194784,-0.254563,0.210704,0.226047,-0.271773,-0.236784,-0.128656,0.123728,0.290977,-0.055380,-0.255836,0.237393,0.368520
0.140231,0.124322,0.163730,0.267052,0.001482,0.494804,0.282498,-0.232724,-0.330917,-0.021739,-0.176976,0.057248,-0.255219,0.058866,-0.205045,0.190873,0.219823,0.102243,-0.048258,0.367691
0.260200,-0.249421,-0.100503,0.321985,-0.181993,-0.227674,0.319023,0.044409,-0.160593,0.290676,0.374649,-0.166516,0.024153,-0.325423,0.022509,-0.018953,0.123308,-0.319189,-0.248806,0.053778
-0.150888,0.311831,0.028926,-0.229353,0.273553,-0.263650,0.142499,-0.216309,-0.025493,-0.264793,0.258981,0.265966,-0.205744,-0.328956,-0.323164,-0.256761,-0.215430,-0.096425,0.159884,-0.066091
-0.222550,0.222091,-0.239674,0.196107,0.216567,0.335595,-0.126105,-0.189837,-0.217782,0.227077,-0.180261,-0.243413,-0.240448,-0.258137,0.212756,0.292201,-0.058795,-0.211517,-0.227202,-0.219385
0.204415,-0.221925,-0.302274,-0.108088,-0.096307,-0.098231,-0.306923,0.313779,0.060491,-0.241607,-0.057127,-0.300232,0.000067,-0.051049,0.262508,0.418005,0.091135,-0.038567,-0.237859,-0.355356
-0.185106,0.218953,-0.306932,-0.241418,0.223287,-0.346784,-0.081451,0.372492,0.160504,0.212271,0.064094,0.383898,0.003499,-0.060198,0.230507,0.188215,0.034676,0.016969,0.145887,-0.335455
-0.181078,0.291122,0.257062,0.007062,0.319150,-0.305563,0.192953,0.295712,0.106991,-0.198492,0.394129,0.066826,0.013281,-0.170542,-0.294600,-0.033056,-0.237652,0.011519,-0.229705,-0.243430
0.033301,-0.113391,-0.058924,-0.292535,0.145163,0.426689,-0.262347,-0.295619,-0.042657,-0.125430,-0.262161,-0.280866,0.263583,0.287372,-0.060872,-0.004881,0.275761,-0.193085,-0.186260,0.262031
-0.106252,-0.157304,-0.279385,-0.298963,0.123798,-0.232356,0.129132,0.000242,0.363503,-0.155548,0.120385,-0.207994,-0.269684,-0.086605,-0.212298,0.309317,-0.163179,-0.357688,0.237939,-0.253568
-0.167782,0.186558,-0.027911,0.157446,0.235541,-0.162802,0.203417,0.379307,-0.209256,0.415391,-0.128548,-0.293756,-0.134477,-0.308317,-0.102486,-0.052202,-0.285239,0.160128,0.202919,-0.224803
-0.392042,0.208872,-0.231951,0.374510,0.169684,0.008644,0.286433,-0.074814,-0.280067,0.375057,-0.111729,0.269639,0.069454,-0.087938,0.070345,-0.190021,-0.045036,-0.218273,-0.254405,-0.140740
-0.063381,-0.234948,-0.264727,-0.230661,-0.233121,0.243171,-0.230205,-0.155115,0.223057,0.239479,0.216277,0.068865,-0.232806,-0.259907,-0.246114,0.256705,-0.120399,-0.210363,-0.215063,0.339296
0.051928,-0.037671,0.540231,-0.365470,0.008084,-0.324926,0.181102,-0.063694,-0.009973,-0.066009,0.216008,0.013893,0.243914,0.195588,-0.229923,0.333119,-0.306652,0.026953,-0.120961,0.075395
-0.097334,-0.126147,0.320904,0.358900,-0.206337,-0.270621,0.269139,0.258876,-0.104790,-0.207029,-0.039860,0.307633,0.025660,-0.238577,0.221654,-0.151165,-0.219050,-0.176038,0.198827,-0.299047
0.101021,-0.064206,-0.047297,-0.313920,-0.480510,0.191169,0.146770,0.002313,0.141349,0.306034,0.095167,0.190179,0.168410,0.391150,0.043783,0.277921,-0.105740,-0.217389,0.285321,-0.191524
-0.192638,0.230689,0.346494,0.254206,0.242568,-0.185397,-0.230660,0.190373,-0.234191,-0.053137,-0.164854,0.285572,-0.165764,-0.166033,0.120541,0.332658,0.146806,-0.228348,-0.216874,-0.273815
-0.340250,-0.006489,-0.007362,0.021133,-0.028727,0.528997,-0.004900,0.072976,0.017146,0.161289,0.420137,-0.089750,0.058862,-0.264349,0.105641,0.310033,-0.320450,0.255253,0.043795,0.190815
-0.022281,-0.149309,0.393583,0.196981,0.018480,-0.297495,0.241685,-0.324108,-0.028933,-0.275726,-0.314361,-0.013381,-0.169401,-0.037854,0.071541,-0.125530,-0.377198,0.262233,0.118779,-0.281382
-0.101446,0.046166,0.421679,-0.122879,-0.380038,0.047614,0.037558,0.163775,0.075249,-0.331045,0.122456,-0.333604,0.069895,0.274533,0.126450,0.404983,-0.107165,-0.144427,0.155946,-0.247545
-0.321524,0.254061,0.215844,-0.024035,0.204785,-0.136806,0.129043,0.332310,0.277188,0.352041,0.299221,0.167009,-0.103031,0.251600,-0.050999,0.254602,-0.212998,-0.270979,-0.136960,0.009278
-0.238220,0.001389,0.094183,0.358899,-0.093961,-0.296048,-0.251636,-0.101127,-0.148627,-0.141635,0.326468,-0.384640,-0.149993,0.338888,0.008430,0.034052,-0.161073,0.375345,-0.177719,0.043406
-0.199363,0.013918,0.172956,0.280846,-0.334960,-0.308433,-0.020336,0.431500,0.295450,-0.014479,0.150900,0.233431,0.080602,0.218816,0.338955,0.177640,-0.295449,0.033181,0.046692,0.034374
-0.203603,0.267840,-0.147638,0.202178,-0.206006,-0.118155,0.046874,-0.127215,0.271842,0.313025,0.350238,0.194286,-0.198034,0.246327,0.332101,0.041807,-0.240714,-0.229138,-0.139638,-0.274188
0.429415,0.087527,0.164989,-0.048490,0.068892,0.490441,-0.362832,-0.220765,-0.138389,0.113202,0.001361,-0.156423,0.179566,0.066120,0.031381,0.299299,0.040421,0.012782,-0.339419,0.228227
0.186805,0.152279,0.021370,-0.142102,0.313102,0.242858,-0.242169,-0.195028,-0.257355,0.313387,-0.163531,-0.085876,-0.216518,-0.269566,-0.001676,-0.258952,-0.269004,-0.208593,0.215577,-0.346494
0.507887,0.301385,-0.181446,0.035214,0.006703,0.603603,-0.066477,-0.031197,0.043038,-0.179599,-0.132080,-0.015610,-0.037125,0.072877,-0.002335,-0.280364,0.040298,0.189610,0.026081,-0.268195
0.427495,-0.107752,-0.295839,0.203865,0.227381,0.406595,0.152269,0.085844,0.220225,-0.020320,-0.235888,-0.166324,-0.152626,0.061212,-0.138211,-0.190775,0.229758,-0.143820,0.269630,-0.260860
-0.229907,0.241008,-0.210565,-0.224094,-0.228162,-0.209187,0.229608,-0.249565,-0.210748,0.230389,0.161049,-0.181351,-0.222352,-0.261055,-0.217168,0.151854,0.295625,0.258776,-0.256055,-0.140104
0.279110,0.248496,-0.213252,0.270858,-0.220729,-0.244927,0.165076,0.101731,0.013634,0.036492,0.348986,-0.151626,0.182692,-0.256767,-0.265220,0.180011,-0.186979,-0.174620,-0.327785,-0.271938
-0.140466,0.263991,-0.280486,0.226424,-0.119718,0.236934,-0.203464,0.201989,0.255853,-0.239019,0.225410,0.171002,-0.279625,-0.237902,0.204924,0.235891,0.296342,-0.219438,-0.235255,-0.039825
0.398521,0.140906,-0.141467,0.119833,-0.396695,-0.229696,0.012187,0.093283,-0.255908,0.096467,0.252404,-0.404331,-0.427066,0.096033,0.021211,-0.076672,-0.223507,-0.007390,-0.043259,0.127171
0.186576,0.317063,0.451329,0.362332,0.076871,0.171399,-0.129479,-0.368271,-0.124845,0.116382,0.024181,0.059090,0.445328,0.092239,0.009076,0.090323,-0.011364,0.249818,0.043252,0.171231
